"Status","Year","Ethnicity","Function_of_post","Parent_department","Region_london","Headcount","FTE","Mean_salary","Median_salary"
"In post","2023","Asian","Analysis","Attorney General's Departments","London","[c]","[c]","[c]","[c]"
"In post","2023","Asian","Analysis","Attorney General's Departments","Outside London","[c]","[c]","[c]","[c]"
"In post","2023","Asian","Analysis","Cabinet Office","London","10","10","[c]","[c]"
"In post","2023","Asian","Analysis","Cabinet Office","Outside London","[c]","[c]","[c]","[c]"
"In post","2023","Asian","Analysis","Cabinet Office","Unknown","[c]","[c]","[c]","[c]"
"In post","2023","Asian","Analysis","Chancellor's other departments","London","30","30","50530","46970"
"In post","2023","Asian","Analysis","Chancellor's other departments","Outside London","[c]","[c]","[c]","[c]"
"In post","2023","Asian","Analysis","Charity Commission","London","[c]","[c]","[c]","[c]"
"In post","2023","Asian","Analysis","Charity Commission","Outside London","[c]","[c]","[c]","[c]"
"In post","2023","Asian","Analysis","Competition and Markets Authority","London","10","10","[c]","[c]"
"In post","2023","Asian","Analysis","Competition and Markets Authority","Outside London","[c]","[c]","[c]","[c]"
"In post","2023","Asian","Analysis","Department for Business, Energy and Industrial Strategy","London","30","30","[c]","[c]"
"In post","2023","Asian","Analysis","Department for Business, Energy and Industrial Strategy","Outside London","5","5","[c]","[c]"
"In post","2023","Asian","Analysis","Department for Digital, Culture, Media and Sport","London","10","10","[c]","[c]"
"In post","2023","Asian","Analysis","Department for Digital, Culture, Media and Sport","Outside London","[c]","[c]","[c]","[c]"
"In post","2023","Asian","Analysis","Department for Education","London","25","25","[c]","[c]"
"In post","2023","Asian","Analysis","Department for Education","Outside London","25","25","[c]","[c]"
"In post","2023","Asian","Analysis","Department for Environment, Food and Rural Affairs","Outside London","5","5","[c]","[c]"
"In post","2023","Asian","Analysis","Department for International Trade","London","30","30","50050","55370"
"In post","2023","Asian","Analysis","Department for International Trade","Outside London","[c]","[c]","[c]","[c]"
"In post","2023","Asian","Analysis","Department for Levelling Up, Housing and Communities","London","25","25","[c]","[c]"
"In post","2023","Asian","Analysis","Department for Levelling Up, Housing and Communities","Outside London","10","10","[c]","[c]"
"In post","2023","Asian","Analysis","Department for Transport","London","30","30","[c]","[c]"
"In post","2023","Asian","Analysis","Department for Transport","Outside London","[c]","[c]","[c]","[c]"
"In post","2023","Asian","Analysis","Department for Work and Pensions","London","25","25","[c]","[c]"
"In post","2023","Asian","Analysis","Department for Work and Pensions","Outside London","20","20","[c]","[c]"
"In post","2023","Asian","Analysis","Department for Work and Pensions","Unknown","[c]","[c]","[c]","[c]"
"In post","2023","Asian","Analysis","Department of Health and Social Care","London","40","40","36720","33500"
"In post","2023","Asian","Analysis","Department of Health and Social Care","Outside London","[c]","[c]","[c]","[c]"
"In post","2023","Asian","Analysis","Estyn","Outside London","[c]","[c]","[c]","[c]"
"In post","2023","Asian","Analysis","Food Standards Agency","London","[c]","[c]","[c]","[c]"
"In post","2023","Asian","Analysis","Food Standards Agency","Outside London","[c]","[c]","[c]","[c]"
"In post","2023","Asian","Analysis","Foreign, Commonwealth and Development Office","London","5","5","[c]","[c]"
"In post","2023","Asian","Analysis","Foreign, Commonwealth and Development Office","Outside London","[c]","[c]","[c]","[c]"
"In post","2023","Asian","Analysis","Foreign, Commonwealth and Development Office","Overseas","[c]","[c]","[c]","[c]"
"In post","2023","Asian","Analysis","HM Land Registry","London","[c]","[c]","[c]","[c]"
"In post","2023","Asian","Analysis","HM Land Registry","Outside London","[c]","[c]","[c]","[c]"
"In post","2023","Asian","Analysis","HM Revenue and Customs","London","70","65","49920","45950"
"In post","2023","Asian","Analysis","HM Revenue and Customs","Outside London","35","35","42370","41780"
"In post","2023","Asian","Analysis","HM Treasury","London","35","30","41070","36120"
"In post","2023","Asian","Analysis","HM Treasury","Outside London","[c]","[c]","[c]","[c]"
"In post","2023","Asian","Analysis","Home Office","London","40","40","44790","43170"
"In post","2023","Asian","Analysis","Home Office","Outside London","[c]","[c]","[c]","[c]"
"In post","2023","Asian","Analysis","Ministry of Defence","London","15","15","[c]","[c]"
"In post","2023","Asian","Analysis","Ministry of Defence","Outside London","20","20","[c]","[c]"
"In post","2023","Asian","Analysis","Ministry of Defence","Overseas","[c]","[c]","[c]","[c]"
"In post","2023","Asian","Analysis","Ministry of Justice","London","70","65","46650","43650"
"In post","2023","Asian","Analysis","Ministry of Justice","Outside London","10","10","[c]","[c]"
"In post","2023","Asian","Analysis","Ministry of Justice","Unknown","[c]","[c]","[c]","[c]"
"In post","2023","Asian","Analysis","Office for Standards in Education, Children's Services and Skills","London","5","5","[c]","[c]"
"In post","2023","Asian","Analysis","Office for Standards in Education, Children's Services and Skills","Outside London","15","15","[c]","[c]"
"In post","2023","Asian","Analysis","Office of Gas and Electricity Markets","London","30","30","46710","40890"
"In post","2023","Asian","Analysis","Office of Gas and Electricity Markets","Outside London","5","5","[c]","[c]"
"In post","2023","Asian","Analysis","Office of Rail and Road","London","[c]","[c]","[c]","[c]"
"In post","2023","Asian","Analysis","Office of Rail and Road","Outside London","[c]","[c]","[c]","[c]"
"In post","2023","Asian","Analysis","Scottish Government","Outside London","[c]","[c]","[c]","[c]"
"In post","2023","Asian","Analysis","UK Export Finance","London","[c]","[c]","[c]","[c]"
"In post","2023","Asian","Analysis","UK Statistics Authority","London","10","10","[c]","[c]"
"In post","2023","Asian","Analysis","UK Statistics Authority","Outside London","65","65","36480","37690"
"In post","2023","Asian","Analysis","Water Services Regulation Authority","London","5","5","[c]","[c]"
"In post","2023","Asian","Analysis","Water Services Regulation Authority","Outside London","[c]","[c]","[c]","[c]"
"In post","2023","Asian","Analysis","Welsh Government","Outside London","[c]","[c]","[c]","[c]"
"In post","2023","Asian","Commercial","Attorney General's Departments","London","[c]","[c]","[c]","[c]"
"In post","2023","Asian","Commercial","Attorney General's Departments","Outside London","[c]","[c]","[c]","[c]"
"In post","2023","Asian","Commercial","Cabinet Office","London","70","70","65550","65500"
"In post","2023","Asian","Commercial","Cabinet Office","Outside London","30","30","60260","65500"
"In post","2023","Asian","Commercial","Cabinet Office","Unknown","[c]","[c]","[c]","[c]"
"In post","2023","Asian","Commercial","Chancellor's other departments","London","[c]","[c]","[c]","[c]"
"In post","2023","Asian","Commercial","Chancellor's other departments","Outside London","[c]","[c]","[c]","[c]"
"In post","2023","Asian","Commercial","Charity Commission","Outside London","[c]","[c]","[c]","[c]"
"In post","2023","Asian","Commercial","Competition and Markets Authority","London","[c]","[c]","[c]","[c]"
"In post","2023","Asian","Commercial","Competition and Markets Authority","Outside London","[c]","[c]","[c]","[c]"
"In post","2023","Asian","Commercial","Department for Business, Energy and Industrial Strategy","London","[c]","[c]","[c]","[c]"
"In post","2023","Asian","Commercial","Department for Business, Energy and Industrial Strategy","Outside London","5","5","[c]","[c]"
"In post","2023","Asian","Commercial","Department for Digital, Culture, Media and Sport","London","5","5","[c]","[c]"
"In post","2023","Asian","Commercial","Department for Digital, Culture, Media and Sport","Outside London","[c]","[c]","[c]","[c]"
"In post","2023","Asian","Commercial","Department for Education","London","10","10","[c]","[c]"
"In post","2023","Asian","Commercial","Department for Education","Outside London","25","25","[c]","[c]"
"In post","2023","Asian","Commercial","Department for Environment, Food and Rural Affairs","London","[c]","[c]","[c]","[c]"
"In post","2023","Asian","Commercial","Department for Environment, Food and Rural Affairs","Outside London","10","10","[c]","[c]"
"In post","2023","Asian","Commercial","Department for International Trade","London","5","5","[c]","[c]"
"In post","2023","Asian","Commercial","Department for International Trade","Outside London","[c]","[c]","[c]","[c]"
"In post","2023","Asian","Commercial","Department for Levelling Up, Housing and Communities","London","[c]","[c]","[c]","[c]"
"In post","2023","Asian","Commercial","Department for Levelling Up, Housing and Communities","Outside London","[c]","[c]","[c]","[c]"
"In post","2023","Asian","Commercial","Department for Transport","London","15","15","[c]","[c]"
"In post","2023","Asian","Commercial","Department for Transport","Outside London","10","10","[c]","[c]"
"In post","2023","Asian","Commercial","Department for Work and Pensions","London","[c]","[c]","[c]","[c]"
"In post","2023","Asian","Commercial","Department for Work and Pensions","Outside London","[c]","[c]","[c]","[c]"
"In post","2023","Asian","Commercial","Department of Health and Social Care","London","30","30","[c]","[c]"
"In post","2023","Asian","Commercial","Department of Health and Social Care","Outside London","10","10","[c]","[c]"
"In post","2023","Asian","Commercial","Estyn","Outside London","[c]","[c]","[c]","[c]"
"In post","2023","Asian","Commercial","Food Standards Agency","London","[c]","[c]","[c]","[c]"
"In post","2023","Asian","Commercial","Food Standards Agency","Outside London","[c]","[c]","[c]","[c]"
"In post","2023","Asian","Commercial","Foreign, Commonwealth and Development Office","London","[c]","[c]","[c]","[c]"
"In post","2023","Asian","Commercial","Foreign, Commonwealth and Development Office","Outside London","5","5","[c]","[c]"
"In post","2023","Asian","Commercial","Foreign, Commonwealth and Development Office","Overseas","[c]","[c]","[c]","[c]"
"In post","2023","Asian","Commercial","HM Land Registry","London","[c]","[c]","[c]","[c]"
"In post","2023","Asian","Commercial","HM Land Registry","Outside London","[c]","[c]","[c]","[c]"
"In post","2023","Asian","Commercial","HM Revenue and Customs","London","[c]","[c]","[c]","[c]"
"In post","2023","Asian","Commercial","HM Revenue and Customs","Outside London","20","20","[c]","[c]"
"In post","2023","Asian","Commercial","HM Treasury","London","[c]","[c]","[c]","[c]"
"In post","2023","Asian","Commercial","HM Treasury","Outside London","[c]","[c]","[c]","[c]"
"In post","2023","Asian","Commercial","Home Office","London","15","15","[c]","[c]"
"In post","2023","Asian","Commercial","Home Office","Outside London","[c]","[c]","[c]","[c]"
"In post","2023","Asian","Commercial","Ministry of Defence","London","5","5","[c]","[c]"
"In post","2023","Asian","Commercial","Ministry of Defence","Outside London","40","40","38180","34300"
"In post","2023","Asian","Commercial","Ministry of Defence","Overseas","[c]","[c]","[c]","[c]"
"In post","2023","Asian","Commercial","Ministry of Justice","London","20","20","[c]","[c]"
"In post","2023","Asian","Commercial","Ministry of Justice","Outside London","5","5","[c]","[c]"
"In post","2023","Asian","Commercial","Ministry of Justice","Unknown","[c]","[c]","[c]","[c]"
"In post","2023","Asian","Commercial","National Crime Agency","London","[c]","[c]","[c]","[c]"
"In post","2023","Asian","Commercial","National Crime Agency","Outside London","[c]","[c]","[c]","[c]"
"In post","2023","Asian","Commercial","Office for Standards in Education, Children's Services and Skills","Outside London","[c]","[c]","[c]","[c]"
"In post","2023","Asian","Commercial","Office of Qualifications and Examinations Regulation","Outside London","[c]","[c]","[c]","[c]"
"In post","2023","Asian","Commercial","Office of Rail and Road","London","[c]","[c]","[c]","[c]"
"In post","2023","Asian","Commercial","Scottish Government","Outside London","[c]","[c]","[c]","[c]"
"In post","2023","Asian","Commercial","The National Archives","London","[c]","[c]","[c]","[c]"
"In post","2023","Asian","Commercial","UK Export Finance","London","40","40","49660","37000"
"In post","2023","Asian","Commercial","UK Export Finance","Outside London","[c]","[c]","[c]","[c]"
"In post","2023","Asian","Commercial","UK Statistics Authority","London","[c]","[c]","[c]","[c]"
"In post","2023","Asian","Commercial","UK Statistics Authority","Outside London","[c]","[c]","[c]","[c]"
"In post","2023","Asian","Commercial","Water Services Regulation Authority","Outside London","[c]","[c]","[c]","[c]"
"In post","2023","Asian","Communications","Attorney General's Departments","London","[c]","[c]","[c]","[c]"
"In post","2023","Asian","Communications","Attorney General's Departments","Outside London","[c]","[c]","[c]","[c]"
"In post","2023","Asian","Communications","Cabinet Office","London","15","15","[c]","[c]"
"In post","2023","Asian","Communications","Cabinet Office","Outside London","[c]","[c]","[c]","[c]"
"In post","2023","Asian","Communications","Cabinet Office","Unknown","[c]","[c]","[c]","[c]"
"In post","2023","Asian","Communications","Chancellor's other departments","London","[c]","[c]","[c]","[c]"
"In post","2023","Asian","Communications","Chancellor's other departments","Outside London","[c]","[c]","[c]","[c]"
"In post","2023","Asian","Communications","Charity Commission","London","[c]","[c]","[c]","[c]"
"In post","2023","Asian","Communications","Charity Commission","Outside London","[c]","[c]","[c]","[c]"
"In post","2023","Asian","Communications","Competition and Markets Authority","London","5","5","[c]","[c]"
"In post","2023","Asian","Communications","Competition and Markets Authority","Outside London","[c]","[c]","[c]","[c]"
"In post","2023","Asian","Communications","Department for Business, Energy and Industrial Strategy","London","5","5","[c]","[c]"
"In post","2023","Asian","Communications","Department for Business, Energy and Industrial Strategy","Outside London","[c]","[c]","[c]","[c]"
"In post","2023","Asian","Communications","Department for Digital, Culture, Media and Sport","London","[c]","[c]","[c]","[c]"
"In post","2023","Asian","Communications","Department for Digital, Culture, Media and Sport","Outside London","[c]","[c]","[c]","[c]"
"In post","2023","Asian","Communications","Department for Education","London","10","10","[c]","[c]"
"In post","2023","Asian","Communications","Department for Education","Outside London","5","5","[c]","[c]"
"In post","2023","Asian","Communications","Department for Environment, Food and Rural Affairs","London","5","5","[c]","[c]"
"In post","2023","Asian","Communications","Department for Environment, Food and Rural Affairs","Outside London","[c]","[c]","[c]","[c]"
"In post","2023","Asian","Communications","Department for Environment, Food and Rural Affairs","Unknown","[c]","[c]","[c]","[c]"
"In post","2023","Asian","Communications","Department for International Trade","London","[c]","[c]","[c]","[c]"
"In post","2023","Asian","Communications","Department for International Trade","Outside London","[c]","[c]","[c]","[c]"
"In post","2023","Asian","Communications","Department for Levelling Up, Housing and Communities","London","5","5","[c]","[c]"
"In post","2023","Asian","Communications","Department for Levelling Up, Housing and Communities","Outside London","[c]","[c]","[c]","[c]"
"In post","2023","Asian","Communications","Department for Transport","London","[c]","[c]","[c]","[c]"
"In post","2023","Asian","Communications","Department for Transport","Outside London","[c]","[c]","[c]","[c]"
"In post","2023","Asian","Communications","Department for Work and Pensions","London","5","5","[c]","[c]"
"In post","2023","Asian","Communications","Department for Work and Pensions","Outside London","[c]","[c]","[c]","[c]"
"In post","2023","Asian","Communications","Department of Health and Social Care","London","20","20","[c]","[c]"
"In post","2023","Asian","Communications","Department of Health and Social Care","Outside London","[c]","[c]","[c]","[c]"
"In post","2023","Asian","Communications","Estyn","Outside London","[c]","[c]","[c]","[c]"
"In post","2023","Asian","Communications","Food Standards Agency","London","[c]","[c]","[c]","[c]"
"In post","2023","Asian","Communications","Food Standards Agency","Outside London","[c]","[c]","[c]","[c]"
"In post","2023","Asian","Communications","Foreign, Commonwealth and Development Office","London","[c]","[c]","[c]","[c]"
"In post","2023","Asian","Communications","Foreign, Commonwealth and Development Office","Outside London","[c]","[c]","[c]","[c]"
"In post","2023","Asian","Communications","HM Land Registry","London","[c]","[c]","[c]","[c]"
"In post","2023","Asian","Communications","HM Land Registry","Outside London","[c]","[c]","[c]","[c]"
"In post","2023","Asian","Communications","HM Revenue and Customs","London","5","5","[c]","[c]"
"In post","2023","Asian","Communications","HM Revenue and Customs","Outside London","[c]","[c]","[c]","[c]"
"In post","2023","Asian","Communications","HM Treasury","London","[c]","[c]","[c]","[c]"
"In post","2023","Asian","Communications","HM Treasury","Outside London","[c]","[c]","[c]","[c]"
"In post","2023","Asian","Communications","Home Office","London","[c]","[c]","[c]","[c]"
"In post","2023","Asian","Communications","Home Office","Outside London","[c]","[c]","[c]","[c]"
"In post","2023","Asian","Communications","Ministry of Defence","London","5","5","[c]","[c]"
"In post","2023","Asian","Communications","Ministry of Defence","Outside London","5","5","[c]","[c]"
"In post","2023","Asian","Communications","Ministry of Defence","Overseas","[c]","[c]","[c]","[c]"
"In post","2023","Asian","Communications","Ministry of Justice","London","10","10","[c]","[c]"
"In post","2023","Asian","Communications","Ministry of Justice","Outside London","[c]","[c]","[c]","[c]"
"In post","2023","Asian","Communications","National Crime Agency","London","[c]","[c]","[c]","[c]"
"In post","2023","Asian","Communications","National Crime Agency","Outside London","[c]","[c]","[c]","[c]"
"In post","2023","Asian","Communications","Northern Ireland Office","London","[c]","[c]","[c]","[c]"
"In post","2023","Asian","Communications","Northern Ireland Office","Outside London","[c]","[c]","[c]","[c]"
"In post","2023","Asian","Communications","Office for Standards in Education, Children's Services and Skills","London","[c]","[c]","[c]","[c]"
"In post","2023","Asian","Communications","Office for Standards in Education, Children's Services and Skills","Outside London","[c]","[c]","[c]","[c]"
"In post","2023","Asian","Communications","Office of Gas and Electricity Markets","London","[c]","[c]","[c]","[c]"
"In post","2023","Asian","Communications","Office of Gas and Electricity Markets","Outside London","[c]","[c]","[c]","[c]"
"In post","2023","Asian","Communications","Office of Qualifications and Examinations Regulation","Outside London","[c]","[c]","[c]","[c]"
"In post","2023","Asian","Communications","Office of Rail and Road","London","[c]","[c]","[c]","[c]"
"In post","2023","Asian","Communications","Office of Rail and Road","Outside London","[c]","[c]","[c]","[c]"
"In post","2023","Asian","Communications","Office of the Secretary of State for Scotland","London","[c]","[c]","[c]","[c]"
"In post","2023","Asian","Communications","Office of the Secretary of State for Scotland","Outside London","[c]","[c]","[c]","[c]"
"In post","2023","Asian","Communications","Office of the Secretary of State for Wales","London","[c]","[c]","[c]","[c]"
"In post","2023","Asian","Communications","Office of the Secretary of State for Wales","Outside London","[c]","[c]","[c]","[c]"
"In post","2023","Asian","Communications","Scottish Government","Outside London","[c]","[c]","[c]","[c]"
"In post","2023","Asian","Communications","The National Archives","London","[c]","[c]","[c]","[c]"
"In post","2023","Asian","Communications","UK Export Finance","London","10","10","[c]","[c]"
"In post","2023","Asian","Communications","UK Export Finance","Outside London","[c]","[c]","[c]","[c]"
"In post","2023","Asian","Communications","UK Statistics Authority","London","[c]","[c]","[c]","[c]"
"In post","2023","Asian","Communications","UK Statistics Authority","Outside London","[c]","[c]","[c]","[c]"
"In post","2023","Asian","Communications","UK Supreme Court","London","[c]","[c]","[c]","[c]"
"In post","2023","Asian","Communications","Water Services Regulation Authority","London","[c]","[c]","[c]","[c]"
"In post","2023","Asian","Communications","Water Services Regulation Authority","Outside London","[c]","[c]","[c]","[c]"
"In post","2023","Asian","Communications","Welsh Government","Outside London","[c]","[c]","[c]","[c]"
"In post","2023","Asian","Counter Fraud","Attorney General's Departments","London","15","15","[c]","[c]"
"In post","2023","Asian","Counter Fraud","Cabinet Office","London","[c]","[c]","[c]","[c]"
"In post","2023","Asian","Counter Fraud","Cabinet Office","Outside London","[c]","[c]","[c]","[c]"
"In post","2023","Asian","Counter Fraud","Cabinet Office","Unknown","[c]","[c]","[c]","[c]"
"In post","2023","Asian","Counter Fraud","Chancellor's other departments","Outside London","[c]","[c]","[c]","[c]"
"In post","2023","Asian","Counter Fraud","Department for Business, Energy and Industrial Strategy","London","5","5","[c]","[c]"
"In post","2023","Asian","Counter Fraud","Department for Business, Energy and Industrial Strategy","Outside London","5","5","[c]","[c]"
"In post","2023","Asian","Counter Fraud","Department for Digital, Culture, Media and Sport","London","[c]","[c]","[c]","[c]"
"In post","2023","Asian","Counter Fraud","Department for Digital, Culture, Media and Sport","Outside London","[c]","[c]","[c]","[c]"
"In post","2023","Asian","Counter Fraud","Department for Levelling Up, Housing and Communities","Outside London","[c]","[c]","[c]","[c]"
"In post","2023","Asian","Counter Fraud","Department for Transport","London","[c]","[c]","[c]","[c]"
"In post","2023","Asian","Counter Fraud","Department for Transport","Outside London","[c]","[c]","[c]","[c]"
"In post","2023","Asian","Counter Fraud","Department for Work and Pensions","London","310","285","30840","32520"
"In post","2023","Asian","Counter Fraud","Department for Work and Pensions","Outside London","375","345","28210","28120"
"In post","2023","Asian","Counter Fraud","Department for Work and Pensions","Unknown","[c]","[c]","[c]","[c]"
"In post","2023","Asian","Counter Fraud","Food Standards Agency","London","[c]","[c]","[c]","[c]"
"In post","2023","Asian","Counter Fraud","Food Standards Agency","Outside London","[c]","[c]","[c]","[c]"
"In post","2023","Asian","Counter Fraud","HM Land Registry","Outside London","[c]","[c]","[c]","[c]"
"In post","2023","Asian","Counter Fraud","HM Revenue and Customs","London","310","295","38360","39450"
"In post","2023","Asian","Counter Fraud","HM Revenue and Customs","Outside London","435","420","33160","29730"
"In post","2023","Asian","Counter Fraud","Home Office","London","[c]","[c]","[c]","[c]"
"In post","2023","Asian","Counter Fraud","Home Office","Outside London","[c]","[c]","[c]","[c]"
"In post","2023","Asian","Counter Fraud","Ministry of Defence","London","[c]","[c]","[c]","[c]"
"In post","2023","Asian","Counter Fraud","Ministry of Defence","Outside London","[c]","[c]","[c]","[c]"
"In post","2023","Asian","Counter Fraud","Ministry of Justice","London","[c]","[c]","[c]","[c]"
"In post","2023","Asian","Counter Fraud","Ministry of Justice","Outside London","[c]","[c]","[c]","[c]"
"In post","2023","Asian","Debt","Department for Work and Pensions","London","[c]","[c]","[c]","[c]"
"In post","2023","Asian","Debt","Department for Work and Pensions","Outside London","405","345","23150","21690"
"In post","2023","Asian","Debt","Department for Work and Pensions","Unknown","[c]","[c]","[c]","[c]"
"In post","2023","Asian","Debt","HM Revenue and Customs","London","165","145","28160","26920"
"In post","2023","Asian","Debt","HM Revenue and Customs","Outside London","525","480","23550","22520"
"In post","2023","Asian","Debt","UK Export Finance","London","[c]","[c]","[c]","[c]"
"In post","2023","Asian","Digital, Data & Technology","Attorney General's Departments","London","25","25","[c]","[c]"
"In post","2023","Asian","Digital, Data & Technology","Attorney General's Departments","Outside London","5","5","[c]","[c]"
"In post","2023","Asian","Digital, Data & Technology","Cabinet Office","London","130","130","49050","55790"
"In post","2023","Asian","Digital, Data & Technology","Cabinet Office","Outside London","30","30","39510","38050"
"In post","2023","Asian","Digital, Data & Technology","Cabinet Office","Unknown","[c]","[c]","[c]","[c]"
"In post","2023","Asian","Digital, Data & Technology","Chancellor's other departments","London","[c]","[c]","[c]","[c]"
"In post","2023","Asian","Digital, Data & Technology","Chancellor's other departments","Outside London","[c]","[c]","[c]","[c]"
"In post","2023","Asian","Digital, Data & Technology","Charity Commission","London","[c]","[c]","[c]","[c]"
"In post","2023","Asian","Digital, Data & Technology","Charity Commission","Outside London","[c]","[c]","[c]","[c]"
"In post","2023","Asian","Digital, Data & Technology","Competition and Markets Authority","London","20","20","[c]","[c]"
"In post","2023","Asian","Digital, Data & Technology","Competition and Markets Authority","Outside London","[c]","[c]","[c]","[c]"
"In post","2023","Asian","Digital, Data & Technology","Department for Business, Energy and Industrial Strategy","London","30","30","46200","44930"
"In post","2023","Asian","Digital, Data & Technology","Department for Business, Energy and Industrial Strategy","Outside London","45","45","38540","37470"
"In post","2023","Asian","Digital, Data & Technology","Department for Business, Energy and Industrial Strategy","Overseas","[c]","[c]","[c]","[c]"
"In post","2023","Asian","Digital, Data & Technology","Department for Digital, Culture, Media and Sport","London","[c]","[c]","[c]","[c]"
"In post","2023","Asian","Digital, Data & Technology","Department for Digital, Culture, Media and Sport","Outside London","[c]","[c]","[c]","[c]"
"In post","2023","Asian","Digital, Data & Technology","Department for Education","London","20","20","[c]","[c]"
"In post","2023","Asian","Digital, Data & Technology","Department for Education","Outside London","140","140","41730","37590"
"In post","2023","Asian","Digital, Data & Technology","Department for Environment, Food and Rural Affairs","London","15","15","[c]","[c]"
"In post","2023","Asian","Digital, Data & Technology","Department for Environment, Food and Rural Affairs","Outside London","35","35","37010","37300"
"In post","2023","Asian","Digital, Data & Technology","Department for International Trade","London","15","15","[c]","[c]"
"In post","2023","Asian","Digital, Data & Technology","Department for International Trade","Outside London","[c]","[c]","[c]","[c]"
"In post","2023","Asian","Digital, Data & Technology","Department for Levelling Up, Housing and Communities","London","10","10","[c]","[c]"
"In post","2023","Asian","Digital, Data & Technology","Department for Levelling Up, Housing and Communities","Outside London","5","5","[c]","[c]"
"In post","2023","Asian","Digital, Data & Technology","Department for Transport","London","10","10","[c]","[c]"
"In post","2023","Asian","Digital, Data & Technology","Department for Transport","Outside London","30","30","[c]","[c]"
"In post","2023","Asian","Digital, Data & Technology","Department for Work and Pensions","London","40","40","46540","43760"
"In post","2023","Asian","Digital, Data & Technology","Department for Work and Pensions","Outside London","215","210","42980","38800"
"In post","2023","Asian","Digital, Data & Technology","Department for Work and Pensions","Unknown","[c]","[c]","[c]","[c]"
"In post","2023","Asian","Digital, Data & Technology","Department of Health and Social Care","London","60","60","47440","41720"
"In post","2023","Asian","Digital, Data & Technology","Department of Health and Social Care","Outside London","10","10","[c]","[c]"
"In post","2023","Asian","Digital, Data & Technology","Food Standards Agency","London","[c]","[c]","[c]","[c]"
"In post","2023","Asian","Digital, Data & Technology","Food Standards Agency","Outside London","[c]","[c]","[c]","[c]"
"In post","2023","Asian","Digital, Data & Technology","Foreign, Commonwealth and Development Office","London","10","10","[c]","[c]"
"In post","2023","Asian","Digital, Data & Technology","Foreign, Commonwealth and Development Office","Outside London","10","10","[c]","[c]"
"In post","2023","Asian","Digital, Data & Technology","Foreign, Commonwealth and Development Office","Overseas","[c]","[c]","[c]","[c]"
"In post","2023","Asian","Digital, Data & Technology","HM Land Registry","London","10","10","[c]","[c]"
"In post","2023","Asian","Digital, Data & Technology","HM Land Registry","Outside London","20","20","[c]","[c]"
"In post","2023","Asian","Digital, Data & Technology","HM Revenue and Customs","London","70","65","45510","39790"
"In post","2023","Asian","Digital, Data & Technology","HM Revenue and Customs","Outside London","260","255","41300","41780"
"In post","2023","Asian","Digital, Data & Technology","HM Treasury","London","[c]","[c]","[c]","[c]"
"In post","2023","Asian","Digital, Data & Technology","HM Treasury","Outside London","[c]","[c]","[c]","[c]"
"In post","2023","Asian","Digital, Data & Technology","Home Office","London","170","170","48260","43790"
"In post","2023","Asian","Digital, Data & Technology","Home Office","Outside London","35","35","43330","39710"
"In post","2023","Asian","Digital, Data & Technology","Home Office","Unknown","[c]","[c]","[c]","[c]"
"In post","2023","Asian","Digital, Data & Technology","Ministry of Defence","London","30","30","[c]","[c]"
"In post","2023","Asian","Digital, Data & Technology","Ministry of Defence","Outside London","75","75","36600","34050"
"In post","2023","Asian","Digital, Data & Technology","Ministry of Defence","Overseas","[c]","[c]","[c]","[c]"
"In post","2023","Asian","Digital, Data & Technology","Ministry of Defence","Unknown","[c]","[c]","[c]","[c]"
"In post","2023","Asian","Digital, Data & Technology","Ministry of Justice","London","100","100","53340","55720"
"In post","2023","Asian","Digital, Data & Technology","Ministry of Justice","Outside London","75","75","41940","37680"
"In post","2023","Asian","Digital, Data & Technology","Ministry of Justice","Unknown","[c]","[c]","[c]","[c]"
"In post","2023","Asian","Digital, Data & Technology","National Crime Agency","London","10","10","[c]","[c]"
"In post","2023","Asian","Digital, Data & Technology","National Crime Agency","Outside London","10","10","[c]","[c]"
"In post","2023","Asian","Digital, Data & Technology","National Crime Agency","Unknown","[c]","[c]","[c]","[c]"
"In post","2023","Asian","Digital, Data & Technology","Northern Ireland Office","London","[c]","[c]","[c]","[c]"
"In post","2023","Asian","Digital, Data & Technology","Northern Ireland Office","Outside London","[c]","[c]","[c]","[c]"
"In post","2023","Asian","Digital, Data & Technology","Office for Standards in Education, Children's Services and Skills","London","10","10","[c]","[c]"
"In post","2023","Asian","Digital, Data & Technology","Office for Standards in Education, Children's Services and Skills","Outside London","15","15","[c]","[c]"
"In post","2023","Asian","Digital, Data & Technology","Office of Gas and Electricity Markets","London","30","30","[c]","[c]"
"In post","2023","Asian","Digital, Data & Technology","Office of Gas and Electricity Markets","Outside London","5","5","[c]","[c]"
"In post","2023","Asian","Digital, Data & Technology","Office of Qualifications and Examinations Regulation","Outside London","[c]","[c]","[c]","[c]"
"In post","2023","Asian","Digital, Data & Technology","Office of Rail and Road","London","[c]","[c]","[c]","[c]"
"In post","2023","Asian","Digital, Data & Technology","Office of Rail and Road","Outside London","[c]","[c]","[c]","[c]"
"In post","2023","Asian","Digital, Data & Technology","Scottish Government","Outside London","5","5","[c]","[c]"
"In post","2023","Asian","Digital, Data & Technology","The National Archives","London","20","20","[c]","[c]"
"In post","2023","Asian","Digital, Data & Technology","UK Export Finance","London","15","15","[c]","[c]"
"In post","2023","Asian","Digital, Data & Technology","UK Statistics Authority","London","15","15","[c]","[c]"
"In post","2023","Asian","Digital, Data & Technology","UK Statistics Authority","Outside London","40","35","38450","37690"
"In post","2023","Asian","Digital, Data & Technology","UK Supreme Court","London","[c]","[c]","[c]","[c]"
"In post","2023","Asian","Digital, Data & Technology","Water Services Regulation Authority","London","[c]","[c]","[c]","[c]"
"In post","2023","Asian","Digital, Data & Technology","Water Services Regulation Authority","Outside London","[c]","[c]","[c]","[c]"
"In post","2023","Asian","Digital, Data & Technology","Welsh Government","Outside London","[c]","[c]","[c]","[c]"
"In post","2023","Asian","Finance","Attorney General's Departments","London","20","20","[c]","[c]"
"In post","2023","Asian","Finance","Attorney General's Departments","Outside London","5","5","[c]","[c]"
"In post","2023","Asian","Finance","Cabinet Office","London","15","15","[c]","[c]"
"In post","2023","Asian","Finance","Cabinet Office","Outside London","5","5","[c]","[c]"
"In post","2023","Asian","Finance","Cabinet Office","Unknown","[c]","[c]","[c]","[c]"
"In post","2023","Asian","Finance","Chancellor's other departments","London","10","10","[c]","[c]"
"In post","2023","Asian","Finance","Charity Commission","Outside London","[c]","[c]","[c]","[c]"
"In post","2023","Asian","Finance","Competition and Markets Authority","London","[c]","[c]","[c]","[c]"
"In post","2023","Asian","Finance","Competition and Markets Authority","Outside London","[c]","[c]","[c]","[c]"
"In post","2023","Asian","Finance","Department for Business, Energy and Industrial Strategy","London","30","30","[c]","[c]"
"In post","2023","Asian","Finance","Department for Business, Energy and Industrial Strategy","Outside London","5","5","[c]","[c]"
"In post","2023","Asian","Finance","Department for Digital, Culture, Media and Sport","London","15","15","[c]","[c]"
"In post","2023","Asian","Finance","Department for Digital, Culture, Media and Sport","Outside London","[c]","[c]","[c]","[c]"
"In post","2023","Asian","Finance","Department for Education","London","15","15","[c]","[c]"
"In post","2023","Asian","Finance","Department for Education","Outside London","85","85","39890","37590"
"In post","2023","Asian","Finance","Department for Environment, Food and Rural Affairs","London","10","10","[c]","[c]"
"In post","2023","Asian","Finance","Department for Environment, Food and Rural Affairs","Outside London","20","20","[c]","[c]"
"In post","2023","Asian","Finance","Department for Environment, Food and Rural Affairs","Unknown","[c]","[c]","[c]","[c]"
"In post","2023","Asian","Finance","Department for International Trade","London","15","15","[c]","[c]"
"In post","2023","Asian","Finance","Department for International Trade","Outside London","[c]","[c]","[c]","[c]"
"In post","2023","Asian","Finance","Department for Levelling Up, Housing and Communities","London","10","10","[c]","[c]"
"In post","2023","Asian","Finance","Department for Levelling Up, Housing and Communities","Outside London","5","5","[c]","[c]"
"In post","2023","Asian","Finance","Department for Transport","London","35","35","54550","56880"
"In post","2023","Asian","Finance","Department for Transport","Outside London","10","10","[c]","[c]"
"In post","2023","Asian","Finance","Department for Work and Pensions","London","65","65","42940","39150"
"In post","2023","Asian","Finance","Department for Work and Pensions","Outside London","105","100","36620","34170"
"In post","2023","Asian","Finance","Department for Work and Pensions","Unknown","[c]","[c]","[c]","[c]"
"In post","2023","Asian","Finance","Department of Health and Social Care","London","40","40","41830","41330"
"In post","2023","Asian","Finance","Department of Health and Social Care","Outside London","20","20","[c]","[c]"
"In post","2023","Asian","Finance","Estyn","Outside London","[c]","[c]","[c]","[c]"
"In post","2023","Asian","Finance","Food Standards Agency","London","[c]","[c]","[c]","[c]"
"In post","2023","Asian","Finance","Food Standards Agency","Outside London","[c]","[c]","[c]","[c]"
"In post","2023","Asian","Finance","Foreign, Commonwealth and Development Office","London","25","25","[c]","[c]"
"In post","2023","Asian","Finance","Foreign, Commonwealth and Development Office","Outside London","10","10","[c]","[c]"
"In post","2023","Asian","Finance","Foreign, Commonwealth and Development Office","Overseas","[c]","[c]","[c]","[c]"
"In post","2023","Asian","Finance","HM Land Registry","London","[c]","[c]","[c]","[c]"
"In post","2023","Asian","Finance","HM Land Registry","Outside London","[c]","[c]","[c]","[c]"
"In post","2023","Asian","Finance","HM Revenue and Customs","London","100","100","46920","45170"
"In post","2023","Asian","Finance","HM Revenue and Customs","Outside London","150","140","30250","27650"
"In post","2023","Asian","Finance","HM Treasury","London","15","15","[c]","[c]"
"In post","2023","Asian","Finance","HM Treasury","Outside London","[c]","[c]","[c]","[c]"
"In post","2023","Asian","Finance","Home Office","London","45","45","48460","43210"
"In post","2023","Asian","Finance","Home Office","Outside London","10","10","[c]","[c]"
"In post","2023","Asian","Finance","Ministry of Defence","London","40","40","44710","45540"
"In post","2023","Asian","Finance","Ministry of Defence","Outside London","80","80","38350","34300"
"In post","2023","Asian","Finance","Ministry of Defence","Overseas","[c]","[c]","[c]","[c]"
"In post","2023","Asian","Finance","Ministry of Justice","London","70","65","44710","43650"
"In post","2023","Asian","Finance","Ministry of Justice","Outside London","40","40","35550","31270"
"In post","2023","Asian","Finance","Ministry of Justice","Unknown","[c]","[c]","[c]","[c]"
"In post","2023","Asian","Finance","National Crime Agency","London","[c]","[c]","[c]","[c]"
"In post","2023","Asian","Finance","National Crime Agency","Outside London","[c]","[c]","[c]","[c]"
"In post","2023","Asian","Finance","Northern Ireland Office","London","[c]","[c]","[c]","[c]"
"In post","2023","Asian","Finance","Northern Ireland Office","Outside London","[c]","[c]","[c]","[c]"
"In post","2023","Asian","Finance","Office for Standards in Education, Children's Services and Skills","London","[c]","[c]","[c]","[c]"
"In post","2023","Asian","Finance","Office for Standards in Education, Children's Services and Skills","Outside London","[c]","[c]","[c]","[c]"
"In post","2023","Asian","Finance","Office of Gas and Electricity Markets","London","5","5","[c]","[c]"
"In post","2023","Asian","Finance","Office of Gas and Electricity Markets","Outside London","[c]","[c]","[c]","[c]"
"In post","2023","Asian","Finance","Office of Qualifications and Examinations Regulation","Outside London","[c]","[c]","[c]","[c]"
"In post","2023","Asian","Finance","Office of Rail and Road","London","[c]","[c]","[c]","[c]"
"In post","2023","Asian","Finance","Office of Rail and Road","Outside London","[c]","[c]","[c]","[c]"
"In post","2023","Asian","Finance","Office of the Secretary of State for Scotland","London","[c]","[c]","[c]","[c]"
"In post","2023","Asian","Finance","Office of the Secretary of State for Wales","London","[c]","[c]","[c]","[c]"
"In post","2023","Asian","Finance","Scottish Government","Outside London","[c]","[c]","[c]","[c]"
"In post","2023","Asian","Finance","The National Archives","London","[c]","[c]","[c]","[c]"
"In post","2023","Asian","Finance","UK Export Finance","London","10","10","[c]","[c]"
"In post","2023","Asian","Finance","UK Statistics Authority","London","[c]","[c]","[c]","[c]"
"In post","2023","Asian","Finance","UK Statistics Authority","Outside London","[c]","[c]","[c]","[c]"
"In post","2023","Asian","Finance","UK Supreme Court","London","[c]","[c]","[c]","[c]"
"In post","2023","Asian","Finance","Water Services Regulation Authority","London","[c]","[c]","[c]","[c]"
"In post","2023","Asian","Finance","Water Services Regulation Authority","Outside London","5","5","[c]","[c]"
"In post","2023","Asian","Finance","Welsh Government","Outside London","[c]","[c]","[c]","[c]"
"In post","2023","Asian","Grants Management","Department for Environment, Food and Rural Affairs","London","[c]","[c]","[c]","[c]"
"In post","2023","Asian","Grants Management","Department for Environment, Food and Rural Affairs","Outside London","50","50","23340","22150"
"In post","2023","Asian","Grants Management","Department of Health and Social Care","London","[c]","[c]","[c]","[c]"
"In post","2023","Asian","Grants Management","Department of Health and Social Care","Outside London","[c]","[c]","[c]","[c]"
"In post","2023","Asian","Grants Management","Home Office","London","5","5","[c]","[c]"
"In post","2023","Asian","Grants Management","Home Office","Outside London","[c]","[c]","[c]","[c]"
"In post","2023","Asian","Grants Management","The National Archives","London","[c]","[c]","[c]","[c]"
"In post","2023","Asian","Human Resources","Attorney General's Departments","London","20","20","[c]","[c]"
"In post","2023","Asian","Human Resources","Attorney General's Departments","Outside London","[c]","[c]","[c]","[c]"
"In post","2023","Asian","Human Resources","Cabinet Office","London","45","40","41210","35940"
"In post","2023","Asian","Human Resources","Cabinet Office","Outside London","25","25","[c]","[c]"
"In post","2023","Asian","Human Resources","Cabinet Office","Unknown","[c]","[c]","[c]","[c]"
"In post","2023","Asian","Human Resources","Chancellor's other departments","London","[c]","[c]","[c]","[c]"
"In post","2023","Asian","Human Resources","Chancellor's other departments","Outside London","[c]","[c]","[c]","[c]"
"In post","2023","Asian","Human Resources","Charity Commission","Outside London","[c]","[c]","[c]","[c]"
"In post","2023","Asian","Human Resources","Competition and Markets Authority","London","[c]","[c]","[c]","[c]"
"In post","2023","Asian","Human Resources","Competition and Markets Authority","Outside London","[c]","[c]","[c]","[c]"
"In post","2023","Asian","Human Resources","Department for Business, Energy and Industrial Strategy","London","20","15","[c]","[c]"
"In post","2023","Asian","Human Resources","Department for Business, Energy and Industrial Strategy","Outside London","10","10","[c]","[c]"
"In post","2023","Asian","Human Resources","Department for Digital, Culture, Media and Sport","London","5","5","[c]","[c]"
"In post","2023","Asian","Human Resources","Department for Digital, Culture, Media and Sport","Outside London","[c]","[c]","[c]","[c]"
"In post","2023","Asian","Human Resources","Department for Education","London","[c]","[c]","[c]","[c]"
"In post","2023","Asian","Human Resources","Department for Education","Outside London","15","15","[c]","[c]"
"In post","2023","Asian","Human Resources","Department for Environment, Food and Rural Affairs","London","10","10","[c]","[c]"
"In post","2023","Asian","Human Resources","Department for Environment, Food and Rural Affairs","Outside London","10","10","[c]","[c]"
"In post","2023","Asian","Human Resources","Department for International Trade","London","20","20","[c]","[c]"
"In post","2023","Asian","Human Resources","Department for International Trade","Outside London","[c]","[c]","[c]","[c]"
"In post","2023","Asian","Human Resources","Department for Levelling Up, Housing and Communities","London","[c]","[c]","[c]","[c]"
"In post","2023","Asian","Human Resources","Department for Levelling Up, Housing and Communities","Outside London","[c]","[c]","[c]","[c]"
"In post","2023","Asian","Human Resources","Department for Transport","London","5","5","[c]","[c]"
"In post","2023","Asian","Human Resources","Department for Transport","Outside London","10","10","[c]","[c]"
"In post","2023","Asian","Human Resources","Department for Work and Pensions","London","50","45","37520","39150"
"In post","2023","Asian","Human Resources","Department for Work and Pensions","Outside London","80","80","31980","28120"
"In post","2023","Asian","Human Resources","Department for Work and Pensions","Unknown","[c]","[c]","[c]","[c]"
"In post","2023","Asian","Human Resources","Department of Health and Social Care","London","35","30","40850","33940"
"In post","2023","Asian","Human Resources","Department of Health and Social Care","Outside London","[c]","[c]","[c]","[c]"
"In post","2023","Asian","Human Resources","Estyn","Outside London","[c]","[c]","[c]","[c]"
"In post","2023","Asian","Human Resources","Food Standards Agency","London","[c]","[c]","[c]","[c]"
"In post","2023","Asian","Human Resources","Food Standards Agency","Outside London","[c]","[c]","[c]","[c]"
"In post","2023","Asian","Human Resources","Foreign, Commonwealth and Development Office","London","20","20","[c]","[c]"
"In post","2023","Asian","Human Resources","Foreign, Commonwealth and Development Office","Outside London","[c]","[c]","[c]","[c]"
"In post","2023","Asian","Human Resources","Foreign, Commonwealth and Development Office","Overseas","[c]","[c]","[c]","[c]"
"In post","2023","Asian","Human Resources","HM Land Registry","London","[c]","[c]","[c]","[c]"
"In post","2023","Asian","Human Resources","HM Land Registry","Outside London","[c]","[c]","[c]","[c]"
"In post","2023","Asian","Human Resources","HM Revenue and Customs","London","35","35","47550","41120"
"In post","2023","Asian","Human Resources","HM Revenue and Customs","Outside London","70","65","36470","34850"
"In post","2023","Asian","Human Resources","HM Treasury","London","10","10","[c]","[c]"
"In post","2023","Asian","Human Resources","HM Treasury","Outside London","[c]","[c]","[c]","[c]"
"In post","2023","Asian","Human Resources","HM Treasury","Unknown","[c]","[c]","[c]","[c]"
"In post","2023","Asian","Human Resources","Home Office","London","60","55","38840","36180"
"In post","2023","Asian","Human Resources","Home Office","Outside London","5","5","[c]","[c]"
"In post","2023","Asian","Human Resources","Ministry of Defence","London","20","20","[c]","[c]"
"In post","2023","Asian","Human Resources","Ministry of Defence","Outside London","70","70","33710","34000"
"In post","2023","Asian","Human Resources","Ministry of Defence","Overseas","[c]","[c]","[c]","[c]"
"In post","2023","Asian","Human Resources","Ministry of Defence","Unknown","[c]","[c]","[c]","[c]"
"In post","2023","Asian","Human Resources","Ministry of Justice","London","35","35","42090","38920"
"In post","2023","Asian","Human Resources","Ministry of Justice","Outside London","45","45","35020","32410"
"In post","2023","Asian","Human Resources","Ministry of Justice","Unknown","[c]","[c]","[c]","[c]"
"In post","2023","Asian","Human Resources","National Crime Agency","London","5","5","[c]","[c]"
"In post","2023","Asian","Human Resources","National Crime Agency","Outside London","5","5","[c]","[c]"
"In post","2023","Asian","Human Resources","National Crime Agency","Unknown","[c]","[c]","[c]","[c]"
"In post","2023","Asian","Human Resources","Northern Ireland Office","London","[c]","[c]","[c]","[c]"
"In post","2023","Asian","Human Resources","Office for Standards in Education, Children's Services and Skills","London","[c]","[c]","[c]","[c]"
"In post","2023","Asian","Human Resources","Office for Standards in Education, Children's Services and Skills","Outside London","[c]","[c]","[c]","[c]"
"In post","2023","Asian","Human Resources","Office of Gas and Electricity Markets","London","[c]","[c]","[c]","[c]"
"In post","2023","Asian","Human Resources","Office of Gas and Electricity Markets","Outside London","[c]","[c]","[c]","[c]"
"In post","2023","Asian","Human Resources","Office of Qualifications and Examinations Regulation","Outside London","[c]","[c]","[c]","[c]"
"In post","2023","Asian","Human Resources","Office of Rail and Road","London","[c]","[c]","[c]","[c]"
"In post","2023","Asian","Human Resources","Office of Rail and Road","Outside London","[c]","[c]","[c]","[c]"
"In post","2023","Asian","Human Resources","Office of the Secretary of State for Wales","London","[c]","[c]","[c]","[c]"
"In post","2023","Asian","Human Resources","Office of the Secretary of State for Wales","Outside London","[c]","[c]","[c]","[c]"
"In post","2023","Asian","Human Resources","Scottish Government","Outside London","[c]","[c]","[c]","[c]"
"In post","2023","Asian","Human Resources","The National Archives","London","[c]","[c]","[c]","[c]"
"In post","2023","Asian","Human Resources","UK Export Finance","London","[c]","[c]","[c]","[c]"
"In post","2023","Asian","Human Resources","UK Statistics Authority","London","[c]","[c]","[c]","[c]"
"In post","2023","Asian","Human Resources","UK Statistics Authority","Outside London","5","5","[c]","[c]"
"In post","2023","Asian","Human Resources","UK Supreme Court","London","[c]","[c]","[c]","[c]"
"In post","2023","Asian","Human Resources","Water Services Regulation Authority","Outside London","[c]","[c]","[c]","[c]"
"In post","2023","Asian","Human Resources","Welsh Government","Outside London","[c]","[c]","[c]","[c]"
"In post","2023","Asian","Internal Audit","Department for Business, Energy and Industrial Strategy","Outside London","[c]","[c]","[c]","[c]"
"In post","2023","Asian","Internal Audit","Department for Education","Outside London","[c]","[c]","[c]","[c]"
"In post","2023","Asian","Internal Audit","Department for Transport","Outside London","[c]","[c]","[c]","[c]"
"In post","2023","Asian","Internal Audit","Food Standards Agency","London","[c]","[c]","[c]","[c]"
"In post","2023","Asian","Internal Audit","Food Standards Agency","Outside London","[c]","[c]","[c]","[c]"
"In post","2023","Asian","Internal Audit","Foreign, Commonwealth and Development Office","London","5","5","[c]","[c]"
"In post","2023","Asian","Internal Audit","Foreign, Commonwealth and Development Office","Outside London","[c]","[c]","[c]","[c]"
"In post","2023","Asian","Internal Audit","HM Land Registry","London","[c]","[c]","[c]","[c]"
"In post","2023","Asian","Internal Audit","HM Land Registry","Outside London","[c]","[c]","[c]","[c]"
"In post","2023","Asian","Internal Audit","HM Revenue and Customs","London","5","5","[c]","[c]"
"In post","2023","Asian","Internal Audit","HM Revenue and Customs","Outside London","[c]","[c]","[c]","[c]"
"In post","2023","Asian","Internal Audit","HM Treasury","London","45","45","47620","45840"
"In post","2023","Asian","Internal Audit","HM Treasury","Outside London","25","25","[c]","[c]"
"In post","2023","Asian","Internal Audit","HM Treasury","Unknown","[c]","[c]","[c]","[c]"
"In post","2023","Asian","Internal Audit","Ministry of Defence","London","[c]","[c]","[c]","[c]"
"In post","2023","Asian","Internal Audit","Ministry of Defence","Outside London","[c]","[c]","[c]","[c]"
"In post","2023","Asian","Internal Audit","Ministry of Defence","Overseas","[c]","[c]","[c]","[c]"
"In post","2023","Asian","Internal Audit","Ministry of Justice","London","[c]","[c]","[c]","[c]"
"In post","2023","Asian","Internal Audit","Ministry of Justice","Outside London","[c]","[c]","[c]","[c]"
"In post","2023","Asian","Internal Audit","Scottish Government","Outside London","[c]","[c]","[c]","[c]"
"In post","2023","Asian","Internal Audit","UK Export Finance","London","[c]","[c]","[c]","[c]"
"In post","2023","Asian","Internal Audit","UK Statistics Authority","Outside London","[c]","[c]","[c]","[c]"
"In post","2023","Asian","Legal","Attorney General's Departments","London","645","605","45980","52020"
"In post","2023","Asian","Legal","Attorney General's Departments","Outside London","455","425","39270","38760"
"In post","2023","Asian","Legal","Attorney General's Departments","Overseas","[c]","[c]","[c]","[c]"
"In post","2023","Asian","Legal","Cabinet Office","London","[c]","[c]","[c]","[c]"
"In post","2023","Asian","Legal","Charity Commission","London","[c]","[c]","[c]","[c]"
"In post","2023","Asian","Legal","Charity Commission","Outside London","[c]","[c]","[c]","[c]"
"In post","2023","Asian","Legal","Competition and Markets Authority","London","15","15","[c]","[c]"
"In post","2023","Asian","Legal","Competition and Markets Authority","Outside London","[c]","[c]","[c]","[c]"
"In post","2023","Asian","Legal","Department for Business, Energy and Industrial Strategy","London","[c]","[c]","[c]","[c]"
"In post","2023","Asian","Legal","Department for Business, Energy and Industrial Strategy","Outside London","5","5","[c]","[c]"
"In post","2023","Asian","Legal","Department for Education","London","[c]","[c]","[c]","[c]"
"In post","2023","Asian","Legal","Department for Education","Outside London","[c]","[c]","[c]","[c]"
"In post","2023","Asian","Legal","Department for Transport","Outside London","[c]","[c]","[c]","[c]"
"In post","2023","Asian","Legal","Department for Work and Pensions","London","[c]","[c]","[c]","[c]"
"In post","2023","Asian","Legal","Department for Work and Pensions","Outside London","5","5","[c]","[c]"
"In post","2023","Asian","Legal","Department for Work and Pensions","Unknown","[c]","[c]","[c]","[c]"
"In post","2023","Asian","Legal","Department of Health and Social Care","London","10","10","[c]","[c]"
"In post","2023","Asian","Legal","Department of Health and Social Care","Outside London","[c]","[c]","[c]","[c]"
"In post","2023","Asian","Legal","Food Standards Agency","London","[c]","[c]","[c]","[c]"
"In post","2023","Asian","Legal","Food Standards Agency","Outside London","[c]","[c]","[c]","[c]"
"In post","2023","Asian","Legal","Foreign, Commonwealth and Development Office","London","5","5","[c]","[c]"
"In post","2023","Asian","Legal","Foreign, Commonwealth and Development Office","Outside London","[c]","[c]","[c]","[c]"
"In post","2023","Asian","Legal","HM Land Registry","London","[c]","[c]","[c]","[c]"
"In post","2023","Asian","Legal","HM Land Registry","Outside London","5","5","[c]","[c]"
"In post","2023","Asian","Legal","HM Revenue and Customs","London","65","60","53510","61530"
"In post","2023","Asian","Legal","HM Revenue and Customs","Outside London","105","100","36760","35000"
"In post","2023","Asian","Legal","HM Treasury","London","[c]","[c]","[c]","[c]"
"In post","2023","Asian","Legal","Ministry of Defence","London","[c]","[c]","[c]","[c]"
"In post","2023","Asian","Legal","Ministry of Defence","Outside London","[c]","[c]","[c]","[c]"
"In post","2023","Asian","Legal","Ministry of Defence","Overseas","[c]","[c]","[c]","[c]"
"In post","2023","Asian","Legal","Ministry of Justice","London","[c]","[c]","[c]","[c]"
"In post","2023","Asian","Legal","Ministry of Justice","Outside London","10","10","[c]","[c]"
"In post","2023","Asian","Legal","Ministry of Justice","Unknown","[c]","[c]","[c]","[c]"
"In post","2023","Asian","Legal","National Crime Agency","London","5","5","[c]","[c]"
"In post","2023","Asian","Legal","National Crime Agency","Outside London","[c]","[c]","[c]","[c]"
"In post","2023","Asian","Legal","Office for Standards in Education, Children's Services and Skills","London","[c]","[c]","[c]","[c]"
"In post","2023","Asian","Legal","Office for Standards in Education, Children's Services and Skills","Outside London","[c]","[c]","[c]","[c]"
"In post","2023","Asian","Legal","Office of Gas and Electricity Markets","London","5","5","[c]","[c]"
"In post","2023","Asian","Legal","Office of Gas and Electricity Markets","Outside London","[c]","[c]","[c]","[c]"
"In post","2023","Asian","Legal","Office of Qualifications and Examinations Regulation","Outside London","[c]","[c]","[c]","[c]"
"In post","2023","Asian","Legal","Office of Rail and Road","London","[c]","[c]","[c]","[c]"
"In post","2023","Asian","Legal","Office of Rail and Road","Outside London","[c]","[c]","[c]","[c]"
"In post","2023","Asian","Legal","Scottish Government","Outside London","25","25","[c]","[c]"
"In post","2023","Asian","Legal","The National Archives","London","[c]","[c]","[c]","[c]"
"In post","2023","Asian","Legal","UK Export Finance","London","10","10","[c]","[c]"
"In post","2023","Asian","Legal","UK Supreme Court","London","[c]","[c]","[c]","[c]"
"In post","2023","Asian","Legal","Water Services Regulation Authority","London","[c]","[c]","[c]","[c]"
"In post","2023","Asian","Legal","Water Services Regulation Authority","Outside London","[c]","[c]","[c]","[c]"
"In post","2023","Asian","Legal","Welsh Government","London","[c]","[c]","[c]","[c]"
"In post","2023","Asian","Legal","Welsh Government","Outside London","[c]","[c]","[c]","[c]"
"In post","2023","Asian","No function","Attorney General's Departments","London","5","5","[c]","[c]"
"In post","2023","Asian","No function","Cabinet Office","London","105","100","45890","41870"
"In post","2023","Asian","No function","Cabinet Office","Outside London","10","10","[c]","[c]"
"In post","2023","Asian","No function","Cabinet Office","Unknown","5","5","[c]","[c]"
"In post","2023","Asian","No function","Chancellor's other departments","London","[c]","[c]","[c]","[c]"
"In post","2023","Asian","No function","Chancellor's other departments","Outside London","[c]","[c]","[c]","[c]"
"In post","2023","Asian","No function","Charity Commission","London","[c]","[c]","[c]","[c]"
"In post","2023","Asian","No function","Charity Commission","Outside London","[c]","[c]","[c]","[c]"
"In post","2023","Asian","No function","Department for Business, Energy and Industrial Strategy","London","480","470","46380","41360"
"In post","2023","Asian","No function","Department for Business, Energy and Industrial Strategy","Outside London","230","220","32940","31350"
"In post","2023","Asian","No function","Department for Digital, Culture, Media and Sport","London","80","80","46940","52760"
"In post","2023","Asian","No function","Department for Digital, Culture, Media and Sport","Outside London","10","10","[c]","[c]"
"In post","2023","Asian","No function","Department for Education","London","165","160","46030","42010"
"In post","2023","Asian","No function","Department for Education","Outside London","195","190","36600","33370"
"In post","2023","Asian","No function","Department for Environment, Food and Rural Affairs","London","160","160","41650","40260"
"In post","2023","Asian","No function","Department for Environment, Food and Rural Affairs","Outside London","145","145","33600","30320"
"In post","2023","Asian","No function","Department for Environment, Food and Rural Affairs","Unknown","[c]","[c]","[c]","[c]"
"In post","2023","Asian","No function","Department for International Trade","London","165","160","46180","41550"
"In post","2023","Asian","No function","Department for International Trade","Outside London","20","20","[c]","[c]"
"In post","2023","Asian","No function","Department for International Trade","Overseas","15","15","[c]","[c]"
"In post","2023","Asian","No function","Department for Levelling Up, Housing and Communities","London","135","130","46650","40590"
"In post","2023","Asian","No function","Department for Levelling Up, Housing and Communities","Outside London","75","75","37310","33050"
"In post","2023","Asian","No function","Department for Transport","London","200","195","43760","37530"
"In post","2023","Asian","No function","Department for Transport","Outside London","280","265","31410","26960"
"In post","2023","Asian","No function","Department for Transport","Overseas","[c]","[c]","[c]","[c]"
"In post","2023","Asian","No function","Department for Transport","Unknown","[c]","[c]","[c]","[c]"
"In post","2023","Asian","No function","Department for Work and Pensions","London","1710","1515","32050","32520"
"In post","2023","Asian","No function","Department for Work and Pensions","Outside London","4180","3745","26900","28120"
"In post","2023","Asian","No function","Department for Work and Pensions","Unknown","25","20","[c]","[c]"
"In post","2023","Asian","No function","Department of Health and Social Care","London","455","435","45810","41080"
"In post","2023","Asian","No function","Department of Health and Social Care","Outside London","245","230","44300","33710"
"In post","2023","Asian","No function","Department of Health and Social Care","Overseas","[c]","[c]","[c]","[c]"
"In post","2023","Asian","No function","Department of Health and Social Care","Unknown","[c]","[c]","[c]","[c]"
"In post","2023","Asian","No function","Food Standards Agency","London","30","30","[c]","[c]"
"In post","2023","Asian","No function","Food Standards Agency","Outside London","25","20","[c]","[c]"
"In post","2023","Asian","No function","Food Standards Agency","Overseas","[c]","[c]","[c]","[c]"
"In post","2023","Asian","No function","Foreign, Commonwealth and Development Office","London","150","145","45040","39580"
"In post","2023","Asian","No function","Foreign, Commonwealth and Development Office","Outside London","[c]","[c]","[c]","[c]"
"In post","2023","Asian","No function","Foreign, Commonwealth and Development Office","Overseas","105","105","50320","53970"
"In post","2023","Asian","No function","HM Land Registry","London","30","25","[c]","[c]"
"In post","2023","Asian","No function","HM Land Registry","Outside London","140","125","27890","28080"
"In post","2023","Asian","No function","HM Revenue and Customs","London","605","575","42030","39790"
"In post","2023","Asian","No function","HM Revenue and Customs","Outside London","2740","2590","30340","27890"
"In post","2023","Asian","No function","HM Treasury","London","180","175","44500","38710"
"In post","2023","Asian","No function","HM Treasury","Outside London","10","10","[c]","[c]"
"In post","2023","Asian","No function","HM Treasury","Unknown","[c]","[c]","[c]","[c]"
"In post","2023","Asian","No function","Home Office","London","2655","2470","35110","30250"
"In post","2023","Asian","No function","Home Office","Outside London","1405","1275","27320","25880"
"In post","2023","Asian","No function","Home Office","Overseas","20","20","[c]","[c]"
"In post","2023","Asian","No function","Home Office","Unknown","15","15","[c]","[c]"
"In post","2023","Asian","No function","Ministry of Defence","London","195","185","35980","30080"
"In post","2023","Asian","No function","Ministry of Defence","Outside London","440","415","35540","31920"
"In post","2023","Asian","No function","Ministry of Defence","Overseas","10","10","[c]","[c]"
"In post","2023","Asian","No function","Ministry of Defence","Unknown","[c]","[c]","[c]","[c]"
"In post","2023","Asian","No function","Ministry of Justice","London","1415","1335","33650","29660"
"In post","2023","Asian","No function","Ministry of Justice","Outside London","3040","2775","27610","24570"
"In post","2023","Asian","No function","Ministry of Justice","Unknown","5","5","[c]","[c]"
"In post","2023","Asian","No function","National Crime Agency","London","120","115","40370","39720"
"In post","2023","Asian","No function","National Crime Agency","Outside London","95","95","37720","38310"
"In post","2023","Asian","No function","National Crime Agency","Overseas","[c]","[c]","[c]","[c]"
"In post","2023","Asian","No function","National Crime Agency","Unknown","[c]","[c]","[c]","[c]"
"In post","2023","Asian","No function","Office for Standards in Education, Children's Services and Skills","London","20","20","[c]","[c]"
"In post","2023","Asian","No function","Office for Standards in Education, Children's Services and Skills","Outside London","45","45","44910","40640"
"In post","2023","Asian","No function","Office of Gas and Electricity Markets","London","55","55","39800","33240"
"In post","2023","Asian","No function","Office of Gas and Electricity Markets","Outside London","10","10","[c]","[c]"
"In post","2023","Asian","No function","Office of Qualifications and Examinations Regulation","Outside London","30","25","[c]","[c]"
"In post","2023","Asian","No function","Office of Rail and Road","London","15","15","[c]","[c]"
"In post","2023","Asian","No function","Office of Rail and Road","Outside London","[c]","[c]","[c]","[c]"
"In post","2023","Asian","No function","Office of the Secretary of State for Scotland","London","[c]","[c]","[c]","[c]"
"In post","2023","Asian","No function","Office of the Secretary of State for Scotland","Outside London","[c]","[c]","[c]","[c]"
"In post","2023","Asian","No function","Office of the Secretary of State for Wales","London","[c]","[c]","[c]","[c]"
"In post","2023","Asian","No function","Office of the Secretary of State for Wales","Outside London","[c]","[c]","[c]","[c]"
"In post","2023","Asian","No function","Scottish Government","Outside London","60","55","30050","28600"
"In post","2023","Asian","No function","The National Archives","London","20","20","[c]","[c]"
"In post","2023","Asian","No function","The National Archives","Outside London","[c]","[c]","[c]","[c]"
"In post","2023","Asian","No function","UK Statistics Authority","London","[c]","[c]","[c]","[c]"
"In post","2023","Asian","No function","UK Statistics Authority","Outside London","80","65","26290","24300"
"In post","2023","Asian","No function","Water Services Regulation Authority","London","[c]","[c]","[c]","[c]"
"In post","2023","Asian","No function","Water Services Regulation Authority","Outside London","15","15","[c]","[c]"
"In post","2023","Asian","No function","Welsh Government","Outside London","[c]","[c]","[c]","[c]"
"In post","2023","Asian","Project Delivery","Attorney General's Departments","London","5","5","[c]","[c]"
"In post","2023","Asian","Project Delivery","Attorney General's Departments","Outside London","[c]","[c]","[c]","[c]"
"In post","2023","Asian","Project Delivery","Cabinet Office","London","25","25","[c]","[c]"
"In post","2023","Asian","Project Delivery","Cabinet Office","Outside London","15","15","[c]","[c]"
"In post","2023","Asian","Project Delivery","Cabinet Office","Unknown","[c]","[c]","[c]","[c]"
"In post","2023","Asian","Project Delivery","Chancellor's other departments","London","[c]","[c]","[c]","[c]"
"In post","2023","Asian","Project Delivery","Chancellor's other departments","Outside London","[c]","[c]","[c]","[c]"
"In post","2023","Asian","Project Delivery","Charity Commission","London","[c]","[c]","[c]","[c]"
"In post","2023","Asian","Project Delivery","Charity Commission","Outside London","[c]","[c]","[c]","[c]"
"In post","2023","Asian","Project Delivery","Competition and Markets Authority","London","60","60","46290","34620"
"In post","2023","Asian","Project Delivery","Competition and Markets Authority","Outside London","[c]","[c]","[c]","[c]"
"In post","2023","Asian","Project Delivery","Department for Business, Energy and Industrial Strategy","London","20","20","[c]","[c]"
"In post","2023","Asian","Project Delivery","Department for Business, Energy and Industrial Strategy","Outside London","15","15","[c]","[c]"
"In post","2023","Asian","Project Delivery","Department for Digital, Culture, Media and Sport","London","10","10","[c]","[c]"
"In post","2023","Asian","Project Delivery","Department for Digital, Culture, Media and Sport","Outside London","5","5","[c]","[c]"
"In post","2023","Asian","Project Delivery","Department for Education","London","35","35","45230","42140"
"In post","2023","Asian","Project Delivery","Department for Education","Outside London","75","70","44930","38070"
"In post","2023","Asian","Project Delivery","Department for Environment, Food and Rural Affairs","London","[c]","[c]","[c]","[c]"
"In post","2023","Asian","Project Delivery","Department for Environment, Food and Rural Affairs","Outside London","[c]","[c]","[c]","[c]"
"In post","2023","Asian","Project Delivery","Department for International Trade","London","5","5","[c]","[c]"
"In post","2023","Asian","Project Delivery","Department for International Trade","Outside London","[c]","[c]","[c]","[c]"
"In post","2023","Asian","Project Delivery","Department for Levelling Up, Housing and Communities","London","15","15","[c]","[c]"
"In post","2023","Asian","Project Delivery","Department for Levelling Up, Housing and Communities","Outside London","10","10","[c]","[c]"
"In post","2023","Asian","Project Delivery","Department for Transport","London","40","40","49270","45180"
"In post","2023","Asian","Project Delivery","Department for Transport","Outside London","10","10","[c]","[c]"
"In post","2023","Asian","Project Delivery","Department for Work and Pensions","London","40","40","40370","39150"
"In post","2023","Asian","Project Delivery","Department for Work and Pensions","Outside London","50","45","34340","34170"
"In post","2023","Asian","Project Delivery","Department for Work and Pensions","Unknown","[c]","[c]","[c]","[c]"
"In post","2023","Asian","Project Delivery","Department of Health and Social Care","London","100","100","47130","41190"
"In post","2023","Asian","Project Delivery","Department of Health and Social Care","Outside London","30","30","47140","42130"
"In post","2023","Asian","Project Delivery","Estyn","Outside London","[c]","[c]","[c]","[c]"
"In post","2023","Asian","Project Delivery","Food Standards Agency","London","[c]","[c]","[c]","[c]"
"In post","2023","Asian","Project Delivery","Food Standards Agency","Outside London","[c]","[c]","[c]","[c]"
"In post","2023","Asian","Project Delivery","Foreign, Commonwealth and Development Office","London","50","45","45360","40600"
"In post","2023","Asian","Project Delivery","Foreign, Commonwealth and Development Office","Outside London","10","10","[c]","[c]"
"In post","2023","Asian","Project Delivery","Foreign, Commonwealth and Development Office","Overseas","[c]","[c]","[c]","[c]"
"In post","2023","Asian","Project Delivery","HM Land Registry","London","[c]","[c]","[c]","[c]"
"In post","2023","Asian","Project Delivery","HM Land Registry","Outside London","[c]","[c]","[c]","[c]"
"In post","2023","Asian","Project Delivery","HM Revenue and Customs","London","225","215","51620","45960"
"In post","2023","Asian","Project Delivery","HM Revenue and Customs","Outside London","225","220","42290","41780"
"In post","2023","Asian","Project Delivery","HM Treasury","London","[c]","[c]","[c]","[c]"
"In post","2023","Asian","Project Delivery","HM Treasury","Outside London","[c]","[c]","[c]","[c]"
"In post","2023","Asian","Project Delivery","Home Office","London","5","5","[c]","[c]"
"In post","2023","Asian","Project Delivery","Home Office","Outside London","[c]","[c]","[c]","[c]"
"In post","2023","Asian","Project Delivery","Ministry of Defence","London","40","35","48650","45750"
"In post","2023","Asian","Project Delivery","Ministry of Defence","Outside London","220","215","40390","38790"
"In post","2023","Asian","Project Delivery","Ministry of Defence","Overseas","[c]","[c]","[c]","[c]"
"In post","2023","Asian","Project Delivery","Ministry of Defence","Unknown","[c]","[c]","[c]","[c]"
"In post","2023","Asian","Project Delivery","Ministry of Justice","London","25","25","[c]","[c]"
"In post","2023","Asian","Project Delivery","Ministry of Justice","Outside London","15","15","[c]","[c]"
"In post","2023","Asian","Project Delivery","National Crime Agency","London","5","5","[c]","[c]"
"In post","2023","Asian","Project Delivery","National Crime Agency","Outside London","[c]","[c]","[c]","[c]"
"In post","2023","Asian","Project Delivery","Northern Ireland Office","London","[c]","[c]","[c]","[c]"
"In post","2023","Asian","Project Delivery","Northern Ireland Office","Outside London","[c]","[c]","[c]","[c]"
"In post","2023","Asian","Project Delivery","Office of Gas and Electricity Markets","London","10","10","[c]","[c]"
"In post","2023","Asian","Project Delivery","Office of Gas and Electricity Markets","Outside London","[c]","[c]","[c]","[c]"
"In post","2023","Asian","Project Delivery","Office of Qualifications and Examinations Regulation","Outside London","[c]","[c]","[c]","[c]"
"In post","2023","Asian","Project Delivery","Office of Rail and Road","London","[c]","[c]","[c]","[c]"
"In post","2023","Asian","Project Delivery","Scottish Government","Outside London","[c]","[c]","[c]","[c]"
"In post","2023","Asian","Project Delivery","UK Export Finance","London","[c]","[c]","[c]","[c]"
"In post","2023","Asian","Project Delivery","UK Statistics Authority","London","[c]","[c]","[c]","[c]"
"In post","2023","Asian","Project Delivery","UK Statistics Authority","Outside London","5","5","[c]","[c]"
"In post","2023","Asian","Project Delivery","Water Services Regulation Authority","London","[c]","[c]","[c]","[c]"
"In post","2023","Asian","Project Delivery","Water Services Regulation Authority","Outside London","[c]","[c]","[c]","[c]"
"In post","2023","Asian","Project Delivery","Welsh Government","Outside London","[c]","[c]","[c]","[c]"
"In post","2023","Asian","Property","Attorney General's Departments","London","[c]","[c]","[c]","[c]"
"In post","2023","Asian","Property","Attorney General's Departments","Outside London","[c]","[c]","[c]","[c]"
"In post","2023","Asian","Property","Cabinet Office","London","15","15","[c]","[c]"
"In post","2023","Asian","Property","Cabinet Office","Outside London","35","35","39870","32960"
"In post","2023","Asian","Property","Cabinet Office","Unknown","[c]","[c]","[c]","[c]"
"In post","2023","Asian","Property","Chancellor's other departments","London","[c]","[c]","[c]","[c]"
"In post","2023","Asian","Property","Charity Commission","Outside London","[c]","[c]","[c]","[c]"
"In post","2023","Asian","Property","Competition and Markets Authority","London","[c]","[c]","[c]","[c]"
"In post","2023","Asian","Property","Department for Business, Energy and Industrial Strategy","London","[c]","[c]","[c]","[c]"
"In post","2023","Asian","Property","Department for Business, Energy and Industrial Strategy","Outside London","[c]","[c]","[c]","[c]"
"In post","2023","Asian","Property","Department for Education","London","[c]","[c]","[c]","[c]"
"In post","2023","Asian","Property","Department for Education","Outside London","[c]","[c]","[c]","[c]"
"In post","2023","Asian","Property","Department for Environment, Food and Rural Affairs","London","5","5","[c]","[c]"
"In post","2023","Asian","Property","Department for Environment, Food and Rural Affairs","Outside London","10","10","[c]","[c]"
"In post","2023","Asian","Property","Department for International Trade","London","[c]","[c]","[c]","[c]"
"In post","2023","Asian","Property","Department for International Trade","Outside London","[c]","[c]","[c]","[c]"
"In post","2023","Asian","Property","Department for Levelling Up, Housing and Communities","London","[c]","[c]","[c]","[c]"
"In post","2023","Asian","Property","Department for Levelling Up, Housing and Communities","Outside London","[c]","[c]","[c]","[c]"
"In post","2023","Asian","Property","Department for Transport","London","[c]","[c]","[c]","[c]"
"In post","2023","Asian","Property","Department for Transport","Outside London","[c]","[c]","[c]","[c]"
"In post","2023","Asian","Property","Department for Work and Pensions","London","10","10","[c]","[c]"
"In post","2023","Asian","Property","Department for Work and Pensions","Outside London","10","10","[c]","[c]"
"In post","2023","Asian","Property","Department for Work and Pensions","Unknown","[c]","[c]","[c]","[c]"
"In post","2023","Asian","Property","Department of Health and Social Care","London","[c]","[c]","[c]","[c]"
"In post","2023","Asian","Property","Department of Health and Social Care","Outside London","[c]","[c]","[c]","[c]"
"In post","2023","Asian","Property","Estyn","Outside London","[c]","[c]","[c]","[c]"
"In post","2023","Asian","Property","Food Standards Agency","London","[c]","[c]","[c]","[c]"
"In post","2023","Asian","Property","Foreign, Commonwealth and Development Office","London","[c]","[c]","[c]","[c]"
"In post","2023","Asian","Property","Foreign, Commonwealth and Development Office","Outside London","[c]","[c]","[c]","[c]"
"In post","2023","Asian","Property","Foreign, Commonwealth and Development Office","Overseas","[c]","[c]","[c]","[c]"
"In post","2023","Asian","Property","HM Land Registry","London","[c]","[c]","[c]","[c]"
"In post","2023","Asian","Property","HM Land Registry","Outside London","[c]","[c]","[c]","[c]"
"In post","2023","Asian","Property","HM Revenue and Customs","London","110","105","37840","35330"
"In post","2023","Asian","Property","HM Revenue and Customs","Outside London","130","120","31310","26890"
"In post","2023","Asian","Property","HM Treasury","London","[c]","[c]","[c]","[c]"
"In post","2023","Asian","Property","Home Office","London","5","5","[c]","[c]"
"In post","2023","Asian","Property","Home Office","Outside London","[c]","[c]","[c]","[c]"
"In post","2023","Asian","Property","Ministry of Defence","London","[c]","[c]","[c]","[c]"
"In post","2023","Asian","Property","Ministry of Defence","Outside London","15","15","[c]","[c]"
"In post","2023","Asian","Property","Ministry of Defence","Overseas","[c]","[c]","[c]","[c]"
"In post","2023","Asian","Property","Ministry of Defence","Unknown","[c]","[c]","[c]","[c]"
"In post","2023","Asian","Property","Ministry of Justice","London","30","30","[c]","[c]"
"In post","2023","Asian","Property","Ministry of Justice","Outside London","15","15","[c]","[c]"
"In post","2023","Asian","Property","Ministry of Justice","Unknown","[c]","[c]","[c]","[c]"
"In post","2023","Asian","Property","National Crime Agency","London","[c]","[c]","[c]","[c]"
"In post","2023","Asian","Property","National Crime Agency","Outside London","[c]","[c]","[c]","[c]"
"In post","2023","Asian","Property","Office for Standards in Education, Children's Services and Skills","London","[c]","[c]","[c]","[c]"
"In post","2023","Asian","Property","Office for Standards in Education, Children's Services and Skills","Outside London","[c]","[c]","[c]","[c]"
"In post","2023","Asian","Property","Office of Gas and Electricity Markets","London","[c]","[c]","[c]","[c]"
"In post","2023","Asian","Property","Office of Gas and Electricity Markets","Outside London","[c]","[c]","[c]","[c]"
"In post","2023","Asian","Property","Office of Qualifications and Examinations Regulation","Outside London","[c]","[c]","[c]","[c]"
"In post","2023","Asian","Property","Office of Rail and Road","London","[c]","[c]","[c]","[c]"
"In post","2023","Asian","Property","Scottish Government","Outside London","[c]","[c]","[c]","[c]"
"In post","2023","Asian","Property","The National Archives","London","[c]","[c]","[c]","[c]"
"In post","2023","Asian","Property","UK Statistics Authority","London","[c]","[c]","[c]","[c]"
"In post","2023","Asian","Property","UK Statistics Authority","Outside London","[c]","[c]","[c]","[c]"
"In post","2023","Asian","Property","UK Supreme Court","London","[c]","[c]","[c]","[c]"
"In post","2023","Asian","Property","Water Services Regulation Authority","Outside London","[c]","[c]","[c]","[c]"
"In post","2023","Asian","Security","Attorney General's Departments","London","[c]","[c]","[c]","[c]"
"In post","2023","Asian","Security","Attorney General's Departments","Outside London","[c]","[c]","[c]","[c]"
"In post","2023","Asian","Security","Cabinet Office","London","20","15","[c]","[c]"
"In post","2023","Asian","Security","Cabinet Office","Outside London","20","20","[c]","[c]"
"In post","2023","Asian","Security","Cabinet Office","Unknown","[c]","[c]","[c]","[c]"
"In post","2023","Asian","Security","Chancellor's other departments","London","[c]","[c]","[c]","[c]"
"In post","2023","Asian","Security","Chancellor's other departments","Outside London","[c]","[c]","[c]","[c]"
"In post","2023","Asian","Security","Charity Commission","London","[c]","[c]","[c]","[c]"
"In post","2023","Asian","Security","Charity Commission","Outside London","[c]","[c]","[c]","[c]"
"In post","2023","Asian","Security","Competition and Markets Authority","London","[c]","[c]","[c]","[c]"
"In post","2023","Asian","Security","Department for Business, Energy and Industrial Strategy","London","[c]","[c]","[c]","[c]"
"In post","2023","Asian","Security","Department for Business, Energy and Industrial Strategy","Outside London","[c]","[c]","[c]","[c]"
"In post","2023","Asian","Security","Department for Digital, Culture, Media and Sport","London","[c]","[c]","[c]","[c]"
"In post","2023","Asian","Security","Department for Digital, Culture, Media and Sport","Outside London","[c]","[c]","[c]","[c]"
"In post","2023","Asian","Security","Department for Education","London","[c]","[c]","[c]","[c]"
"In post","2023","Asian","Security","Department for Education","Outside London","[c]","[c]","[c]","[c]"
"In post","2023","Asian","Security","Department for International Trade","London","5","5","[c]","[c]"
"In post","2023","Asian","Security","Department for International Trade","Outside London","[c]","[c]","[c]","[c]"
"In post","2023","Asian","Security","Department for Levelling Up, Housing and Communities","London","[c]","[c]","[c]","[c]"
"In post","2023","Asian","Security","Department for Levelling Up, Housing and Communities","Outside London","[c]","[c]","[c]","[c]"
"In post","2023","Asian","Security","Department for Transport","London","10","10","[c]","[c]"
"In post","2023","Asian","Security","Department for Transport","Outside London","[c]","[c]","[c]","[c]"
"In post","2023","Asian","Security","Department for Work and Pensions","London","[c]","[c]","[c]","[c]"
"In post","2023","Asian","Security","Department for Work and Pensions","Outside London","5","5","[c]","[c]"
"In post","2023","Asian","Security","Department for Work and Pensions","Unknown","[c]","[c]","[c]","[c]"
"In post","2023","Asian","Security","Department of Health and Social Care","London","10","10","[c]","[c]"
"In post","2023","Asian","Security","Department of Health and Social Care","Outside London","[c]","[c]","[c]","[c]"
"In post","2023","Asian","Security","Estyn","Outside London","[c]","[c]","[c]","[c]"
"In post","2023","Asian","Security","Food Standards Agency","London","[c]","[c]","[c]","[c]"
"In post","2023","Asian","Security","Food Standards Agency","Outside London","[c]","[c]","[c]","[c]"
"In post","2023","Asian","Security","Foreign, Commonwealth and Development Office","London","45","40","41650","38540"
"In post","2023","Asian","Security","Foreign, Commonwealth and Development Office","Outside London","5","5","[c]","[c]"
"In post","2023","Asian","Security","Foreign, Commonwealth and Development Office","Overseas","5","5","[c]","[c]"
"In post","2023","Asian","Security","HM Revenue and Customs","London","[c]","[c]","[c]","[c]"
"In post","2023","Asian","Security","HM Revenue and Customs","Outside London","10","10","[c]","[c]"
"In post","2023","Asian","Security","Home Office","London","70","65","28890","26400"
"In post","2023","Asian","Security","Home Office","Outside London","[c]","[c]","[c]","[c]"
"In post","2023","Asian","Security","Home Office","Overseas","[c]","[c]","[c]","[c]"
"In post","2023","Asian","Security","Ministry of Defence","London","40","40","35270","33200"
"In post","2023","Asian","Security","Ministry of Defence","Outside London","95","95","28070","24380"
"In post","2023","Asian","Security","Ministry of Defence","Overseas","[c]","[c]","[c]","[c]"
"In post","2023","Asian","Security","Ministry of Defence","Unknown","[c]","[c]","[c]","[c]"
"In post","2023","Asian","Security","Ministry of Justice","London","5","5","[c]","[c]"
"In post","2023","Asian","Security","Ministry of Justice","Outside London","10","10","[c]","[c]"
"In post","2023","Asian","Security","National Crime Agency","London","10","10","[c]","[c]"
"In post","2023","Asian","Security","National Crime Agency","Outside London","[c]","[c]","[c]","[c]"
"In post","2023","Asian","Security","National Crime Agency","Unknown","[c]","[c]","[c]","[c]"
"In post","2023","Asian","Security","Northern Ireland Office","Outside London","[c]","[c]","[c]","[c]"
"In post","2023","Asian","Security","Office of Gas and Electricity Markets","London","[c]","[c]","[c]","[c]"
"In post","2023","Asian","Security","Office of Gas and Electricity Markets","Outside London","[c]","[c]","[c]","[c]"
"In post","2023","Asian","Security","Scottish Government","Outside London","[c]","[c]","[c]","[c]"
"In post","2023","Asian","Security","UK Export Finance","London","[c]","[c]","[c]","[c]"
"In post","2023","Asian","Security","UK Statistics Authority","London","[c]","[c]","[c]","[c]"
"In post","2023","Asian","Security","UK Statistics Authority","Outside London","[c]","[c]","[c]","[c]"
"In post","2023","Asian","Security","Water Services Regulation Authority","Outside London","[c]","[c]","[c]","[c]"
"In post","2023","Asian","Unknown","Attorney General's Departments","London","5","5","[c]","[c]"
"In post","2023","Asian","Unknown","Attorney General's Departments","Outside London","[c]","[c]","[c]","[c]"
"In post","2023","Asian","Unknown","Cabinet Office","London","90","90","30580","30130"
"In post","2023","Asian","Unknown","Cabinet Office","Outside London","25","25","[c]","[c]"
"In post","2023","Asian","Unknown","Cabinet Office","Unknown","[c]","[c]","[c]","[c]"
"In post","2023","Asian","Unknown","Department for Business, Energy and Industrial Strategy","Outside London","[c]","[c]","[c]","[c]"
"In post","2023","Asian","Unknown","Department for Digital, Culture, Media and Sport","London","[c]","[c]","[c]","[c]"
"In post","2023","Asian","Unknown","Department for Education","London","10","10","[c]","[c]"
"In post","2023","Asian","Unknown","Department for Education","Outside London","15","15","[c]","[c]"
"In post","2023","Asian","Unknown","Department for International Trade","London","[c]","[c]","[c]","[c]"
"In post","2023","Asian","Unknown","Department for International Trade","Outside London","[c]","[c]","[c]","[c]"
"In post","2023","Asian","Unknown","Department for Work and Pensions","London","90","85","41530","39150"
"In post","2023","Asian","Unknown","Department for Work and Pensions","Outside London","60","55","30230","28120"
"In post","2023","Asian","Unknown","Department for Work and Pensions","Unknown","[c]","[c]","[c]","[c]"
"In post","2023","Asian","Unknown","Department of Health and Social Care","London","30","30","46930","43840"
"In post","2023","Asian","Unknown","Department of Health and Social Care","Outside London","[c]","[c]","[c]","[c]"
"In post","2023","Asian","Unknown","Food Standards Agency","Outside London","[c]","[c]","[c]","[c]"
"In post","2023","Asian","Unknown","Foreign, Commonwealth and Development Office","London","[c]","[c]","[c]","[c]"
"In post","2023","Asian","Unknown","Foreign, Commonwealth and Development Office","Outside London","[c]","[c]","[c]","[c]"
"In post","2023","Asian","Unknown","Foreign, Commonwealth and Development Office","Overseas","[c]","[c]","[c]","[c]"
"In post","2023","Asian","Unknown","HM Revenue and Customs","London","[c]","[c]","[c]","[c]"
"In post","2023","Asian","Unknown","HM Revenue and Customs","Outside London","[c]","[c]","[c]","[c]"
"In post","2023","Asian","Unknown","Ministry of Defence","London","[c]","[c]","[c]","[c]"
"In post","2023","Asian","Unknown","Ministry of Defence","Outside London","50","45","41890","39890"
"In post","2023","Asian","Unknown","Ministry of Defence","Unknown","[c]","[c]","[c]","[c]"
"In post","2023","Asian","Unknown","Northern Ireland Office","London","[c]","[c]","[c]","[c]"
"In post","2023","Asian","Unknown","Northern Ireland Office","Outside London","[c]","[c]","[c]","[c]"
"In post","2023","Asian","Unknown","Office of Gas and Electricity Markets","London","15","15","[c]","[c]"
"In post","2023","Asian","Unknown","Office of Gas and Electricity Markets","Outside London","5","5","[c]","[c]"
"In post","2023","Asian","Unknown","Office of the Secretary of State for Scotland","London","[c]","[c]","[c]","[c]"
"In post","2023","Asian","Unknown","Office of the Secretary of State for Scotland","Outside London","[c]","[c]","[c]","[c]"
"In post","2023","Asian","Unknown","Scottish Government","London","[c]","[c]","[c]","[c]"
"In post","2023","Asian","Unknown","Scottish Government","Outside London","245","235","38470","34730"
"In post","2023","Asian","Unknown","Scottish Government","Overseas","[c]","[c]","[c]","[c]"
"In post","2023","Asian","Unknown","Welsh Government","London","[c]","[c]","[c]","[c]"
"In post","2023","Asian","Unknown","Welsh Government","Outside London","70","70","42950","39690"
"In post","2023","Asian","Unknown","Welsh Government","Overseas","[c]","[c]","[c]","[c]"
"In post","2023","Black","Analysis","Attorney General's Departments","London","[c]","[c]","[c]","[c]"
"In post","2023","Black","Analysis","Attorney General's Departments","Outside London","[c]","[c]","[c]","[c]"
"In post","2023","Black","Analysis","Cabinet Office","London","[c]","[c]","[c]","[c]"
"In post","2023","Black","Analysis","Cabinet Office","Outside London","[c]","[c]","[c]","[c]"
"In post","2023","Black","Analysis","Cabinet Office","Unknown","[c]","[c]","[c]","[c]"
"In post","2023","Black","Analysis","Chancellor's other departments","London","[c]","[c]","[c]","[c]"
"In post","2023","Black","Analysis","Chancellor's other departments","Outside London","[c]","[c]","[c]","[c]"
"In post","2023","Black","Analysis","Charity Commission","London","[c]","[c]","[c]","[c]"
"In post","2023","Black","Analysis","Charity Commission","Outside London","[c]","[c]","[c]","[c]"
"In post","2023","Black","Analysis","Competition and Markets Authority","London","[c]","[c]","[c]","[c]"
"In post","2023","Black","Analysis","Competition and Markets Authority","Outside London","[c]","[c]","[c]","[c]"
"In post","2023","Black","Analysis","Department for Business, Energy and Industrial Strategy","London","10","10","[c]","[c]"
"In post","2023","Black","Analysis","Department for Business, Energy and Industrial Strategy","Outside London","[c]","[c]","[c]","[c]"
"In post","2023","Black","Analysis","Department for Digital, Culture, Media and Sport","London","[c]","[c]","[c]","[c]"
"In post","2023","Black","Analysis","Department for Digital, Culture, Media and Sport","Outside London","[c]","[c]","[c]","[c]"
"In post","2023","Black","Analysis","Department for Education","London","10","10","[c]","[c]"
"In post","2023","Black","Analysis","Department for Education","Outside London","5","5","[c]","[c]"
"In post","2023","Black","Analysis","Department for Environment, Food and Rural Affairs","Outside London","[c]","[c]","[c]","[c]"
"In post","2023","Black","Analysis","Department for International Trade","London","5","5","[c]","[c]"
"In post","2023","Black","Analysis","Department for International Trade","Outside London","[c]","[c]","[c]","[c]"
"In post","2023","Black","Analysis","Department for Levelling Up, Housing and Communities","London","10","10","[c]","[c]"
"In post","2023","Black","Analysis","Department for Levelling Up, Housing and Communities","Outside London","[c]","[c]","[c]","[c]"
"In post","2023","Black","Analysis","Department for Transport","London","[c]","[c]","[c]","[c]"
"In post","2023","Black","Analysis","Department for Transport","Outside London","[c]","[c]","[c]","[c]"
"In post","2023","Black","Analysis","Department for Work and Pensions","London","5","5","[c]","[c]"
"In post","2023","Black","Analysis","Department for Work and Pensions","Outside London","10","10","[c]","[c]"
"In post","2023","Black","Analysis","Department for Work and Pensions","Unknown","[c]","[c]","[c]","[c]"
"In post","2023","Black","Analysis","Department of Health and Social Care","London","15","15","[c]","[c]"
"In post","2023","Black","Analysis","Department of Health and Social Care","Outside London","[c]","[c]","[c]","[c]"
"In post","2023","Black","Analysis","Estyn","Outside London","[c]","[c]","[c]","[c]"
"In post","2023","Black","Analysis","Food Standards Agency","London","[c]","[c]","[c]","[c]"
"In post","2023","Black","Analysis","Food Standards Agency","Outside London","[c]","[c]","[c]","[c]"
"In post","2023","Black","Analysis","Foreign, Commonwealth and Development Office","London","[c]","[c]","[c]","[c]"
"In post","2023","Black","Analysis","Foreign, Commonwealth and Development Office","Outside London","[c]","[c]","[c]","[c]"
"In post","2023","Black","Analysis","Foreign, Commonwealth and Development Office","Overseas","[c]","[c]","[c]","[c]"
"In post","2023","Black","Analysis","HM Land Registry","London","[c]","[c]","[c]","[c]"
"In post","2023","Black","Analysis","HM Land Registry","Outside London","[c]","[c]","[c]","[c]"
"In post","2023","Black","Analysis","HM Revenue and Customs","London","25","20","[c]","[c]"
"In post","2023","Black","Analysis","HM Revenue and Customs","Outside London","10","10","[c]","[c]"
"In post","2023","Black","Analysis","HM Treasury","London","5","5","[c]","[c]"
"In post","2023","Black","Analysis","HM Treasury","Outside London","[c]","[c]","[c]","[c]"
"In post","2023","Black","Analysis","Home Office","London","15","15","[c]","[c]"
"In post","2023","Black","Analysis","Home Office","Outside London","[c]","[c]","[c]","[c]"
"In post","2023","Black","Analysis","Ministry of Defence","London","5","5","[c]","[c]"
"In post","2023","Black","Analysis","Ministry of Defence","Outside London","10","10","[c]","[c]"
"In post","2023","Black","Analysis","Ministry of Defence","Overseas","[c]","[c]","[c]","[c]"
"In post","2023","Black","Analysis","Ministry of Justice","London","25","25","[c]","[c]"
"In post","2023","Black","Analysis","Ministry of Justice","Outside London","[c]","[c]","[c]","[c]"
"In post","2023","Black","Analysis","Ministry of Justice","Unknown","[c]","[c]","[c]","[c]"
"In post","2023","Black","Analysis","Office for Standards in Education, Children's Services and Skills","London","[c]","[c]","[c]","[c]"
"In post","2023","Black","Analysis","Office for Standards in Education, Children's Services and Skills","Outside London","[c]","[c]","[c]","[c]"
"In post","2023","Black","Analysis","Office of Gas and Electricity Markets","London","5","5","[c]","[c]"
"In post","2023","Black","Analysis","Office of Gas and Electricity Markets","Outside London","[c]","[c]","[c]","[c]"
"In post","2023","Black","Analysis","Office of Rail and Road","London","[c]","[c]","[c]","[c]"
"In post","2023","Black","Analysis","Office of Rail and Road","Outside London","[c]","[c]","[c]","[c]"
"In post","2023","Black","Analysis","Scottish Government","Outside London","[c]","[c]","[c]","[c]"
"In post","2023","Black","Analysis","UK Export Finance","London","[c]","[c]","[c]","[c]"
"In post","2023","Black","Analysis","UK Statistics Authority","London","10","10","[c]","[c]"
"In post","2023","Black","Analysis","UK Statistics Authority","Outside London","30","30","34760","31560"
"In post","2023","Black","Analysis","Water Services Regulation Authority","London","[c]","[c]","[c]","[c]"
"In post","2023","Black","Analysis","Water Services Regulation Authority","Outside London","[c]","[c]","[c]","[c]"
"In post","2023","Black","Analysis","Welsh Government","Outside London","[c]","[c]","[c]","[c]"
"In post","2023","Black","Commercial","Attorney General's Departments","London","[c]","[c]","[c]","[c]"
"In post","2023","Black","Commercial","Attorney General's Departments","Outside London","[c]","[c]","[c]","[c]"
"In post","2023","Black","Commercial","Cabinet Office","London","35","35","67280","65500"
"In post","2023","Black","Commercial","Cabinet Office","Outside London","15","15","[c]","[c]"
"In post","2023","Black","Commercial","Cabinet Office","Unknown","[c]","[c]","[c]","[c]"
"In post","2023","Black","Commercial","Chancellor's other departments","London","[c]","[c]","[c]","[c]"
"In post","2023","Black","Commercial","Chancellor's other departments","Outside London","[c]","[c]","[c]","[c]"
"In post","2023","Black","Commercial","Charity Commission","Outside London","[c]","[c]","[c]","[c]"
"In post","2023","Black","Commercial","Competition and Markets Authority","London","[c]","[c]","[c]","[c]"
"In post","2023","Black","Commercial","Competition and Markets Authority","Outside London","[c]","[c]","[c]","[c]"
"In post","2023","Black","Commercial","Department for Business, Energy and Industrial Strategy","London","[c]","[c]","[c]","[c]"
"In post","2023","Black","Commercial","Department for Business, Energy and Industrial Strategy","Outside London","[c]","[c]","[c]","[c]"
"In post","2023","Black","Commercial","Department for Digital, Culture, Media and Sport","London","[c]","[c]","[c]","[c]"
"In post","2023","Black","Commercial","Department for Digital, Culture, Media and Sport","Outside London","[c]","[c]","[c]","[c]"
"In post","2023","Black","Commercial","Department for Education","London","[c]","[c]","[c]","[c]"
"In post","2023","Black","Commercial","Department for Education","Outside London","10","10","[c]","[c]"
"In post","2023","Black","Commercial","Department for Environment, Food and Rural Affairs","London","5","5","[c]","[c]"
"In post","2023","Black","Commercial","Department for Environment, Food and Rural Affairs","Outside London","10","10","[c]","[c]"
"In post","2023","Black","Commercial","Department for International Trade","London","[c]","[c]","[c]","[c]"
"In post","2023","Black","Commercial","Department for International Trade","Outside London","[c]","[c]","[c]","[c]"
"In post","2023","Black","Commercial","Department for Levelling Up, Housing and Communities","London","[c]","[c]","[c]","[c]"
"In post","2023","Black","Commercial","Department for Levelling Up, Housing and Communities","Outside London","[c]","[c]","[c]","[c]"
"In post","2023","Black","Commercial","Department for Transport","London","10","10","[c]","[c]"
"In post","2023","Black","Commercial","Department for Transport","Outside London","[c]","[c]","[c]","[c]"
"In post","2023","Black","Commercial","Department for Work and Pensions","London","[c]","[c]","[c]","[c]"
"In post","2023","Black","Commercial","Department for Work and Pensions","Outside London","[c]","[c]","[c]","[c]"
"In post","2023","Black","Commercial","Department of Health and Social Care","London","[c]","[c]","[c]","[c]"
"In post","2023","Black","Commercial","Department of Health and Social Care","Outside London","[c]","[c]","[c]","[c]"
"In post","2023","Black","Commercial","Estyn","Outside London","[c]","[c]","[c]","[c]"
"In post","2023","Black","Commercial","Food Standards Agency","London","[c]","[c]","[c]","[c]"
"In post","2023","Black","Commercial","Food Standards Agency","Outside London","[c]","[c]","[c]","[c]"
"In post","2023","Black","Commercial","Foreign, Commonwealth and Development Office","London","[c]","[c]","[c]","[c]"
"In post","2023","Black","Commercial","Foreign, Commonwealth and Development Office","Outside London","[c]","[c]","[c]","[c]"
"In post","2023","Black","Commercial","Foreign, Commonwealth and Development Office","Overseas","[c]","[c]","[c]","[c]"
"In post","2023","Black","Commercial","HM Land Registry","London","[c]","[c]","[c]","[c]"
"In post","2023","Black","Commercial","HM Land Registry","Outside London","[c]","[c]","[c]","[c]"
"In post","2023","Black","Commercial","HM Revenue and Customs","London","[c]","[c]","[c]","[c]"
"In post","2023","Black","Commercial","HM Revenue and Customs","Outside London","5","5","[c]","[c]"
"In post","2023","Black","Commercial","HM Treasury","London","[c]","[c]","[c]","[c]"
"In post","2023","Black","Commercial","HM Treasury","Outside London","[c]","[c]","[c]","[c]"
"In post","2023","Black","Commercial","Home Office","London","5","5","[c]","[c]"
"In post","2023","Black","Commercial","Home Office","Outside London","[c]","[c]","[c]","[c]"
"In post","2023","Black","Commercial","Ministry of Defence","London","[c]","[c]","[c]","[c]"
"In post","2023","Black","Commercial","Ministry of Defence","Outside London","40","40","33390","32500"
"In post","2023","Black","Commercial","Ministry of Defence","Overseas","[c]","[c]","[c]","[c]"
"In post","2023","Black","Commercial","Ministry of Justice","London","15","15","[c]","[c]"
"In post","2023","Black","Commercial","Ministry of Justice","Outside London","[c]","[c]","[c]","[c]"
"In post","2023","Black","Commercial","Ministry of Justice","Unknown","[c]","[c]","[c]","[c]"
"In post","2023","Black","Commercial","National Crime Agency","London","[c]","[c]","[c]","[c]"
"In post","2023","Black","Commercial","National Crime Agency","Outside London","[c]","[c]","[c]","[c]"
"In post","2023","Black","Commercial","Office for Standards in Education, Children's Services and Skills","Outside London","[c]","[c]","[c]","[c]"
"In post","2023","Black","Commercial","Office of Qualifications and Examinations Regulation","Outside London","[c]","[c]","[c]","[c]"
"In post","2023","Black","Commercial","Office of Rail and Road","London","[c]","[c]","[c]","[c]"
"In post","2023","Black","Commercial","Scottish Government","Outside London","[c]","[c]","[c]","[c]"
"In post","2023","Black","Commercial","The National Archives","London","[c]","[c]","[c]","[c]"
"In post","2023","Black","Commercial","UK Export Finance","London","15","15","[c]","[c]"
"In post","2023","Black","Commercial","UK Export Finance","Outside London","[c]","[c]","[c]","[c]"
"In post","2023","Black","Commercial","UK Statistics Authority","London","[c]","[c]","[c]","[c]"
"In post","2023","Black","Commercial","UK Statistics Authority","Outside London","[c]","[c]","[c]","[c]"
"In post","2023","Black","Commercial","Water Services Regulation Authority","Outside London","[c]","[c]","[c]","[c]"
"In post","2023","Black","Communications","Attorney General's Departments","London","[c]","[c]","[c]","[c]"
"In post","2023","Black","Communications","Attorney General's Departments","Outside London","[c]","[c]","[c]","[c]"
"In post","2023","Black","Communications","Cabinet Office","London","5","5","[c]","[c]"
"In post","2023","Black","Communications","Cabinet Office","Outside London","[c]","[c]","[c]","[c]"
"In post","2023","Black","Communications","Cabinet Office","Unknown","[c]","[c]","[c]","[c]"
"In post","2023","Black","Communications","Chancellor's other departments","London","[c]","[c]","[c]","[c]"
"In post","2023","Black","Communications","Chancellor's other departments","Outside London","[c]","[c]","[c]","[c]"
"In post","2023","Black","Communications","Charity Commission","London","[c]","[c]","[c]","[c]"
"In post","2023","Black","Communications","Charity Commission","Outside London","[c]","[c]","[c]","[c]"
"In post","2023","Black","Communications","Competition and Markets Authority","London","[c]","[c]","[c]","[c]"
"In post","2023","Black","Communications","Competition and Markets Authority","Outside London","[c]","[c]","[c]","[c]"
"In post","2023","Black","Communications","Department for Business, Energy and Industrial Strategy","London","[c]","[c]","[c]","[c]"
"In post","2023","Black","Communications","Department for Business, Energy and Industrial Strategy","Outside London","[c]","[c]","[c]","[c]"
"In post","2023","Black","Communications","Department for Digital, Culture, Media and Sport","London","[c]","[c]","[c]","[c]"
"In post","2023","Black","Communications","Department for Digital, Culture, Media and Sport","Outside London","[c]","[c]","[c]","[c]"
"In post","2023","Black","Communications","Department for Education","London","5","5","[c]","[c]"
"In post","2023","Black","Communications","Department for Education","Outside London","[c]","[c]","[c]","[c]"
"In post","2023","Black","Communications","Department for Environment, Food and Rural Affairs","London","[c]","[c]","[c]","[c]"
"In post","2023","Black","Communications","Department for Environment, Food and Rural Affairs","Outside London","[c]","[c]","[c]","[c]"
"In post","2023","Black","Communications","Department for Environment, Food and Rural Affairs","Unknown","[c]","[c]","[c]","[c]"
"In post","2023","Black","Communications","Department for International Trade","London","[c]","[c]","[c]","[c]"
"In post","2023","Black","Communications","Department for International Trade","Outside London","[c]","[c]","[c]","[c]"
"In post","2023","Black","Communications","Department for Levelling Up, Housing and Communities","London","5","5","[c]","[c]"
"In post","2023","Black","Communications","Department for Levelling Up, Housing and Communities","Outside London","[c]","[c]","[c]","[c]"
"In post","2023","Black","Communications","Department for Transport","London","[c]","[c]","[c]","[c]"
"In post","2023","Black","Communications","Department for Transport","Outside London","[c]","[c]","[c]","[c]"
"In post","2023","Black","Communications","Department for Work and Pensions","London","10","10","[c]","[c]"
"In post","2023","Black","Communications","Department for Work and Pensions","Outside London","[c]","[c]","[c]","[c]"
"In post","2023","Black","Communications","Department of Health and Social Care","London","10","10","[c]","[c]"
"In post","2023","Black","Communications","Department of Health and Social Care","Outside London","[c]","[c]","[c]","[c]"
"In post","2023","Black","Communications","Estyn","Outside London","[c]","[c]","[c]","[c]"
"In post","2023","Black","Communications","Food Standards Agency","London","[c]","[c]","[c]","[c]"
"In post","2023","Black","Communications","Food Standards Agency","Outside London","[c]","[c]","[c]","[c]"
"In post","2023","Black","Communications","Foreign, Commonwealth and Development Office","London","[c]","[c]","[c]","[c]"
"In post","2023","Black","Communications","Foreign, Commonwealth and Development Office","Outside London","[c]","[c]","[c]","[c]"
"In post","2023","Black","Communications","HM Land Registry","London","[c]","[c]","[c]","[c]"
"In post","2023","Black","Communications","HM Land Registry","Outside London","[c]","[c]","[c]","[c]"
"In post","2023","Black","Communications","HM Revenue and Customs","London","5","5","[c]","[c]"
"In post","2023","Black","Communications","HM Revenue and Customs","Outside London","[c]","[c]","[c]","[c]"
"In post","2023","Black","Communications","HM Treasury","London","[c]","[c]","[c]","[c]"
"In post","2023","Black","Communications","HM Treasury","Outside London","[c]","[c]","[c]","[c]"
"In post","2023","Black","Communications","Home Office","London","[c]","[c]","[c]","[c]"
"In post","2023","Black","Communications","Home Office","Outside London","[c]","[c]","[c]","[c]"
"In post","2023","Black","Communications","Ministry of Defence","London","[c]","[c]","[c]","[c]"
"In post","2023","Black","Communications","Ministry of Defence","Outside London","[c]","[c]","[c]","[c]"
"In post","2023","Black","Communications","Ministry of Defence","Overseas","[c]","[c]","[c]","[c]"
"In post","2023","Black","Communications","Ministry of Justice","London","5","5","[c]","[c]"
"In post","2023","Black","Communications","Ministry of Justice","Outside London","[c]","[c]","[c]","[c]"
"In post","2023","Black","Communications","National Crime Agency","London","[c]","[c]","[c]","[c]"
"In post","2023","Black","Communications","National Crime Agency","Outside London","[c]","[c]","[c]","[c]"
"In post","2023","Black","Communications","Northern Ireland Office","London","[c]","[c]","[c]","[c]"
"In post","2023","Black","Communications","Northern Ireland Office","Outside London","[c]","[c]","[c]","[c]"
"In post","2023","Black","Communications","Office for Standards in Education, Children's Services and Skills","London","[c]","[c]","[c]","[c]"
"In post","2023","Black","Communications","Office for Standards in Education, Children's Services and Skills","Outside London","[c]","[c]","[c]","[c]"
"In post","2023","Black","Communications","Office of Gas and Electricity Markets","London","[c]","[c]","[c]","[c]"
"In post","2023","Black","Communications","Office of Gas and Electricity Markets","Outside London","[c]","[c]","[c]","[c]"
"In post","2023","Black","Communications","Office of Qualifications and Examinations Regulation","Outside London","[c]","[c]","[c]","[c]"
"In post","2023","Black","Communications","Office of Rail and Road","London","[c]","[c]","[c]","[c]"
"In post","2023","Black","Communications","Office of Rail and Road","Outside London","[c]","[c]","[c]","[c]"
"In post","2023","Black","Communications","Office of the Secretary of State for Scotland","London","[c]","[c]","[c]","[c]"
"In post","2023","Black","Communications","Office of the Secretary of State for Scotland","Outside London","[c]","[c]","[c]","[c]"
"In post","2023","Black","Communications","Office of the Secretary of State for Wales","London","[c]","[c]","[c]","[c]"
"In post","2023","Black","Communications","Office of the Secretary of State for Wales","Outside London","[c]","[c]","[c]","[c]"
"In post","2023","Black","Communications","Scottish Government","Outside London","[c]","[c]","[c]","[c]"
"In post","2023","Black","Communications","The National Archives","London","[c]","[c]","[c]","[c]"
"In post","2023","Black","Communications","UK Export Finance","London","[c]","[c]","[c]","[c]"
"In post","2023","Black","Communications","UK Export Finance","Outside London","[c]","[c]","[c]","[c]"
"In post","2023","Black","Communications","UK Statistics Authority","London","[c]","[c]","[c]","[c]"
"In post","2023","Black","Communications","UK Statistics Authority","Outside London","[c]","[c]","[c]","[c]"
"In post","2023","Black","Communications","UK Supreme Court","London","[c]","[c]","[c]","[c]"
"In post","2023","Black","Communications","Water Services Regulation Authority","London","[c]","[c]","[c]","[c]"
"In post","2023","Black","Communications","Water Services Regulation Authority","Outside London","[c]","[c]","[c]","[c]"
"In post","2023","Black","Communications","Welsh Government","Outside London","[c]","[c]","[c]","[c]"
"In post","2023","Black","Counter Fraud","Attorney General's Departments","London","15","15","[c]","[c]"
"In post","2023","Black","Counter Fraud","Cabinet Office","London","[c]","[c]","[c]","[c]"
"In post","2023","Black","Counter Fraud","Cabinet Office","Outside London","[c]","[c]","[c]","[c]"
"In post","2023","Black","Counter Fraud","Cabinet Office","Unknown","[c]","[c]","[c]","[c]"
"In post","2023","Black","Counter Fraud","Chancellor's other departments","Outside London","[c]","[c]","[c]","[c]"
"In post","2023","Black","Counter Fraud","Department for Business, Energy and Industrial Strategy","London","[c]","[c]","[c]","[c]"
"In post","2023","Black","Counter Fraud","Department for Business, Energy and Industrial Strategy","Outside London","[c]","[c]","[c]","[c]"
"In post","2023","Black","Counter Fraud","Department for Digital, Culture, Media and Sport","London","[c]","[c]","[c]","[c]"
"In post","2023","Black","Counter Fraud","Department for Digital, Culture, Media and Sport","Outside London","[c]","[c]","[c]","[c]"
"In post","2023","Black","Counter Fraud","Department for Levelling Up, Housing and Communities","Outside London","[c]","[c]","[c]","[c]"
"In post","2023","Black","Counter Fraud","Department for Transport","London","[c]","[c]","[c]","[c]"
"In post","2023","Black","Counter Fraud","Department for Transport","Outside London","[c]","[c]","[c]","[c]"
"In post","2023","Black","Counter Fraud","Department for Work and Pensions","London","260","245","31400","32520"
"In post","2023","Black","Counter Fraud","Department for Work and Pensions","Outside London","130","120","29130","28120"
"In post","2023","Black","Counter Fraud","Department for Work and Pensions","Unknown","[c]","[c]","[c]","[c]"
"In post","2023","Black","Counter Fraud","Food Standards Agency","London","[c]","[c]","[c]","[c]"
"In post","2023","Black","Counter Fraud","Food Standards Agency","Outside London","[c]","[c]","[c]","[c]"
"In post","2023","Black","Counter Fraud","HM Land Registry","Outside London","[c]","[c]","[c]","[c]"
"In post","2023","Black","Counter Fraud","HM Revenue and Customs","London","190","185","37030","33690"
"In post","2023","Black","Counter Fraud","HM Revenue and Customs","Outside London","90","85","31380","28920"
"In post","2023","Black","Counter Fraud","Home Office","London","[c]","[c]","[c]","[c]"
"In post","2023","Black","Counter Fraud","Home Office","Outside London","[c]","[c]","[c]","[c]"
"In post","2023","Black","Counter Fraud","Ministry of Defence","London","[c]","[c]","[c]","[c]"
"In post","2023","Black","Counter Fraud","Ministry of Defence","Outside London","[c]","[c]","[c]","[c]"
"In post","2023","Black","Counter Fraud","Ministry of Justice","London","[c]","[c]","[c]","[c]"
"In post","2023","Black","Counter Fraud","Ministry of Justice","Outside London","[c]","[c]","[c]","[c]"
"In post","2023","Black","Debt","Department for Work and Pensions","London","[c]","[c]","[c]","[c]"
"In post","2023","Black","Debt","Department for Work and Pensions","Outside London","70","65","23300","21690"
"In post","2023","Black","Debt","Department for Work and Pensions","Unknown","[c]","[c]","[c]","[c]"
"In post","2023","Black","Debt","HM Revenue and Customs","London","105","95","29770","26920"
"In post","2023","Black","Debt","HM Revenue and Customs","Outside London","105","100","23170","22520"
"In post","2023","Black","Debt","UK Export Finance","London","[c]","[c]","[c]","[c]"
"In post","2023","Black","Digital, Data & Technology","Attorney General's Departments","London","10","10","[c]","[c]"
"In post","2023","Black","Digital, Data & Technology","Attorney General's Departments","Outside London","[c]","[c]","[c]","[c]"
"In post","2023","Black","Digital, Data & Technology","Cabinet Office","London","70","65","47160","41870"
"In post","2023","Black","Digital, Data & Technology","Cabinet Office","Outside London","20","20","[c]","[c]"
"In post","2023","Black","Digital, Data & Technology","Cabinet Office","Unknown","[c]","[c]","[c]","[c]"
"In post","2023","Black","Digital, Data & Technology","Chancellor's other departments","London","[c]","[c]","[c]","[c]"
"In post","2023","Black","Digital, Data & Technology","Chancellor's other departments","Outside London","[c]","[c]","[c]","[c]"
"In post","2023","Black","Digital, Data & Technology","Charity Commission","London","[c]","[c]","[c]","[c]"
"In post","2023","Black","Digital, Data & Technology","Charity Commission","Outside London","[c]","[c]","[c]","[c]"
"In post","2023","Black","Digital, Data & Technology","Competition and Markets Authority","London","5","5","[c]","[c]"
"In post","2023","Black","Digital, Data & Technology","Competition and Markets Authority","Outside London","[c]","[c]","[c]","[c]"
"In post","2023","Black","Digital, Data & Technology","Department for Business, Energy and Industrial Strategy","London","15","15","[c]","[c]"
"In post","2023","Black","Digital, Data & Technology","Department for Business, Energy and Industrial Strategy","Outside London","15","15","[c]","[c]"
"In post","2023","Black","Digital, Data & Technology","Department for Business, Energy and Industrial Strategy","Overseas","[c]","[c]","[c]","[c]"
"In post","2023","Black","Digital, Data & Technology","Department for Digital, Culture, Media and Sport","London","[c]","[c]","[c]","[c]"
"In post","2023","Black","Digital, Data & Technology","Department for Digital, Culture, Media and Sport","Outside London","[c]","[c]","[c]","[c]"
"In post","2023","Black","Digital, Data & Technology","Department for Education","London","10","10","[c]","[c]"
"In post","2023","Black","Digital, Data & Technology","Department for Education","Outside London","25","25","[c]","[c]"
"In post","2023","Black","Digital, Data & Technology","Department for Environment, Food and Rural Affairs","London","20","20","[c]","[c]"
"In post","2023","Black","Digital, Data & Technology","Department for Environment, Food and Rural Affairs","Outside London","25","25","[c]","[c]"
"In post","2023","Black","Digital, Data & Technology","Department for International Trade","London","10","10","[c]","[c]"
"In post","2023","Black","Digital, Data & Technology","Department for International Trade","Outside London","[c]","[c]","[c]","[c]"
"In post","2023","Black","Digital, Data & Technology","Department for Levelling Up, Housing and Communities","London","10","10","[c]","[c]"
"In post","2023","Black","Digital, Data & Technology","Department for Levelling Up, Housing and Communities","Outside London","[c]","[c]","[c]","[c]"
"In post","2023","Black","Digital, Data & Technology","Department for Transport","London","5","5","[c]","[c]"
"In post","2023","Black","Digital, Data & Technology","Department for Transport","Outside London","10","10","[c]","[c]"
"In post","2023","Black","Digital, Data & Technology","Department for Work and Pensions","London","25","25","[c]","[c]"
"In post","2023","Black","Digital, Data & Technology","Department for Work and Pensions","Outside London","80","80","38440","36720"
"In post","2023","Black","Digital, Data & Technology","Department for Work and Pensions","Unknown","[c]","[c]","[c]","[c]"
"In post","2023","Black","Digital, Data & Technology","Department of Health and Social Care","London","15","15","[c]","[c]"
"In post","2023","Black","Digital, Data & Technology","Department of Health and Social Care","Outside London","[c]","[c]","[c]","[c]"
"In post","2023","Black","Digital, Data & Technology","Food Standards Agency","London","[c]","[c]","[c]","[c]"
"In post","2023","Black","Digital, Data & Technology","Food Standards Agency","Outside London","[c]","[c]","[c]","[c]"
"In post","2023","Black","Digital, Data & Technology","Foreign, Commonwealth and Development Office","London","5","5","[c]","[c]"
"In post","2023","Black","Digital, Data & Technology","Foreign, Commonwealth and Development Office","Outside London","[c]","[c]","[c]","[c]"
"In post","2023","Black","Digital, Data & Technology","Foreign, Commonwealth and Development Office","Overseas","[c]","[c]","[c]","[c]"
"In post","2023","Black","Digital, Data & Technology","HM Land Registry","London","[c]","[c]","[c]","[c]"
"In post","2023","Black","Digital, Data & Technology","HM Land Registry","Outside London","5","5","[c]","[c]"
"In post","2023","Black","Digital, Data & Technology","HM Revenue and Customs","London","55","50","45540","40950"
"In post","2023","Black","Digital, Data & Technology","HM Revenue and Customs","Outside London","120","120","39020","34700"
"In post","2023","Black","Digital, Data & Technology","HM Treasury","London","[c]","[c]","[c]","[c]"
"In post","2023","Black","Digital, Data & Technology","HM Treasury","Outside London","[c]","[c]","[c]","[c]"
"In post","2023","Black","Digital, Data & Technology","Home Office","London","95","95","46690","43210"
"In post","2023","Black","Digital, Data & Technology","Home Office","Outside London","10","10","[c]","[c]"
"In post","2023","Black","Digital, Data & Technology","Home Office","Unknown","[c]","[c]","[c]","[c]"
"In post","2023","Black","Digital, Data & Technology","Ministry of Defence","London","10","10","[c]","[c]"
"In post","2023","Black","Digital, Data & Technology","Ministry of Defence","Outside London","35","35","34620","34300"
"In post","2023","Black","Digital, Data & Technology","Ministry of Defence","Overseas","[c]","[c]","[c]","[c]"
"In post","2023","Black","Digital, Data & Technology","Ministry of Defence","Unknown","[c]","[c]","[c]","[c]"
"In post","2023","Black","Digital, Data & Technology","Ministry of Justice","London","55","55","46260","43650"
"In post","2023","Black","Digital, Data & Technology","Ministry of Justice","Outside London","15","15","[c]","[c]"
"In post","2023","Black","Digital, Data & Technology","Ministry of Justice","Unknown","[c]","[c]","[c]","[c]"
"In post","2023","Black","Digital, Data & Technology","National Crime Agency","London","[c]","[c]","[c]","[c]"
"In post","2023","Black","Digital, Data & Technology","National Crime Agency","Outside London","[c]","[c]","[c]","[c]"
"In post","2023","Black","Digital, Data & Technology","National Crime Agency","Unknown","[c]","[c]","[c]","[c]"
"In post","2023","Black","Digital, Data & Technology","Northern Ireland Office","London","[c]","[c]","[c]","[c]"
"In post","2023","Black","Digital, Data & Technology","Northern Ireland Office","Outside London","[c]","[c]","[c]","[c]"
"In post","2023","Black","Digital, Data & Technology","Office for Standards in Education, Children's Services and Skills","London","[c]","[c]","[c]","[c]"
"In post","2023","Black","Digital, Data & Technology","Office for Standards in Education, Children's Services and Skills","Outside London","[c]","[c]","[c]","[c]"
"In post","2023","Black","Digital, Data & Technology","Office of Gas and Electricity Markets","London","20","20","[c]","[c]"
"In post","2023","Black","Digital, Data & Technology","Office of Gas and Electricity Markets","Outside London","10","10","[c]","[c]"
"In post","2023","Black","Digital, Data & Technology","Office of Qualifications and Examinations Regulation","Outside London","[c]","[c]","[c]","[c]"
"In post","2023","Black","Digital, Data & Technology","Office of Rail and Road","London","[c]","[c]","[c]","[c]"
"In post","2023","Black","Digital, Data & Technology","Office of Rail and Road","Outside London","[c]","[c]","[c]","[c]"
"In post","2023","Black","Digital, Data & Technology","Scottish Government","Outside London","[c]","[c]","[c]","[c]"
"In post","2023","Black","Digital, Data & Technology","The National Archives","London","[c]","[c]","[c]","[c]"
"In post","2023","Black","Digital, Data & Technology","UK Export Finance","London","5","5","[c]","[c]"
"In post","2023","Black","Digital, Data & Technology","UK Statistics Authority","London","5","5","[c]","[c]"
"In post","2023","Black","Digital, Data & Technology","UK Statistics Authority","Outside London","25","25","[c]","[c]"
"In post","2023","Black","Digital, Data & Technology","UK Supreme Court","London","[c]","[c]","[c]","[c]"
"In post","2023","Black","Digital, Data & Technology","Water Services Regulation Authority","London","[c]","[c]","[c]","[c]"
"In post","2023","Black","Digital, Data & Technology","Water Services Regulation Authority","Outside London","[c]","[c]","[c]","[c]"
"In post","2023","Black","Digital, Data & Technology","Welsh Government","Outside London","[c]","[c]","[c]","[c]"
"In post","2023","Black","Finance","Attorney General's Departments","London","[c]","[c]","[c]","[c]"
"In post","2023","Black","Finance","Attorney General's Departments","Outside London","[c]","[c]","[c]","[c]"
"In post","2023","Black","Finance","Cabinet Office","London","10","10","[c]","[c]"
"In post","2023","Black","Finance","Cabinet Office","Outside London","[c]","[c]","[c]","[c]"
"In post","2023","Black","Finance","Cabinet Office","Unknown","[c]","[c]","[c]","[c]"
"In post","2023","Black","Finance","Chancellor's other departments","London","[c]","[c]","[c]","[c]"
"In post","2023","Black","Finance","Charity Commission","Outside London","[c]","[c]","[c]","[c]"
"In post","2023","Black","Finance","Competition and Markets Authority","London","[c]","[c]","[c]","[c]"
"In post","2023","Black","Finance","Competition and Markets Authority","Outside London","[c]","[c]","[c]","[c]"
"In post","2023","Black","Finance","Department for Business, Energy and Industrial Strategy","London","15","15","[c]","[c]"
"In post","2023","Black","Finance","Department for Business, Energy and Industrial Strategy","Outside London","[c]","[c]","[c]","[c]"
"In post","2023","Black","Finance","Department for Digital, Culture, Media and Sport","London","5","5","[c]","[c]"
"In post","2023","Black","Finance","Department for Digital, Culture, Media and Sport","Outside London","[c]","[c]","[c]","[c]"
"In post","2023","Black","Finance","Department for Education","London","15","15","[c]","[c]"
"In post","2023","Black","Finance","Department for Education","Outside London","20","20","[c]","[c]"
"In post","2023","Black","Finance","Department for Environment, Food and Rural Affairs","London","10","10","[c]","[c]"
"In post","2023","Black","Finance","Department for Environment, Food and Rural Affairs","Outside London","[c]","[c]","[c]","[c]"
"In post","2023","Black","Finance","Department for Environment, Food and Rural Affairs","Unknown","[c]","[c]","[c]","[c]"
"In post","2023","Black","Finance","Department for International Trade","London","15","15","[c]","[c]"
"In post","2023","Black","Finance","Department for International Trade","Outside London","[c]","[c]","[c]","[c]"
"In post","2023","Black","Finance","Department for Levelling Up, Housing and Communities","London","10","10","[c]","[c]"
"In post","2023","Black","Finance","Department for Levelling Up, Housing and Communities","Outside London","[c]","[c]","[c]","[c]"
"In post","2023","Black","Finance","Department for Transport","London","10","10","[c]","[c]"
"In post","2023","Black","Finance","Department for Transport","Outside London","5","5","[c]","[c]"
"In post","2023","Black","Finance","Department for Work and Pensions","London","40","40","43960","39150"
"In post","2023","Black","Finance","Department for Work and Pensions","Outside London","20","20","[c]","[c]"
"In post","2023","Black","Finance","Department for Work and Pensions","Unknown","[c]","[c]","[c]","[c]"
"In post","2023","Black","Finance","Department of Health and Social Care","London","20","15","[c]","[c]"
"In post","2023","Black","Finance","Department of Health and Social Care","Outside London","5","5","[c]","[c]"
"In post","2023","Black","Finance","Estyn","Outside London","[c]","[c]","[c]","[c]"
"In post","2023","Black","Finance","Food Standards Agency","London","[c]","[c]","[c]","[c]"
"In post","2023","Black","Finance","Food Standards Agency","Outside London","[c]","[c]","[c]","[c]"
"In post","2023","Black","Finance","Foreign, Commonwealth and Development Office","London","5","5","[c]","[c]"
"In post","2023","Black","Finance","Foreign, Commonwealth and Development Office","Outside London","10","10","[c]","[c]"
"In post","2023","Black","Finance","Foreign, Commonwealth and Development Office","Overseas","[c]","[c]","[c]","[c]"
"In post","2023","Black","Finance","HM Land Registry","London","[c]","[c]","[c]","[c]"
"In post","2023","Black","Finance","HM Land Registry","Outside London","[c]","[c]","[c]","[c]"
"In post","2023","Black","Finance","HM Revenue and Customs","London","45","45","44010","39790"
"In post","2023","Black","Finance","HM Revenue and Customs","Outside London","30","30","33380","29730"
"In post","2023","Black","Finance","HM Treasury","London","[c]","[c]","[c]","[c]"
"In post","2023","Black","Finance","HM Treasury","Outside London","[c]","[c]","[c]","[c]"
"In post","2023","Black","Finance","Home Office","London","15","15","[c]","[c]"
"In post","2023","Black","Finance","Home Office","Outside London","[c]","[c]","[c]","[c]"
"In post","2023","Black","Finance","Ministry of Defence","London","15","15","[c]","[c]"
"In post","2023","Black","Finance","Ministry of Defence","Outside London","45","45","38510","35990"
"In post","2023","Black","Finance","Ministry of Defence","Overseas","[c]","[c]","[c]","[c]"
"In post","2023","Black","Finance","Ministry of Justice","London","45","45","41580","38920"
"In post","2023","Black","Finance","Ministry of Justice","Outside London","15","15","[c]","[c]"
"In post","2023","Black","Finance","Ministry of Justice","Unknown","[c]","[c]","[c]","[c]"
"In post","2023","Black","Finance","National Crime Agency","London","[c]","[c]","[c]","[c]"
"In post","2023","Black","Finance","National Crime Agency","Outside London","[c]","[c]","[c]","[c]"
"In post","2023","Black","Finance","Northern Ireland Office","London","[c]","[c]","[c]","[c]"
"In post","2023","Black","Finance","Northern Ireland Office","Outside London","[c]","[c]","[c]","[c]"
"In post","2023","Black","Finance","Office for Standards in Education, Children's Services and Skills","London","[c]","[c]","[c]","[c]"
"In post","2023","Black","Finance","Office for Standards in Education, Children's Services and Skills","Outside London","[c]","[c]","[c]","[c]"
"In post","2023","Black","Finance","Office of Gas and Electricity Markets","London","[c]","[c]","[c]","[c]"
"In post","2023","Black","Finance","Office of Gas and Electricity Markets","Outside London","[c]","[c]","[c]","[c]"
"In post","2023","Black","Finance","Office of Qualifications and Examinations Regulation","Outside London","[c]","[c]","[c]","[c]"
"In post","2023","Black","Finance","Office of Rail and Road","London","[c]","[c]","[c]","[c]"
"In post","2023","Black","Finance","Office of Rail and Road","Outside London","[c]","[c]","[c]","[c]"
"In post","2023","Black","Finance","Office of the Secretary of State for Scotland","London","[c]","[c]","[c]","[c]"
"In post","2023","Black","Finance","Office of the Secretary of State for Wales","London","[c]","[c]","[c]","[c]"
"In post","2023","Black","Finance","Scottish Government","Outside London","[c]","[c]","[c]","[c]"
"In post","2023","Black","Finance","The National Archives","London","[c]","[c]","[c]","[c]"
"In post","2023","Black","Finance","UK Export Finance","London","10","10","[c]","[c]"
"In post","2023","Black","Finance","UK Statistics Authority","London","[c]","[c]","[c]","[c]"
"In post","2023","Black","Finance","UK Statistics Authority","Outside London","[c]","[c]","[c]","[c]"
"In post","2023","Black","Finance","UK Supreme Court","London","[c]","[c]","[c]","[c]"
"In post","2023","Black","Finance","Water Services Regulation Authority","London","[c]","[c]","[c]","[c]"
"In post","2023","Black","Finance","Water Services Regulation Authority","Outside London","[c]","[c]","[c]","[c]"
"In post","2023","Black","Finance","Welsh Government","Outside London","[c]","[c]","[c]","[c]"
"In post","2023","Black","Grants Management","Department for Environment, Food and Rural Affairs","London","[c]","[c]","[c]","[c]"
"In post","2023","Black","Grants Management","Department for Environment, Food and Rural Affairs","Outside London","20","20","[c]","[c]"
"In post","2023","Black","Grants Management","Department of Health and Social Care","London","[c]","[c]","[c]","[c]"
"In post","2023","Black","Grants Management","Department of Health and Social Care","Outside London","[c]","[c]","[c]","[c]"
"In post","2023","Black","Grants Management","Home Office","London","[c]","[c]","[c]","[c]"
"In post","2023","Black","Grants Management","Home Office","Outside London","[c]","[c]","[c]","[c]"
"In post","2023","Black","Grants Management","The National Archives","London","[c]","[c]","[c]","[c]"
"In post","2023","Black","Human Resources","Attorney General's Departments","London","20","20","[c]","[c]"
"In post","2023","Black","Human Resources","Attorney General's Departments","Outside London","[c]","[c]","[c]","[c]"
"In post","2023","Black","Human Resources","Cabinet Office","London","25","25","[c]","[c]"
"In post","2023","Black","Human Resources","Cabinet Office","Outside London","10","10","[c]","[c]"
"In post","2023","Black","Human Resources","Cabinet Office","Unknown","[c]","[c]","[c]","[c]"
"In post","2023","Black","Human Resources","Chancellor's other departments","London","[c]","[c]","[c]","[c]"
"In post","2023","Black","Human Resources","Chancellor's other departments","Outside London","[c]","[c]","[c]","[c]"
"In post","2023","Black","Human Resources","Charity Commission","Outside London","[c]","[c]","[c]","[c]"
"In post","2023","Black","Human Resources","Competition and Markets Authority","London","[c]","[c]","[c]","[c]"
"In post","2023","Black","Human Resources","Competition and Markets Authority","Outside London","[c]","[c]","[c]","[c]"
"In post","2023","Black","Human Resources","Department for Business, Energy and Industrial Strategy","London","10","10","[c]","[c]"
"In post","2023","Black","Human Resources","Department for Business, Energy and Industrial Strategy","Outside London","5","5","[c]","[c]"
"In post","2023","Black","Human Resources","Department for Digital, Culture, Media and Sport","London","5","5","[c]","[c]"
"In post","2023","Black","Human Resources","Department for Digital, Culture, Media and Sport","Outside London","[c]","[c]","[c]","[c]"
"In post","2023","Black","Human Resources","Department for Education","London","[c]","[c]","[c]","[c]"
"In post","2023","Black","Human Resources","Department for Education","Outside London","5","5","[c]","[c]"
"In post","2023","Black","Human Resources","Department for Environment, Food and Rural Affairs","London","10","10","[c]","[c]"
"In post","2023","Black","Human Resources","Department for Environment, Food and Rural Affairs","Outside London","5","5","[c]","[c]"
"In post","2023","Black","Human Resources","Department for International Trade","London","10","10","[c]","[c]"
"In post","2023","Black","Human Resources","Department for International Trade","Outside London","[c]","[c]","[c]","[c]"
"In post","2023","Black","Human Resources","Department for Levelling Up, Housing and Communities","London","[c]","[c]","[c]","[c]"
"In post","2023","Black","Human Resources","Department for Levelling Up, Housing and Communities","Outside London","[c]","[c]","[c]","[c]"
"In post","2023","Black","Human Resources","Department for Transport","London","5","5","[c]","[c]"
"In post","2023","Black","Human Resources","Department for Transport","Outside London","5","5","[c]","[c]"
"In post","2023","Black","Human Resources","Department for Work and Pensions","London","35","35","37560","32520"
"In post","2023","Black","Human Resources","Department for Work and Pensions","Outside London","20","20","[c]","[c]"
"In post","2023","Black","Human Resources","Department for Work and Pensions","Unknown","[c]","[c]","[c]","[c]"
"In post","2023","Black","Human Resources","Department of Health and Social Care","London","20","20","[c]","[c]"
"In post","2023","Black","Human Resources","Department of Health and Social Care","Outside London","5","5","[c]","[c]"
"In post","2023","Black","Human Resources","Estyn","Outside London","[c]","[c]","[c]","[c]"
"In post","2023","Black","Human Resources","Food Standards Agency","London","[c]","[c]","[c]","[c]"
"In post","2023","Black","Human Resources","Food Standards Agency","Outside London","[c]","[c]","[c]","[c]"
"In post","2023","Black","Human Resources","Foreign, Commonwealth and Development Office","London","10","10","[c]","[c]"
"In post","2023","Black","Human Resources","Foreign, Commonwealth and Development Office","Outside London","[c]","[c]","[c]","[c]"
"In post","2023","Black","Human Resources","Foreign, Commonwealth and Development Office","Overseas","[c]","[c]","[c]","[c]"
"In post","2023","Black","Human Resources","HM Land Registry","London","[c]","[c]","[c]","[c]"
"In post","2023","Black","Human Resources","HM Land Registry","Outside London","[c]","[c]","[c]","[c]"
"In post","2023","Black","Human Resources","HM Revenue and Customs","London","15","15","[c]","[c]"
"In post","2023","Black","Human Resources","HM Revenue and Customs","Outside London","20","20","[c]","[c]"
"In post","2023","Black","Human Resources","HM Treasury","London","[c]","[c]","[c]","[c]"
"In post","2023","Black","Human Resources","HM Treasury","Outside London","[c]","[c]","[c]","[c]"
"In post","2023","Black","Human Resources","HM Treasury","Unknown","[c]","[c]","[c]","[c]"
"In post","2023","Black","Human Resources","Home Office","London","45","45","41250","36310"
"In post","2023","Black","Human Resources","Home Office","Outside London","[c]","[c]","[c]","[c]"
"In post","2023","Black","Human Resources","Ministry of Defence","London","15","15","[c]","[c]"
"In post","2023","Black","Human Resources","Ministry of Defence","Outside London","25","25","[c]","[c]"
"In post","2023","Black","Human Resources","Ministry of Defence","Overseas","[c]","[c]","[c]","[c]"
"In post","2023","Black","Human Resources","Ministry of Defence","Unknown","[c]","[c]","[c]","[c]"
"In post","2023","Black","Human Resources","Ministry of Justice","London","40","40","41250","37480"
"In post","2023","Black","Human Resources","Ministry of Justice","Outside London","10","10","[c]","[c]"
"In post","2023","Black","Human Resources","Ministry of Justice","Unknown","[c]","[c]","[c]","[c]"
"In post","2023","Black","Human Resources","National Crime Agency","London","[c]","[c]","[c]","[c]"
"In post","2023","Black","Human Resources","National Crime Agency","Outside London","[c]","[c]","[c]","[c]"
"In post","2023","Black","Human Resources","National Crime Agency","Unknown","[c]","[c]","[c]","[c]"
"In post","2023","Black","Human Resources","Northern Ireland Office","London","[c]","[c]","[c]","[c]"
"In post","2023","Black","Human Resources","Office for Standards in Education, Children's Services and Skills","London","[c]","[c]","[c]","[c]"
"In post","2023","Black","Human Resources","Office for Standards in Education, Children's Services and Skills","Outside London","[c]","[c]","[c]","[c]"
"In post","2023","Black","Human Resources","Office of Gas and Electricity Markets","London","[c]","[c]","[c]","[c]"
"In post","2023","Black","Human Resources","Office of Gas and Electricity Markets","Outside London","[c]","[c]","[c]","[c]"
"In post","2023","Black","Human Resources","Office of Qualifications and Examinations Regulation","Outside London","[c]","[c]","[c]","[c]"
"In post","2023","Black","Human Resources","Office of Rail and Road","London","[c]","[c]","[c]","[c]"
"In post","2023","Black","Human Resources","Office of Rail and Road","Outside London","[c]","[c]","[c]","[c]"
"In post","2023","Black","Human Resources","Office of the Secretary of State for Wales","London","[c]","[c]","[c]","[c]"
"In post","2023","Black","Human Resources","Office of the Secretary of State for Wales","Outside London","[c]","[c]","[c]","[c]"
"In post","2023","Black","Human Resources","Scottish Government","Outside London","[c]","[c]","[c]","[c]"
"In post","2023","Black","Human Resources","The National Archives","London","[c]","[c]","[c]","[c]"
"In post","2023","Black","Human Resources","UK Export Finance","London","[c]","[c]","[c]","[c]"
"In post","2023","Black","Human Resources","UK Statistics Authority","London","[c]","[c]","[c]","[c]"
"In post","2023","Black","Human Resources","UK Statistics Authority","Outside London","[c]","[c]","[c]","[c]"
"In post","2023","Black","Human Resources","UK Supreme Court","London","[c]","[c]","[c]","[c]"
"In post","2023","Black","Human Resources","Water Services Regulation Authority","Outside London","[c]","[c]","[c]","[c]"
"In post","2023","Black","Human Resources","Welsh Government","Outside London","[c]","[c]","[c]","[c]"
"In post","2023","Black","Internal Audit","Department for Business, Energy and Industrial Strategy","Outside London","[c]","[c]","[c]","[c]"
"In post","2023","Black","Internal Audit","Department for Education","Outside London","[c]","[c]","[c]","[c]"
"In post","2023","Black","Internal Audit","Department for Transport","Outside London","[c]","[c]","[c]","[c]"
"In post","2023","Black","Internal Audit","Food Standards Agency","London","[c]","[c]","[c]","[c]"
"In post","2023","Black","Internal Audit","Food Standards Agency","Outside London","[c]","[c]","[c]","[c]"
"In post","2023","Black","Internal Audit","Foreign, Commonwealth and Development Office","London","[c]","[c]","[c]","[c]"
"In post","2023","Black","Internal Audit","Foreign, Commonwealth and Development Office","Outside London","[c]","[c]","[c]","[c]"
"In post","2023","Black","Internal Audit","HM Land Registry","London","[c]","[c]","[c]","[c]"
"In post","2023","Black","Internal Audit","HM Land Registry","Outside London","[c]","[c]","[c]","[c]"
"In post","2023","Black","Internal Audit","HM Revenue and Customs","London","[c]","[c]","[c]","[c]"
"In post","2023","Black","Internal Audit","HM Revenue and Customs","Outside London","[c]","[c]","[c]","[c]"
"In post","2023","Black","Internal Audit","HM Treasury","London","5","5","[c]","[c]"
"In post","2023","Black","Internal Audit","HM Treasury","Outside London","[c]","[c]","[c]","[c]"
"In post","2023","Black","Internal Audit","HM Treasury","Unknown","[c]","[c]","[c]","[c]"
"In post","2023","Black","Internal Audit","Ministry of Defence","London","[c]","[c]","[c]","[c]"
"In post","2023","Black","Internal Audit","Ministry of Defence","Outside London","[c]","[c]","[c]","[c]"
"In post","2023","Black","Internal Audit","Ministry of Defence","Overseas","[c]","[c]","[c]","[c]"
"In post","2023","Black","Internal Audit","Ministry of Justice","London","5","5","[c]","[c]"
"In post","2023","Black","Internal Audit","Ministry of Justice","Outside London","[c]","[c]","[c]","[c]"
"In post","2023","Black","Internal Audit","Scottish Government","Outside London","[c]","[c]","[c]","[c]"
"In post","2023","Black","Internal Audit","UK Export Finance","London","[c]","[c]","[c]","[c]"
"In post","2023","Black","Internal Audit","UK Statistics Authority","Outside London","[c]","[c]","[c]","[c]"
"In post","2023","Black","Legal","Attorney General's Departments","London","435","420","42440","33990"
"In post","2023","Black","Legal","Attorney General's Departments","Outside London","125","120","40650","38760"
"In post","2023","Black","Legal","Attorney General's Departments","Overseas","[c]","[c]","[c]","[c]"
"In post","2023","Black","Legal","Cabinet Office","London","[c]","[c]","[c]","[c]"
"In post","2023","Black","Legal","Charity Commission","London","[c]","[c]","[c]","[c]"
"In post","2023","Black","Legal","Charity Commission","Outside London","[c]","[c]","[c]","[c]"
"In post","2023","Black","Legal","Competition and Markets Authority","London","5","5","[c]","[c]"
"In post","2023","Black","Legal","Competition and Markets Authority","Outside London","[c]","[c]","[c]","[c]"
"In post","2023","Black","Legal","Department for Business, Energy and Industrial Strategy","London","[c]","[c]","[c]","[c]"
"In post","2023","Black","Legal","Department for Business, Energy and Industrial Strategy","Outside London","[c]","[c]","[c]","[c]"
"In post","2023","Black","Legal","Department for Education","London","[c]","[c]","[c]","[c]"
"In post","2023","Black","Legal","Department for Education","Outside London","[c]","[c]","[c]","[c]"
"In post","2023","Black","Legal","Department for Transport","Outside London","[c]","[c]","[c]","[c]"
"In post","2023","Black","Legal","Department for Work and Pensions","London","[c]","[c]","[c]","[c]"
"In post","2023","Black","Legal","Department for Work and Pensions","Outside London","[c]","[c]","[c]","[c]"
"In post","2023","Black","Legal","Department for Work and Pensions","Unknown","[c]","[c]","[c]","[c]"
"In post","2023","Black","Legal","Department of Health and Social Care","London","[c]","[c]","[c]","[c]"
"In post","2023","Black","Legal","Department of Health and Social Care","Outside London","[c]","[c]","[c]","[c]"
"In post","2023","Black","Legal","Food Standards Agency","London","[c]","[c]","[c]","[c]"
"In post","2023","Black","Legal","Food Standards Agency","Outside London","[c]","[c]","[c]","[c]"
"In post","2023","Black","Legal","Foreign, Commonwealth and Development Office","London","[c]","[c]","[c]","[c]"
"In post","2023","Black","Legal","Foreign, Commonwealth and Development Office","Outside London","[c]","[c]","[c]","[c]"
"In post","2023","Black","Legal","HM Land Registry","London","[c]","[c]","[c]","[c]"
"In post","2023","Black","Legal","HM Land Registry","Outside London","[c]","[c]","[c]","[c]"
"In post","2023","Black","Legal","HM Revenue and Customs","London","45","45","41970","39790"
"In post","2023","Black","Legal","HM Revenue and Customs","Outside London","30","30","37890","35000"
"In post","2023","Black","Legal","HM Treasury","London","[c]","[c]","[c]","[c]"
"In post","2023","Black","Legal","Ministry of Defence","London","[c]","[c]","[c]","[c]"
"In post","2023","Black","Legal","Ministry of Defence","Outside London","[c]","[c]","[c]","[c]"
"In post","2023","Black","Legal","Ministry of Defence","Overseas","[c]","[c]","[c]","[c]"
"In post","2023","Black","Legal","Ministry of Justice","London","[c]","[c]","[c]","[c]"
"In post","2023","Black","Legal","Ministry of Justice","Outside London","[c]","[c]","[c]","[c]"
"In post","2023","Black","Legal","Ministry of Justice","Unknown","[c]","[c]","[c]","[c]"
"In post","2023","Black","Legal","National Crime Agency","London","[c]","[c]","[c]","[c]"
"In post","2023","Black","Legal","National Crime Agency","Outside London","[c]","[c]","[c]","[c]"
"In post","2023","Black","Legal","Office for Standards in Education, Children's Services and Skills","London","[c]","[c]","[c]","[c]"
"In post","2023","Black","Legal","Office for Standards in Education, Children's Services and Skills","Outside London","[c]","[c]","[c]","[c]"
"In post","2023","Black","Legal","Office of Gas and Electricity Markets","London","15","15","[c]","[c]"
"In post","2023","Black","Legal","Office of Gas and Electricity Markets","Outside London","[c]","[c]","[c]","[c]"
"In post","2023","Black","Legal","Office of Qualifications and Examinations Regulation","Outside London","[c]","[c]","[c]","[c]"
"In post","2023","Black","Legal","Office of Rail and Road","London","[c]","[c]","[c]","[c]"
"In post","2023","Black","Legal","Office of Rail and Road","Outside London","[c]","[c]","[c]","[c]"
"In post","2023","Black","Legal","Scottish Government","Outside London","[c]","[c]","[c]","[c]"
"In post","2023","Black","Legal","The National Archives","London","[c]","[c]","[c]","[c]"
"In post","2023","Black","Legal","UK Export Finance","London","5","5","[c]","[c]"
"In post","2023","Black","Legal","UK Supreme Court","London","[c]","[c]","[c]","[c]"
"In post","2023","Black","Legal","Water Services Regulation Authority","London","[c]","[c]","[c]","[c]"
"In post","2023","Black","Legal","Water Services Regulation Authority","Outside London","[c]","[c]","[c]","[c]"
"In post","2023","Black","Legal","Welsh Government","London","[c]","[c]","[c]","[c]"
"In post","2023","Black","Legal","Welsh Government","Outside London","[c]","[c]","[c]","[c]"
"In post","2023","Black","No function","Attorney General's Departments","London","[c]","[c]","[c]","[c]"
"In post","2023","Black","No function","Cabinet Office","London","70","70","39140","35650"
"In post","2023","Black","No function","Cabinet Office","Outside London","5","5","[c]","[c]"
"In post","2023","Black","No function","Cabinet Office","Unknown","[c]","[c]","[c]","[c]"
"In post","2023","Black","No function","Chancellor's other departments","London","[c]","[c]","[c]","[c]"
"In post","2023","Black","No function","Chancellor's other departments","Outside London","[c]","[c]","[c]","[c]"
"In post","2023","Black","No function","Charity Commission","London","[c]","[c]","[c]","[c]"
"In post","2023","Black","No function","Charity Commission","Outside London","[c]","[c]","[c]","[c]"
"In post","2023","Black","No function","Department for Business, Energy and Industrial Strategy","London","290","285","43480","41060"
"In post","2023","Black","No function","Department for Business, Energy and Industrial Strategy","Outside London","90","85","33020","31290"
"In post","2023","Black","No function","Department for Digital, Culture, Media and Sport","London","55","55","37910","35620"
"In post","2023","Black","No function","Department for Digital, Culture, Media and Sport","Outside London","[c]","[c]","[c]","[c]"
"In post","2023","Black","No function","Department for Education","London","85","85","42900","41440"
"In post","2023","Black","No function","Department for Education","Outside London","45","45","36080","32100"
"In post","2023","Black","No function","Department for Environment, Food and Rural Affairs","London","130","125","37170","33830"
"In post","2023","Black","No function","Department for Environment, Food and Rural Affairs","Outside London","40","40","33240","30320"
"In post","2023","Black","No function","Department for Environment, Food and Rural Affairs","Unknown","[c]","[c]","[c]","[c]"
"In post","2023","Black","No function","Department for International Trade","London","90","90","43040","41550"
"In post","2023","Black","No function","Department for International Trade","Outside London","10","10","[c]","[c]"
"In post","2023","Black","No function","Department for International Trade","Overseas","5","5","[c]","[c]"
"In post","2023","Black","No function","Department for Levelling Up, Housing and Communities","London","90","90","42540","40590"
"In post","2023","Black","No function","Department for Levelling Up, Housing and Communities","Outside London","30","30","33900","31290"
"In post","2023","Black","No function","Department for Transport","London","100","95","39500","35400"
"In post","2023","Black","No function","Department for Transport","Outside London","65","60","29050","27070"
"In post","2023","Black","No function","Department for Transport","Overseas","[c]","[c]","[c]","[c]"
"In post","2023","Black","No function","Department for Transport","Unknown","[c]","[c]","[c]","[c]"
"In post","2023","Black","No function","Department for Work and Pensions","London","1520","1420","31980","32520"
"In post","2023","Black","No function","Department for Work and Pensions","Outside London","1315","1215","27690","28120"
"In post","2023","Black","No function","Department for Work and Pensions","Unknown","10","10","[c]","[c]"
"In post","2023","Black","No function","Department of Health and Social Care","London","230","225","42210","36430"
"In post","2023","Black","No function","Department of Health and Social Care","Outside London","115","110","46530","37420"
"In post","2023","Black","No function","Department of Health and Social Care","Overseas","[c]","[c]","[c]","[c]"
"In post","2023","Black","No function","Department of Health and Social Care","Unknown","[c]","[c]","[c]","[c]"
"In post","2023","Black","No function","Food Standards Agency","London","15","15","[c]","[c]"
"In post","2023","Black","No function","Food Standards Agency","Outside London","25","25","[c]","[c]"
"In post","2023","Black","No function","Food Standards Agency","Overseas","[c]","[c]","[c]","[c]"
"In post","2023","Black","No function","Foreign, Commonwealth and Development Office","London","75","75","41040","36650"
"In post","2023","Black","No function","Foreign, Commonwealth and Development Office","Outside London","[c]","[c]","[c]","[c]"
"In post","2023","Black","No function","Foreign, Commonwealth and Development Office","Overseas","50","50","45150","39020"
"In post","2023","Black","No function","HM Land Registry","London","15","15","[c]","[c]"
"In post","2023","Black","No function","HM Land Registry","Outside London","30","30","27320","28080"
"In post","2023","Black","No function","HM Revenue and Customs","London","340","330","39610","39450"
"In post","2023","Black","No function","HM Revenue and Customs","Outside London","590","570","29060","27890"
"In post","2023","Black","No function","HM Treasury","London","30","30","40170","33310"
"In post","2023","Black","No function","HM Treasury","Outside London","[c]","[c]","[c]","[c]"
"In post","2023","Black","No function","HM Treasury","Unknown","[c]","[c]","[c]","[c]"
"In post","2023","Black","No function","Home Office","London","1225","1150","34510","30350"
"In post","2023","Black","No function","Home Office","Outside London","360","335","27760","25990"
"In post","2023","Black","No function","Home Office","Overseas","[c]","[c]","[c]","[c]"
"In post","2023","Black","No function","Home Office","Unknown","5","5","[c]","[c]"
"In post","2023","Black","No function","Ministry of Defence","London","115","110","33750","28950"
"In post","2023","Black","No function","Ministry of Defence","Outside London","195","190","32730","31920"
"In post","2023","Black","No function","Ministry of Defence","Overseas","[c]","[c]","[c]","[c]"
"In post","2023","Black","No function","Ministry of Defence","Unknown","[c]","[c]","[c]","[c]"
"In post","2023","Black","No function","Ministry of Justice","London","2375","2285","33250","31310"
"In post","2023","Black","No function","Ministry of Justice","Outside London","1735","1645","29480","28480"
"In post","2023","Black","No function","Ministry of Justice","Unknown","[c]","[c]","[c]","[c]"
"In post","2023","Black","No function","National Crime Agency","London","55","55","37050","38270"
"In post","2023","Black","No function","National Crime Agency","Outside London","15","15","[c]","[c]"
"In post","2023","Black","No function","National Crime Agency","Overseas","[c]","[c]","[c]","[c]"
"In post","2023","Black","No function","National Crime Agency","Unknown","[c]","[c]","[c]","[c]"
"In post","2023","Black","No function","Office for Standards in Education, Children's Services and Skills","London","25","25","[c]","[c]"
"In post","2023","Black","No function","Office for Standards in Education, Children's Services and Skills","Outside London","35","35","50010","52750"
"In post","2023","Black","No function","Office of Gas and Electricity Markets","London","30","30","37140","33400"
"In post","2023","Black","No function","Office of Gas and Electricity Markets","Outside London","[c]","[c]","[c]","[c]"
"In post","2023","Black","No function","Office of Qualifications and Examinations Regulation","Outside London","15","15","[c]","[c]"
"In post","2023","Black","No function","Office of Rail and Road","London","5","5","[c]","[c]"
"In post","2023","Black","No function","Office of Rail and Road","Outside London","[c]","[c]","[c]","[c]"
"In post","2023","Black","No function","Office of the Secretary of State for Scotland","London","[c]","[c]","[c]","[c]"
"In post","2023","Black","No function","Office of the Secretary of State for Scotland","Outside London","[c]","[c]","[c]","[c]"
"In post","2023","Black","No function","Office of the Secretary of State for Wales","London","[c]","[c]","[c]","[c]"
"In post","2023","Black","No function","Office of the Secretary of State for Wales","Outside London","[c]","[c]","[c]","[c]"
"In post","2023","Black","No function","Scottish Government","Outside London","20","20","[c]","[c]"
"In post","2023","Black","No function","The National Archives","London","[c]","[c]","[c]","[c]"
"In post","2023","Black","No function","The National Archives","Outside London","[c]","[c]","[c]","[c]"
"In post","2023","Black","No function","UK Statistics Authority","London","[c]","[c]","[c]","[c]"
"In post","2023","Black","No function","UK Statistics Authority","Outside London","45","35","27420","21200"
"In post","2023","Black","No function","Water Services Regulation Authority","London","[c]","[c]","[c]","[c]"
"In post","2023","Black","No function","Water Services Regulation Authority","Outside London","[c]","[c]","[c]","[c]"
"In post","2023","Black","No function","Welsh Government","Outside London","[c]","[c]","[c]","[c]"
"In post","2023","Black","Project Delivery","Attorney General's Departments","London","[c]","[c]","[c]","[c]"
"In post","2023","Black","Project Delivery","Attorney General's Departments","Outside London","[c]","[c]","[c]","[c]"
"In post","2023","Black","Project Delivery","Cabinet Office","London","10","10","[c]","[c]"
"In post","2023","Black","Project Delivery","Cabinet Office","Outside London","[c]","[c]","[c]","[c]"
"In post","2023","Black","Project Delivery","Cabinet Office","Unknown","[c]","[c]","[c]","[c]"
"In post","2023","Black","Project Delivery","Chancellor's other departments","London","[c]","[c]","[c]","[c]"
"In post","2023","Black","Project Delivery","Chancellor's other departments","Outside London","[c]","[c]","[c]","[c]"
"In post","2023","Black","Project Delivery","Charity Commission","London","[c]","[c]","[c]","[c]"
"In post","2023","Black","Project Delivery","Charity Commission","Outside London","[c]","[c]","[c]","[c]"
"In post","2023","Black","Project Delivery","Competition and Markets Authority","London","20","20","[c]","[c]"
"In post","2023","Black","Project Delivery","Competition and Markets Authority","Outside London","[c]","[c]","[c]","[c]"
"In post","2023","Black","Project Delivery","Department for Business, Energy and Industrial Strategy","London","5","5","[c]","[c]"
"In post","2023","Black","Project Delivery","Department for Business, Energy and Industrial Strategy","Outside London","5","5","[c]","[c]"
"In post","2023","Black","Project Delivery","Department for Digital, Culture, Media and Sport","London","10","10","[c]","[c]"
"In post","2023","Black","Project Delivery","Department for Digital, Culture, Media and Sport","Outside London","[c]","[c]","[c]","[c]"
"In post","2023","Black","Project Delivery","Department for Education","London","35","35","47900","47010"
"In post","2023","Black","Project Delivery","Department for Education","Outside London","15","15","[c]","[c]"
"In post","2023","Black","Project Delivery","Department for Environment, Food and Rural Affairs","London","[c]","[c]","[c]","[c]"
"In post","2023","Black","Project Delivery","Department for Environment, Food and Rural Affairs","Outside London","[c]","[c]","[c]","[c]"
"In post","2023","Black","Project Delivery","Department for International Trade","London","[c]","[c]","[c]","[c]"
"In post","2023","Black","Project Delivery","Department for International Trade","Outside London","[c]","[c]","[c]","[c]"
"In post","2023","Black","Project Delivery","Department for Levelling Up, Housing and Communities","London","5","5","[c]","[c]"
"In post","2023","Black","Project Delivery","Department for Levelling Up, Housing and Communities","Outside London","[c]","[c]","[c]","[c]"
"In post","2023","Black","Project Delivery","Department for Transport","London","30","30","50730","55460"
"In post","2023","Black","Project Delivery","Department for Transport","Outside London","5","5","[c]","[c]"
"In post","2023","Black","Project Delivery","Department for Work and Pensions","London","30","30","42300","39150"
"In post","2023","Black","Project Delivery","Department for Work and Pensions","Outside London","35","30","37500","34170"
"In post","2023","Black","Project Delivery","Department for Work and Pensions","Unknown","[c]","[c]","[c]","[c]"
"In post","2023","Black","Project Delivery","Department of Health and Social Care","London","30","30","44360","41480"
"In post","2023","Black","Project Delivery","Department of Health and Social Care","Outside London","10","10","[c]","[c]"
"In post","2023","Black","Project Delivery","Estyn","Outside London","[c]","[c]","[c]","[c]"
"In post","2023","Black","Project Delivery","Food Standards Agency","London","[c]","[c]","[c]","[c]"
"In post","2023","Black","Project Delivery","Food Standards Agency","Outside London","[c]","[c]","[c]","[c]"
"In post","2023","Black","Project Delivery","Foreign, Commonwealth and Development Office","London","35","30","41310","39220"
"In post","2023","Black","Project Delivery","Foreign, Commonwealth and Development Office","Outside London","10","10","[c]","[c]"
"In post","2023","Black","Project Delivery","Foreign, Commonwealth and Development Office","Overseas","[c]","[c]","[c]","[c]"
"In post","2023","Black","Project Delivery","HM Land Registry","London","5","5","[c]","[c]"
"In post","2023","Black","Project Delivery","HM Land Registry","Outside London","[c]","[c]","[c]","[c]"
"In post","2023","Black","Project Delivery","HM Revenue and Customs","London","150","150","49620","45560"
"In post","2023","Black","Project Delivery","HM Revenue and Customs","Outside London","70","70","40940","36890"
"In post","2023","Black","Project Delivery","HM Treasury","London","[c]","[c]","[c]","[c]"
"In post","2023","Black","Project Delivery","HM Treasury","Outside London","[c]","[c]","[c]","[c]"
"In post","2023","Black","Project Delivery","Home Office","London","10","10","[c]","[c]"
"In post","2023","Black","Project Delivery","Home Office","Outside London","[c]","[c]","[c]","[c]"
"In post","2023","Black","Project Delivery","Ministry of Defence","London","20","20","[c]","[c]"
"In post","2023","Black","Project Delivery","Ministry of Defence","Outside London","115","110","39240","38790"
"In post","2023","Black","Project Delivery","Ministry of Defence","Overseas","[c]","[c]","[c]","[c]"
"In post","2023","Black","Project Delivery","Ministry of Defence","Unknown","[c]","[c]","[c]","[c]"
"In post","2023","Black","Project Delivery","Ministry of Justice","London","15","15","[c]","[c]"
"In post","2023","Black","Project Delivery","Ministry of Justice","Outside London","5","5","[c]","[c]"
"In post","2023","Black","Project Delivery","National Crime Agency","London","[c]","[c]","[c]","[c]"
"In post","2023","Black","Project Delivery","National Crime Agency","Outside London","[c]","[c]","[c]","[c]"
"In post","2023","Black","Project Delivery","Northern Ireland Office","London","[c]","[c]","[c]","[c]"
"In post","2023","Black","Project Delivery","Northern Ireland Office","Outside London","[c]","[c]","[c]","[c]"
"In post","2023","Black","Project Delivery","Office of Gas and Electricity Markets","London","10","10","[c]","[c]"
"In post","2023","Black","Project Delivery","Office of Gas and Electricity Markets","Outside London","[c]","[c]","[c]","[c]"
"In post","2023","Black","Project Delivery","Office of Qualifications and Examinations Regulation","Outside London","[c]","[c]","[c]","[c]"
"In post","2023","Black","Project Delivery","Office of Rail and Road","London","[c]","[c]","[c]","[c]"
"In post","2023","Black","Project Delivery","Scottish Government","Outside London","[c]","[c]","[c]","[c]"
"In post","2023","Black","Project Delivery","UK Export Finance","London","[c]","[c]","[c]","[c]"
"In post","2023","Black","Project Delivery","UK Statistics Authority","London","[c]","[c]","[c]","[c]"
"In post","2023","Black","Project Delivery","UK Statistics Authority","Outside London","[c]","[c]","[c]","[c]"
"In post","2023","Black","Project Delivery","Water Services Regulation Authority","London","[c]","[c]","[c]","[c]"
"In post","2023","Black","Project Delivery","Water Services Regulation Authority","Outside London","[c]","[c]","[c]","[c]"
"In post","2023","Black","Project Delivery","Welsh Government","Outside London","[c]","[c]","[c]","[c]"
"In post","2023","Black","Property","Attorney General's Departments","London","[c]","[c]","[c]","[c]"
"In post","2023","Black","Property","Attorney General's Departments","Outside London","[c]","[c]","[c]","[c]"
"In post","2023","Black","Property","Cabinet Office","London","5","5","[c]","[c]"
"In post","2023","Black","Property","Cabinet Office","Outside London","10","10","[c]","[c]"
"In post","2023","Black","Property","Cabinet Office","Unknown","[c]","[c]","[c]","[c]"
"In post","2023","Black","Property","Chancellor's other departments","London","[c]","[c]","[c]","[c]"
"In post","2023","Black","Property","Charity Commission","Outside London","[c]","[c]","[c]","[c]"
"In post","2023","Black","Property","Competition and Markets Authority","London","[c]","[c]","[c]","[c]"
"In post","2023","Black","Property","Department for Business, Energy and Industrial Strategy","London","[c]","[c]","[c]","[c]"
"In post","2023","Black","Property","Department for Business, Energy and Industrial Strategy","Outside London","[c]","[c]","[c]","[c]"
"In post","2023","Black","Property","Department for Education","London","[c]","[c]","[c]","[c]"
"In post","2023","Black","Property","Department for Education","Outside London","[c]","[c]","[c]","[c]"
"In post","2023","Black","Property","Department for Environment, Food and Rural Affairs","London","[c]","[c]","[c]","[c]"
"In post","2023","Black","Property","Department for Environment, Food and Rural Affairs","Outside London","10","10","[c]","[c]"
"In post","2023","Black","Property","Department for International Trade","London","[c]","[c]","[c]","[c]"
"In post","2023","Black","Property","Department for International Trade","Outside London","[c]","[c]","[c]","[c]"
"In post","2023","Black","Property","Department for Levelling Up, Housing and Communities","London","[c]","[c]","[c]","[c]"
"In post","2023","Black","Property","Department for Levelling Up, Housing and Communities","Outside London","[c]","[c]","[c]","[c]"
"In post","2023","Black","Property","Department for Transport","London","[c]","[c]","[c]","[c]"
"In post","2023","Black","Property","Department for Transport","Outside London","[c]","[c]","[c]","[c]"
"In post","2023","Black","Property","Department for Work and Pensions","London","5","5","[c]","[c]"
"In post","2023","Black","Property","Department for Work and Pensions","Outside London","[c]","[c]","[c]","[c]"
"In post","2023","Black","Property","Department for Work and Pensions","Unknown","[c]","[c]","[c]","[c]"
"In post","2023","Black","Property","Department of Health and Social Care","London","[c]","[c]","[c]","[c]"
"In post","2023","Black","Property","Department of Health and Social Care","Outside London","[c]","[c]","[c]","[c]"
"In post","2023","Black","Property","Estyn","Outside London","[c]","[c]","[c]","[c]"
"In post","2023","Black","Property","Food Standards Agency","London","[c]","[c]","[c]","[c]"
"In post","2023","Black","Property","Foreign, Commonwealth and Development Office","London","[c]","[c]","[c]","[c]"
"In post","2023","Black","Property","Foreign, Commonwealth and Development Office","Outside London","[c]","[c]","[c]","[c]"
"In post","2023","Black","Property","Foreign, Commonwealth and Development Office","Overseas","[c]","[c]","[c]","[c]"
"In post","2023","Black","Property","HM Land Registry","London","[c]","[c]","[c]","[c]"
"In post","2023","Black","Property","HM Land Registry","Outside London","[c]","[c]","[c]","[c]"
"In post","2023","Black","Property","HM Revenue and Customs","London","45","40","38350","36030"
"In post","2023","Black","Property","HM Revenue and Customs","Outside London","30","25","[c]","[c]"
"In post","2023","Black","Property","HM Treasury","London","[c]","[c]","[c]","[c]"
"In post","2023","Black","Property","Home Office","London","[c]","[c]","[c]","[c]"
"In post","2023","Black","Property","Home Office","Outside London","[c]","[c]","[c]","[c]"
"In post","2023","Black","Property","Ministry of Defence","London","5","5","[c]","[c]"
"In post","2023","Black","Property","Ministry of Defence","Outside London","10","10","[c]","[c]"
"In post","2023","Black","Property","Ministry of Defence","Overseas","[c]","[c]","[c]","[c]"
"In post","2023","Black","Property","Ministry of Defence","Unknown","[c]","[c]","[c]","[c]"
"In post","2023","Black","Property","Ministry of Justice","London","25","25","[c]","[c]"
"In post","2023","Black","Property","Ministry of Justice","Outside London","5","5","[c]","[c]"
"In post","2023","Black","Property","Ministry of Justice","Unknown","[c]","[c]","[c]","[c]"
"In post","2023","Black","Property","National Crime Agency","London","[c]","[c]","[c]","[c]"
"In post","2023","Black","Property","National Crime Agency","Outside London","[c]","[c]","[c]","[c]"
"In post","2023","Black","Property","Office for Standards in Education, Children's Services and Skills","London","[c]","[c]","[c]","[c]"
"In post","2023","Black","Property","Office for Standards in Education, Children's Services and Skills","Outside London","[c]","[c]","[c]","[c]"
"In post","2023","Black","Property","Office of Gas and Electricity Markets","London","[c]","[c]","[c]","[c]"
"In post","2023","Black","Property","Office of Gas and Electricity Markets","Outside London","[c]","[c]","[c]","[c]"
"In post","2023","Black","Property","Office of Qualifications and Examinations Regulation","Outside London","[c]","[c]","[c]","[c]"
"In post","2023","Black","Property","Office of Rail and Road","London","[c]","[c]","[c]","[c]"
"In post","2023","Black","Property","Scottish Government","Outside London","[c]","[c]","[c]","[c]"
"In post","2023","Black","Property","The National Archives","London","[c]","[c]","[c]","[c]"
"In post","2023","Black","Property","UK Statistics Authority","London","[c]","[c]","[c]","[c]"
"In post","2023","Black","Property","UK Statistics Authority","Outside London","[c]","[c]","[c]","[c]"
"In post","2023","Black","Property","UK Supreme Court","London","[c]","[c]","[c]","[c]"
"In post","2023","Black","Property","Water Services Regulation Authority","Outside London","[c]","[c]","[c]","[c]"
"In post","2023","Black","Security","Attorney General's Departments","London","[c]","[c]","[c]","[c]"
"In post","2023","Black","Security","Attorney General's Departments","Outside London","[c]","[c]","[c]","[c]"
"In post","2023","Black","Security","Cabinet Office","London","5","5","[c]","[c]"
"In post","2023","Black","Security","Cabinet Office","Outside London","10","5","[c]","[c]"
"In post","2023","Black","Security","Cabinet Office","Unknown","[c]","[c]","[c]","[c]"
"In post","2023","Black","Security","Chancellor's other departments","London","[c]","[c]","[c]","[c]"
"In post","2023","Black","Security","Chancellor's other departments","Outside London","[c]","[c]","[c]","[c]"
"In post","2023","Black","Security","Charity Commission","London","[c]","[c]","[c]","[c]"
"In post","2023","Black","Security","Charity Commission","Outside London","[c]","[c]","[c]","[c]"
"In post","2023","Black","Security","Competition and Markets Authority","London","[c]","[c]","[c]","[c]"
"In post","2023","Black","Security","Department for Business, Energy and Industrial Strategy","London","[c]","[c]","[c]","[c]"
"In post","2023","Black","Security","Department for Business, Energy and Industrial Strategy","Outside London","[c]","[c]","[c]","[c]"
"In post","2023","Black","Security","Department for Digital, Culture, Media and Sport","London","[c]","[c]","[c]","[c]"
"In post","2023","Black","Security","Department for Digital, Culture, Media and Sport","Outside London","[c]","[c]","[c]","[c]"
"In post","2023","Black","Security","Department for Education","London","[c]","[c]","[c]","[c]"
"In post","2023","Black","Security","Department for Education","Outside London","[c]","[c]","[c]","[c]"
"In post","2023","Black","Security","Department for International Trade","London","[c]","[c]","[c]","[c]"
"In post","2023","Black","Security","Department for International Trade","Outside London","[c]","[c]","[c]","[c]"
"In post","2023","Black","Security","Department for Levelling Up, Housing and Communities","London","[c]","[c]","[c]","[c]"
"In post","2023","Black","Security","Department for Levelling Up, Housing and Communities","Outside London","[c]","[c]","[c]","[c]"
"In post","2023","Black","Security","Department for Transport","London","5","5","[c]","[c]"
"In post","2023","Black","Security","Department for Transport","Outside London","[c]","[c]","[c]","[c]"
"In post","2023","Black","Security","Department for Work and Pensions","London","[c]","[c]","[c]","[c]"
"In post","2023","Black","Security","Department for Work and Pensions","Outside London","[c]","[c]","[c]","[c]"
"In post","2023","Black","Security","Department for Work and Pensions","Unknown","[c]","[c]","[c]","[c]"
"In post","2023","Black","Security","Department of Health and Social Care","London","5","5","[c]","[c]"
"In post","2023","Black","Security","Department of Health and Social Care","Outside London","[c]","[c]","[c]","[c]"
"In post","2023","Black","Security","Estyn","Outside London","[c]","[c]","[c]","[c]"
"In post","2023","Black","Security","Food Standards Agency","London","[c]","[c]","[c]","[c]"
"In post","2023","Black","Security","Food Standards Agency","Outside London","[c]","[c]","[c]","[c]"
"In post","2023","Black","Security","Foreign, Commonwealth and Development Office","London","20","20","[c]","[c]"
"In post","2023","Black","Security","Foreign, Commonwealth and Development Office","Outside London","[c]","[c]","[c]","[c]"
"In post","2023","Black","Security","Foreign, Commonwealth and Development Office","Overseas","[c]","[c]","[c]","[c]"
"In post","2023","Black","Security","HM Revenue and Customs","London","[c]","[c]","[c]","[c]"
"In post","2023","Black","Security","HM Revenue and Customs","Outside London","[c]","[c]","[c]","[c]"
"In post","2023","Black","Security","Home Office","London","20","20","[c]","[c]"
"In post","2023","Black","Security","Home Office","Outside London","[c]","[c]","[c]","[c]"
"In post","2023","Black","Security","Home Office","Overseas","[c]","[c]","[c]","[c]"
"In post","2023","Black","Security","Ministry of Defence","London","30","30","31600","24380"
"In post","2023","Black","Security","Ministry of Defence","Outside London","30","30","29010","27480"
"In post","2023","Black","Security","Ministry of Defence","Overseas","[c]","[c]","[c]","[c]"
"In post","2023","Black","Security","Ministry of Defence","Unknown","[c]","[c]","[c]","[c]"
"In post","2023","Black","Security","Ministry of Justice","London","10","10","[c]","[c]"
"In post","2023","Black","Security","Ministry of Justice","Outside London","[c]","[c]","[c]","[c]"
"In post","2023","Black","Security","National Crime Agency","London","5","5","[c]","[c]"
"In post","2023","Black","Security","National Crime Agency","Outside London","[c]","[c]","[c]","[c]"
"In post","2023","Black","Security","National Crime Agency","Unknown","[c]","[c]","[c]","[c]"
"In post","2023","Black","Security","Northern Ireland Office","Outside London","[c]","[c]","[c]","[c]"
"In post","2023","Black","Security","Office of Gas and Electricity Markets","London","[c]","[c]","[c]","[c]"
"In post","2023","Black","Security","Office of Gas and Electricity Markets","Outside London","[c]","[c]","[c]","[c]"
"In post","2023","Black","Security","Scottish Government","Outside London","[c]","[c]","[c]","[c]"
"In post","2023","Black","Security","UK Export Finance","London","[c]","[c]","[c]","[c]"
"In post","2023","Black","Security","UK Statistics Authority","London","[c]","[c]","[c]","[c]"
"In post","2023","Black","Security","UK Statistics Authority","Outside London","[c]","[c]","[c]","[c]"
"In post","2023","Black","Security","Water Services Regulation Authority","Outside London","[c]","[c]","[c]","[c]"
"In post","2023","Black","Unknown","Attorney General's Departments","London","[c]","[c]","[c]","[c]"
"In post","2023","Black","Unknown","Attorney General's Departments","Outside London","[c]","[c]","[c]","[c]"
"In post","2023","Black","Unknown","Cabinet Office","London","25","25","[c]","[c]"
"In post","2023","Black","Unknown","Cabinet Office","Outside London","[c]","[c]","[c]","[c]"
"In post","2023","Black","Unknown","Cabinet Office","Unknown","[c]","[c]","[c]","[c]"
"In post","2023","Black","Unknown","Department for Business, Energy and Industrial Strategy","Outside London","[c]","[c]","[c]","[c]"
"In post","2023","Black","Unknown","Department for Digital, Culture, Media and Sport","London","[c]","[c]","[c]","[c]"
"In post","2023","Black","Unknown","Department for Education","London","[c]","[c]","[c]","[c]"
"In post","2023","Black","Unknown","Department for Education","Outside London","[c]","[c]","[c]","[c]"
"In post","2023","Black","Unknown","Department for International Trade","London","[c]","[c]","[c]","[c]"
"In post","2023","Black","Unknown","Department for International Trade","Outside London","[c]","[c]","[c]","[c]"
"In post","2023","Black","Unknown","Department for Work and Pensions","London","55","50","42020","39150"
"In post","2023","Black","Unknown","Department for Work and Pensions","Outside London","20","20","[c]","[c]"
"In post","2023","Black","Unknown","Department for Work and Pensions","Unknown","[c]","[c]","[c]","[c]"
"In post","2023","Black","Unknown","Department of Health and Social Care","London","5","5","[c]","[c]"
"In post","2023","Black","Unknown","Department of Health and Social Care","Outside London","[c]","[c]","[c]","[c]"
"In post","2023","Black","Unknown","Food Standards Agency","Outside London","[c]","[c]","[c]","[c]"
"In post","2023","Black","Unknown","Foreign, Commonwealth and Development Office","London","[c]","[c]","[c]","[c]"
"In post","2023","Black","Unknown","Foreign, Commonwealth and Development Office","Outside London","[c]","[c]","[c]","[c]"
"In post","2023","Black","Unknown","Foreign, Commonwealth and Development Office","Overseas","[c]","[c]","[c]","[c]"
"In post","2023","Black","Unknown","HM Revenue and Customs","London","[c]","[c]","[c]","[c]"
"In post","2023","Black","Unknown","HM Revenue and Customs","Outside London","[c]","[c]","[c]","[c]"
"In post","2023","Black","Unknown","Ministry of Defence","London","[c]","[c]","[c]","[c]"
"In post","2023","Black","Unknown","Ministry of Defence","Outside London","10","10","[c]","[c]"
"In post","2023","Black","Unknown","Ministry of Defence","Unknown","[c]","[c]","[c]","[c]"
"In post","2023","Black","Unknown","Northern Ireland Office","London","[c]","[c]","[c]","[c]"
"In post","2023","Black","Unknown","Northern Ireland Office","Outside London","[c]","[c]","[c]","[c]"
"In post","2023","Black","Unknown","Office of Gas and Electricity Markets","London","[c]","[c]","[c]","[c]"
"In post","2023","Black","Unknown","Office of Gas and Electricity Markets","Outside London","[c]","[c]","[c]","[c]"
"In post","2023","Black","Unknown","Office of the Secretary of State for Scotland","London","[c]","[c]","[c]","[c]"
"In post","2023","Black","Unknown","Office of the Secretary of State for Scotland","Outside London","[c]","[c]","[c]","[c]"
"In post","2023","Black","Unknown","Scottish Government","London","[c]","[c]","[c]","[c]"
"In post","2023","Black","Unknown","Scottish Government","Outside London","80","75","39310","33520"
"In post","2023","Black","Unknown","Scottish Government","Overseas","[c]","[c]","[c]","[c]"
"In post","2023","Black","Unknown","Welsh Government","London","[c]","[c]","[c]","[c]"
"In post","2023","Black","Unknown","Welsh Government","Outside London","20","20","[c]","[c]"
"In post","2023","Black","Unknown","Welsh Government","Overseas","[c]","[c]","[c]","[c]"
"In post","2023","Mixed","Analysis","Attorney General's Departments","London","[c]","[c]","[c]","[c]"
"In post","2023","Mixed","Analysis","Attorney General's Departments","Outside London","[c]","[c]","[c]","[c]"
"In post","2023","Mixed","Analysis","Cabinet Office","London","5","5","[c]","[c]"
"In post","2023","Mixed","Analysis","Cabinet Office","Outside London","[c]","[c]","[c]","[c]"
"In post","2023","Mixed","Analysis","Cabinet Office","Unknown","[c]","[c]","[c]","[c]"
"In post","2023","Mixed","Analysis","Chancellor's other departments","London","10","5","[c]","[c]"
"In post","2023","Mixed","Analysis","Chancellor's other departments","Outside London","[c]","[c]","[c]","[c]"
"In post","2023","Mixed","Analysis","Charity Commission","London","[c]","[c]","[c]","[c]"
"In post","2023","Mixed","Analysis","Charity Commission","Outside London","[c]","[c]","[c]","[c]"
"In post","2023","Mixed","Analysis","Competition and Markets Authority","London","[c]","[c]","[c]","[c]"
"In post","2023","Mixed","Analysis","Competition and Markets Authority","Outside London","[c]","[c]","[c]","[c]"
"In post","2023","Mixed","Analysis","Department for Business, Energy and Industrial Strategy","London","10","10","[c]","[c]"
"In post","2023","Mixed","Analysis","Department for Business, Energy and Industrial Strategy","Outside London","[c]","[c]","[c]","[c]"
"In post","2023","Mixed","Analysis","Department for Digital, Culture, Media and Sport","London","10","10","[c]","[c]"
"In post","2023","Mixed","Analysis","Department for Digital, Culture, Media and Sport","Outside London","[c]","[c]","[c]","[c]"
"In post","2023","Mixed","Analysis","Department for Education","London","15","15","[c]","[c]"
"In post","2023","Mixed","Analysis","Department for Education","Outside London","5","5","[c]","[c]"
"In post","2023","Mixed","Analysis","Department for Environment, Food and Rural Affairs","Outside London","10","10","[c]","[c]"
"In post","2023","Mixed","Analysis","Department for International Trade","London","10","10","[c]","[c]"
"In post","2023","Mixed","Analysis","Department for International Trade","Outside London","[c]","[c]","[c]","[c]"
"In post","2023","Mixed","Analysis","Department for Levelling Up, Housing and Communities","London","5","5","[c]","[c]"
"In post","2023","Mixed","Analysis","Department for Levelling Up, Housing and Communities","Outside London","[c]","[c]","[c]","[c]"
"In post","2023","Mixed","Analysis","Department for Transport","London","10","10","[c]","[c]"
"In post","2023","Mixed","Analysis","Department for Transport","Outside London","[c]","[c]","[c]","[c]"
"In post","2023","Mixed","Analysis","Department for Work and Pensions","London","10","10","[c]","[c]"
"In post","2023","Mixed","Analysis","Department for Work and Pensions","Outside London","5","5","[c]","[c]"
"In post","2023","Mixed","Analysis","Department for Work and Pensions","Unknown","[c]","[c]","[c]","[c]"
"In post","2023","Mixed","Analysis","Department of Health and Social Care","London","10","10","[c]","[c]"
"In post","2023","Mixed","Analysis","Department of Health and Social Care","Outside London","[c]","[c]","[c]","[c]"
"In post","2023","Mixed","Analysis","Estyn","Outside London","[c]","[c]","[c]","[c]"
"In post","2023","Mixed","Analysis","Food Standards Agency","London","[c]","[c]","[c]","[c]"
"In post","2023","Mixed","Analysis","Food Standards Agency","Outside London","[c]","[c]","[c]","[c]"
"In post","2023","Mixed","Analysis","Foreign, Commonwealth and Development Office","London","[c]","[c]","[c]","[c]"
"In post","2023","Mixed","Analysis","Foreign, Commonwealth and Development Office","Outside London","[c]","[c]","[c]","[c]"
"In post","2023","Mixed","Analysis","Foreign, Commonwealth and Development Office","Overseas","[c]","[c]","[c]","[c]"
"In post","2023","Mixed","Analysis","HM Land Registry","London","[c]","[c]","[c]","[c]"
"In post","2023","Mixed","Analysis","HM Land Registry","Outside London","[c]","[c]","[c]","[c]"
"In post","2023","Mixed","Analysis","HM Revenue and Customs","London","5","5","[c]","[c]"
"In post","2023","Mixed","Analysis","HM Revenue and Customs","Outside London","10","10","[c]","[c]"
"In post","2023","Mixed","Analysis","HM Treasury","London","[c]","[c]","[c]","[c]"
"In post","2023","Mixed","Analysis","HM Treasury","Outside London","[c]","[c]","[c]","[c]"
"In post","2023","Mixed","Analysis","Home Office","London","15","15","[c]","[c]"
"In post","2023","Mixed","Analysis","Home Office","Outside London","[c]","[c]","[c]","[c]"
"In post","2023","Mixed","Analysis","Ministry of Defence","London","10","10","[c]","[c]"
"In post","2023","Mixed","Analysis","Ministry of Defence","Outside London","20","20","[c]","[c]"
"In post","2023","Mixed","Analysis","Ministry of Defence","Overseas","[c]","[c]","[c]","[c]"
"In post","2023","Mixed","Analysis","Ministry of Justice","London","20","15","[c]","[c]"
"In post","2023","Mixed","Analysis","Ministry of Justice","Outside London","[c]","[c]","[c]","[c]"
"In post","2023","Mixed","Analysis","Ministry of Justice","Unknown","[c]","[c]","[c]","[c]"
"In post","2023","Mixed","Analysis","Office for Standards in Education, Children's Services and Skills","London","[c]","[c]","[c]","[c]"
"In post","2023","Mixed","Analysis","Office for Standards in Education, Children's Services and Skills","Outside London","[c]","[c]","[c]","[c]"
"In post","2023","Mixed","Analysis","Office of Gas and Electricity Markets","London","[c]","[c]","[c]","[c]"
"In post","2023","Mixed","Analysis","Office of Gas and Electricity Markets","Outside London","[c]","[c]","[c]","[c]"
"In post","2023","Mixed","Analysis","Office of Rail and Road","London","[c]","[c]","[c]","[c]"
"In post","2023","Mixed","Analysis","Office of Rail and Road","Outside London","[c]","[c]","[c]","[c]"
"In post","2023","Mixed","Analysis","Scottish Government","Outside London","[c]","[c]","[c]","[c]"
"In post","2023","Mixed","Analysis","UK Export Finance","London","[c]","[c]","[c]","[c]"
"In post","2023","Mixed","Analysis","UK Statistics Authority","London","[c]","[c]","[c]","[c]"
"In post","2023","Mixed","Analysis","UK Statistics Authority","Outside London","40","40","36320","31560"
"In post","2023","Mixed","Analysis","Water Services Regulation Authority","London","[c]","[c]","[c]","[c]"
"In post","2023","Mixed","Analysis","Water Services Regulation Authority","Outside London","[c]","[c]","[c]","[c]"
"In post","2023","Mixed","Analysis","Welsh Government","Outside London","[c]","[c]","[c]","[c]"
"In post","2023","Mixed","Commercial","Attorney General's Departments","London","[c]","[c]","[c]","[c]"
"In post","2023","Mixed","Commercial","Attorney General's Departments","Outside London","[c]","[c]","[c]","[c]"
"In post","2023","Mixed","Commercial","Cabinet Office","London","30","30","63950","67200"
"In post","2023","Mixed","Commercial","Cabinet Office","Outside London","20","20","[c]","[c]"
"In post","2023","Mixed","Commercial","Cabinet Office","Unknown","[c]","[c]","[c]","[c]"
"In post","2023","Mixed","Commercial","Chancellor's other departments","London","[c]","[c]","[c]","[c]"
"In post","2023","Mixed","Commercial","Chancellor's other departments","Outside London","[c]","[c]","[c]","[c]"
"In post","2023","Mixed","Commercial","Charity Commission","Outside London","[c]","[c]","[c]","[c]"
"In post","2023","Mixed","Commercial","Competition and Markets Authority","London","[c]","[c]","[c]","[c]"
"In post","2023","Mixed","Commercial","Competition and Markets Authority","Outside London","[c]","[c]","[c]","[c]"
"In post","2023","Mixed","Commercial","Department for Business, Energy and Industrial Strategy","London","[c]","[c]","[c]","[c]"
"In post","2023","Mixed","Commercial","Department for Business, Energy and Industrial Strategy","Outside London","[c]","[c]","[c]","[c]"
"In post","2023","Mixed","Commercial","Department for Digital, Culture, Media and Sport","London","[c]","[c]","[c]","[c]"
"In post","2023","Mixed","Commercial","Department for Digital, Culture, Media and Sport","Outside London","[c]","[c]","[c]","[c]"
"In post","2023","Mixed","Commercial","Department for Education","London","[c]","[c]","[c]","[c]"
"In post","2023","Mixed","Commercial","Department for Education","Outside London","[c]","[c]","[c]","[c]"
"In post","2023","Mixed","Commercial","Department for Environment, Food and Rural Affairs","London","[c]","[c]","[c]","[c]"
"In post","2023","Mixed","Commercial","Department for Environment, Food and Rural Affairs","Outside London","5","5","[c]","[c]"
"In post","2023","Mixed","Commercial","Department for International Trade","London","[c]","[c]","[c]","[c]"
"In post","2023","Mixed","Commercial","Department for International Trade","Outside London","[c]","[c]","[c]","[c]"
"In post","2023","Mixed","Commercial","Department for Levelling Up, Housing and Communities","London","[c]","[c]","[c]","[c]"
"In post","2023","Mixed","Commercial","Department for Levelling Up, Housing and Communities","Outside London","[c]","[c]","[c]","[c]"
"In post","2023","Mixed","Commercial","Department for Transport","London","[c]","[c]","[c]","[c]"
"In post","2023","Mixed","Commercial","Department for Transport","Outside London","5","5","[c]","[c]"
"In post","2023","Mixed","Commercial","Department for Work and Pensions","London","[c]","[c]","[c]","[c]"
"In post","2023","Mixed","Commercial","Department for Work and Pensions","Outside London","[c]","[c]","[c]","[c]"
"In post","2023","Mixed","Commercial","Department of Health and Social Care","London","10","10","[c]","[c]"
"In post","2023","Mixed","Commercial","Department of Health and Social Care","Outside London","[c]","[c]","[c]","[c]"
"In post","2023","Mixed","Commercial","Estyn","Outside London","[c]","[c]","[c]","[c]"
"In post","2023","Mixed","Commercial","Food Standards Agency","London","[c]","[c]","[c]","[c]"
"In post","2023","Mixed","Commercial","Food Standards Agency","Outside London","[c]","[c]","[c]","[c]"
"In post","2023","Mixed","Commercial","Foreign, Commonwealth and Development Office","London","[c]","[c]","[c]","[c]"
"In post","2023","Mixed","Commercial","Foreign, Commonwealth and Development Office","Outside London","[c]","[c]","[c]","[c]"
"In post","2023","Mixed","Commercial","Foreign, Commonwealth and Development Office","Overseas","[c]","[c]","[c]","[c]"
"In post","2023","Mixed","Commercial","HM Land Registry","London","[c]","[c]","[c]","[c]"
"In post","2023","Mixed","Commercial","HM Land Registry","Outside London","[c]","[c]","[c]","[c]"
"In post","2023","Mixed","Commercial","HM Revenue and Customs","London","[c]","[c]","[c]","[c]"
"In post","2023","Mixed","Commercial","HM Revenue and Customs","Outside London","[c]","[c]","[c]","[c]"
"In post","2023","Mixed","Commercial","HM Treasury","London","[c]","[c]","[c]","[c]"
"In post","2023","Mixed","Commercial","HM Treasury","Outside London","[c]","[c]","[c]","[c]"
"In post","2023","Mixed","Commercial","Home Office","London","[c]","[c]","[c]","[c]"
"In post","2023","Mixed","Commercial","Home Office","Outside London","[c]","[c]","[c]","[c]"
"In post","2023","Mixed","Commercial","Ministry of Defence","London","[c]","[c]","[c]","[c]"
"In post","2023","Mixed","Commercial","Ministry of Defence","Outside London","35","35","36380","34300"
"In post","2023","Mixed","Commercial","Ministry of Defence","Overseas","[c]","[c]","[c]","[c]"
"In post","2023","Mixed","Commercial","Ministry of Justice","London","[c]","[c]","[c]","[c]"
"In post","2023","Mixed","Commercial","Ministry of Justice","Outside London","5","5","[c]","[c]"
"In post","2023","Mixed","Commercial","Ministry of Justice","Unknown","[c]","[c]","[c]","[c]"
"In post","2023","Mixed","Commercial","National Crime Agency","London","[c]","[c]","[c]","[c]"
"In post","2023","Mixed","Commercial","National Crime Agency","Outside London","[c]","[c]","[c]","[c]"
"In post","2023","Mixed","Commercial","Office for Standards in Education, Children's Services and Skills","Outside London","[c]","[c]","[c]","[c]"
"In post","2023","Mixed","Commercial","Office of Qualifications and Examinations Regulation","Outside London","[c]","[c]","[c]","[c]"
"In post","2023","Mixed","Commercial","Office of Rail and Road","London","[c]","[c]","[c]","[c]"
"In post","2023","Mixed","Commercial","Scottish Government","Outside London","[c]","[c]","[c]","[c]"
"In post","2023","Mixed","Commercial","The National Archives","London","[c]","[c]","[c]","[c]"
"In post","2023","Mixed","Commercial","UK Export Finance","London","5","5","[c]","[c]"
"In post","2023","Mixed","Commercial","UK Export Finance","Outside London","[c]","[c]","[c]","[c]"
"In post","2023","Mixed","Commercial","UK Statistics Authority","London","[c]","[c]","[c]","[c]"
"In post","2023","Mixed","Commercial","UK Statistics Authority","Outside London","[c]","[c]","[c]","[c]"
"In post","2023","Mixed","Commercial","Water Services Regulation Authority","Outside London","[c]","[c]","[c]","[c]"
"In post","2023","Mixed","Communications","Attorney General's Departments","London","[c]","[c]","[c]","[c]"
"In post","2023","Mixed","Communications","Attorney General's Departments","Outside London","[c]","[c]","[c]","[c]"
"In post","2023","Mixed","Communications","Cabinet Office","London","10","10","[c]","[c]"
"In post","2023","Mixed","Communications","Cabinet Office","Outside London","[c]","[c]","[c]","[c]"
"In post","2023","Mixed","Communications","Cabinet Office","Unknown","[c]","[c]","[c]","[c]"
"In post","2023","Mixed","Communications","Chancellor's other departments","London","[c]","[c]","[c]","[c]"
"In post","2023","Mixed","Communications","Chancellor's other departments","Outside London","[c]","[c]","[c]","[c]"
"In post","2023","Mixed","Communications","Charity Commission","London","[c]","[c]","[c]","[c]"
"In post","2023","Mixed","Communications","Charity Commission","Outside London","[c]","[c]","[c]","[c]"
"In post","2023","Mixed","Communications","Competition and Markets Authority","London","[c]","[c]","[c]","[c]"
"In post","2023","Mixed","Communications","Competition and Markets Authority","Outside London","[c]","[c]","[c]","[c]"
"In post","2023","Mixed","Communications","Department for Business, Energy and Industrial Strategy","London","5","5","[c]","[c]"
"In post","2023","Mixed","Communications","Department for Business, Energy and Industrial Strategy","Outside London","[c]","[c]","[c]","[c]"
"In post","2023","Mixed","Communications","Department for Digital, Culture, Media and Sport","London","[c]","[c]","[c]","[c]"
"In post","2023","Mixed","Communications","Department for Digital, Culture, Media and Sport","Outside London","[c]","[c]","[c]","[c]"
"In post","2023","Mixed","Communications","Department for Education","London","[c]","[c]","[c]","[c]"
"In post","2023","Mixed","Communications","Department for Education","Outside London","[c]","[c]","[c]","[c]"
"In post","2023","Mixed","Communications","Department for Environment, Food and Rural Affairs","London","[c]","[c]","[c]","[c]"
"In post","2023","Mixed","Communications","Department for Environment, Food and Rural Affairs","Outside London","[c]","[c]","[c]","[c]"
"In post","2023","Mixed","Communications","Department for Environment, Food and Rural Affairs","Unknown","[c]","[c]","[c]","[c]"
"In post","2023","Mixed","Communications","Department for International Trade","London","5","5","[c]","[c]"
"In post","2023","Mixed","Communications","Department for International Trade","Outside London","[c]","[c]","[c]","[c]"
"In post","2023","Mixed","Communications","Department for Levelling Up, Housing and Communities","London","[c]","[c]","[c]","[c]"
"In post","2023","Mixed","Communications","Department for Levelling Up, Housing and Communities","Outside London","[c]","[c]","[c]","[c]"
"In post","2023","Mixed","Communications","Department for Transport","London","[c]","[c]","[c]","[c]"
"In post","2023","Mixed","Communications","Department for Transport","Outside London","5","5","[c]","[c]"
"In post","2023","Mixed","Communications","Department for Work and Pensions","London","5","5","[c]","[c]"
"In post","2023","Mixed","Communications","Department for Work and Pensions","Outside London","[c]","[c]","[c]","[c]"
"In post","2023","Mixed","Communications","Department of Health and Social Care","London","[c]","[c]","[c]","[c]"
"In post","2023","Mixed","Communications","Department of Health and Social Care","Outside London","[c]","[c]","[c]","[c]"
"In post","2023","Mixed","Communications","Estyn","Outside London","[c]","[c]","[c]","[c]"
"In post","2023","Mixed","Communications","Food Standards Agency","London","[c]","[c]","[c]","[c]"
"In post","2023","Mixed","Communications","Food Standards Agency","Outside London","[c]","[c]","[c]","[c]"
"In post","2023","Mixed","Communications","Foreign, Commonwealth and Development Office","London","[c]","[c]","[c]","[c]"
"In post","2023","Mixed","Communications","Foreign, Commonwealth and Development Office","Outside London","[c]","[c]","[c]","[c]"
"In post","2023","Mixed","Communications","HM Land Registry","London","[c]","[c]","[c]","[c]"
"In post","2023","Mixed","Communications","HM Land Registry","Outside London","[c]","[c]","[c]","[c]"
"In post","2023","Mixed","Communications","HM Revenue and Customs","London","5","5","[c]","[c]"
"In post","2023","Mixed","Communications","HM Revenue and Customs","Outside London","[c]","[c]","[c]","[c]"
"In post","2023","Mixed","Communications","HM Treasury","London","[c]","[c]","[c]","[c]"
"In post","2023","Mixed","Communications","HM Treasury","Outside London","[c]","[c]","[c]","[c]"
"In post","2023","Mixed","Communications","Home Office","London","[c]","[c]","[c]","[c]"
"In post","2023","Mixed","Communications","Home Office","Outside London","[c]","[c]","[c]","[c]"
"In post","2023","Mixed","Communications","Ministry of Defence","London","[c]","[c]","[c]","[c]"
"In post","2023","Mixed","Communications","Ministry of Defence","Outside London","10","10","[c]","[c]"
"In post","2023","Mixed","Communications","Ministry of Defence","Overseas","[c]","[c]","[c]","[c]"
"In post","2023","Mixed","Communications","Ministry of Justice","London","5","5","[c]","[c]"
"In post","2023","Mixed","Communications","Ministry of Justice","Outside London","[c]","[c]","[c]","[c]"
"In post","2023","Mixed","Communications","National Crime Agency","London","[c]","[c]","[c]","[c]"
"In post","2023","Mixed","Communications","National Crime Agency","Outside London","[c]","[c]","[c]","[c]"
"In post","2023","Mixed","Communications","Northern Ireland Office","London","[c]","[c]","[c]","[c]"
"In post","2023","Mixed","Communications","Northern Ireland Office","Outside London","[c]","[c]","[c]","[c]"
"In post","2023","Mixed","Communications","Office for Standards in Education, Children's Services and Skills","London","[c]","[c]","[c]","[c]"
"In post","2023","Mixed","Communications","Office for Standards in Education, Children's Services and Skills","Outside London","[c]","[c]","[c]","[c]"
"In post","2023","Mixed","Communications","Office of Gas and Electricity Markets","London","[c]","[c]","[c]","[c]"
"In post","2023","Mixed","Communications","Office of Gas and Electricity Markets","Outside London","[c]","[c]","[c]","[c]"
"In post","2023","Mixed","Communications","Office of Qualifications and Examinations Regulation","Outside London","[c]","[c]","[c]","[c]"
"In post","2023","Mixed","Communications","Office of Rail and Road","London","[c]","[c]","[c]","[c]"
"In post","2023","Mixed","Communications","Office of Rail and Road","Outside London","[c]","[c]","[c]","[c]"
"In post","2023","Mixed","Communications","Office of the Secretary of State for Scotland","London","[c]","[c]","[c]","[c]"
"In post","2023","Mixed","Communications","Office of the Secretary of State for Scotland","Outside London","[c]","[c]","[c]","[c]"
"In post","2023","Mixed","Communications","Office of the Secretary of State for Wales","London","[c]","[c]","[c]","[c]"
"In post","2023","Mixed","Communications","Office of the Secretary of State for Wales","Outside London","[c]","[c]","[c]","[c]"
"In post","2023","Mixed","Communications","Scottish Government","Outside London","[c]","[c]","[c]","[c]"
"In post","2023","Mixed","Communications","The National Archives","London","[c]","[c]","[c]","[c]"
"In post","2023","Mixed","Communications","UK Export Finance","London","5","5","[c]","[c]"
"In post","2023","Mixed","Communications","UK Export Finance","Outside London","[c]","[c]","[c]","[c]"
"In post","2023","Mixed","Communications","UK Statistics Authority","London","[c]","[c]","[c]","[c]"
"In post","2023","Mixed","Communications","UK Statistics Authority","Outside London","[c]","[c]","[c]","[c]"
"In post","2023","Mixed","Communications","UK Supreme Court","London","[c]","[c]","[c]","[c]"
"In post","2023","Mixed","Communications","Water Services Regulation Authority","London","[c]","[c]","[c]","[c]"
"In post","2023","Mixed","Communications","Water Services Regulation Authority","Outside London","[c]","[c]","[c]","[c]"
"In post","2023","Mixed","Communications","Welsh Government","Outside London","[c]","[c]","[c]","[c]"
"In post","2023","Mixed","Counter Fraud","Attorney General's Departments","London","5","5","[c]","[c]"
"In post","2023","Mixed","Counter Fraud","Cabinet Office","London","[c]","[c]","[c]","[c]"
"In post","2023","Mixed","Counter Fraud","Cabinet Office","Outside London","[c]","[c]","[c]","[c]"
"In post","2023","Mixed","Counter Fraud","Cabinet Office","Unknown","[c]","[c]","[c]","[c]"
"In post","2023","Mixed","Counter Fraud","Chancellor's other departments","Outside London","[c]","[c]","[c]","[c]"
"In post","2023","Mixed","Counter Fraud","Department for Business, Energy and Industrial Strategy","London","[c]","[c]","[c]","[c]"
"In post","2023","Mixed","Counter Fraud","Department for Business, Energy and Industrial Strategy","Outside London","[c]","[c]","[c]","[c]"
"In post","2023","Mixed","Counter Fraud","Department for Digital, Culture, Media and Sport","London","[c]","[c]","[c]","[c]"
"In post","2023","Mixed","Counter Fraud","Department for Digital, Culture, Media and Sport","Outside London","[c]","[c]","[c]","[c]"
"In post","2023","Mixed","Counter Fraud","Department for Levelling Up, Housing and Communities","Outside London","[c]","[c]","[c]","[c]"
"In post","2023","Mixed","Counter Fraud","Department for Transport","London","[c]","[c]","[c]","[c]"
"In post","2023","Mixed","Counter Fraud","Department for Transport","Outside London","[c]","[c]","[c]","[c]"
"In post","2023","Mixed","Counter Fraud","Department for Work and Pensions","London","40","40","31660","32520"
"In post","2023","Mixed","Counter Fraud","Department for Work and Pensions","Outside London","90","85","28700","28120"
"In post","2023","Mixed","Counter Fraud","Department for Work and Pensions","Unknown","[c]","[c]","[c]","[c]"
"In post","2023","Mixed","Counter Fraud","Food Standards Agency","London","[c]","[c]","[c]","[c]"
"In post","2023","Mixed","Counter Fraud","Food Standards Agency","Outside London","[c]","[c]","[c]","[c]"
"In post","2023","Mixed","Counter Fraud","HM Land Registry","Outside London","[c]","[c]","[c]","[c]"
"In post","2023","Mixed","Counter Fraud","HM Revenue and Customs","London","70","70","40080","39450"
"In post","2023","Mixed","Counter Fraud","HM Revenue and Customs","Outside London","85","80","34200","28130"
"In post","2023","Mixed","Counter Fraud","Home Office","London","[c]","[c]","[c]","[c]"
"In post","2023","Mixed","Counter Fraud","Home Office","Outside London","[c]","[c]","[c]","[c]"
"In post","2023","Mixed","Counter Fraud","Ministry of Defence","London","[c]","[c]","[c]","[c]"
"In post","2023","Mixed","Counter Fraud","Ministry of Defence","Outside London","[c]","[c]","[c]","[c]"
"In post","2023","Mixed","Counter Fraud","Ministry of Justice","London","[c]","[c]","[c]","[c]"
"In post","2023","Mixed","Counter Fraud","Ministry of Justice","Outside London","[c]","[c]","[c]","[c]"
"In post","2023","Mixed","Debt","Department for Work and Pensions","London","[c]","[c]","[c]","[c]"
"In post","2023","Mixed","Debt","Department for Work and Pensions","Outside London","50","45","23250","21690"
"In post","2023","Mixed","Debt","Department for Work and Pensions","Unknown","[c]","[c]","[c]","[c]"
"In post","2023","Mixed","Debt","HM Revenue and Customs","London","10","10","[c]","[c]"
"In post","2023","Mixed","Debt","HM Revenue and Customs","Outside London","50","45","24190","22520"
"In post","2023","Mixed","Debt","UK Export Finance","London","[c]","[c]","[c]","[c]"
"In post","2023","Mixed","Digital, Data & Technology","Attorney General's Departments","London","[c]","[c]","[c]","[c]"
"In post","2023","Mixed","Digital, Data & Technology","Attorney General's Departments","Outside London","[c]","[c]","[c]","[c]"
"In post","2023","Mixed","Digital, Data & Technology","Cabinet Office","London","35","35","46040","39350"
"In post","2023","Mixed","Digital, Data & Technology","Cabinet Office","Outside London","10","10","[c]","[c]"
"In post","2023","Mixed","Digital, Data & Technology","Cabinet Office","Unknown","[c]","[c]","[c]","[c]"
"In post","2023","Mixed","Digital, Data & Technology","Chancellor's other departments","London","[c]","[c]","[c]","[c]"
"In post","2023","Mixed","Digital, Data & Technology","Chancellor's other departments","Outside London","[c]","[c]","[c]","[c]"
"In post","2023","Mixed","Digital, Data & Technology","Charity Commission","London","[c]","[c]","[c]","[c]"
"In post","2023","Mixed","Digital, Data & Technology","Charity Commission","Outside London","[c]","[c]","[c]","[c]"
"In post","2023","Mixed","Digital, Data & Technology","Competition and Markets Authority","London","[c]","[c]","[c]","[c]"
"In post","2023","Mixed","Digital, Data & Technology","Competition and Markets Authority","Outside London","[c]","[c]","[c]","[c]"
"In post","2023","Mixed","Digital, Data & Technology","Department for Business, Energy and Industrial Strategy","London","10","10","[c]","[c]"
"In post","2023","Mixed","Digital, Data & Technology","Department for Business, Energy and Industrial Strategy","Outside London","35","35","37900","35750"
"In post","2023","Mixed","Digital, Data & Technology","Department for Business, Energy and Industrial Strategy","Overseas","[c]","[c]","[c]","[c]"
"In post","2023","Mixed","Digital, Data & Technology","Department for Digital, Culture, Media and Sport","London","[c]","[c]","[c]","[c]"
"In post","2023","Mixed","Digital, Data & Technology","Department for Digital, Culture, Media and Sport","Outside London","[c]","[c]","[c]","[c]"
"In post","2023","Mixed","Digital, Data & Technology","Department for Education","London","[c]","[c]","[c]","[c]"
"In post","2023","Mixed","Digital, Data & Technology","Department for Education","Outside London","10","10","[c]","[c]"
"In post","2023","Mixed","Digital, Data & Technology","Department for Environment, Food and Rural Affairs","London","[c]","[c]","[c]","[c]"
"In post","2023","Mixed","Digital, Data & Technology","Department for Environment, Food and Rural Affairs","Outside London","10","10","[c]","[c]"
"In post","2023","Mixed","Digital, Data & Technology","Department for International Trade","London","5","5","[c]","[c]"
"In post","2023","Mixed","Digital, Data & Technology","Department for International Trade","Outside London","[c]","[c]","[c]","[c]"
"In post","2023","Mixed","Digital, Data & Technology","Department for Levelling Up, Housing and Communities","London","[c]","[c]","[c]","[c]"
"In post","2023","Mixed","Digital, Data & Technology","Department for Levelling Up, Housing and Communities","Outside London","[c]","[c]","[c]","[c]"
"In post","2023","Mixed","Digital, Data & Technology","Department for Transport","London","[c]","[c]","[c]","[c]"
"In post","2023","Mixed","Digital, Data & Technology","Department for Transport","Outside London","5","5","[c]","[c]"
"In post","2023","Mixed","Digital, Data & Technology","Department for Work and Pensions","London","10","10","[c]","[c]"
"In post","2023","Mixed","Digital, Data & Technology","Department for Work and Pensions","Outside London","40","40","42360","38480"
"In post","2023","Mixed","Digital, Data & Technology","Department for Work and Pensions","Unknown","[c]","[c]","[c]","[c]"
"In post","2023","Mixed","Digital, Data & Technology","Department of Health and Social Care","London","5","5","[c]","[c]"
"In post","2023","Mixed","Digital, Data & Technology","Department of Health and Social Care","Outside London","5","5","[c]","[c]"
"In post","2023","Mixed","Digital, Data & Technology","Food Standards Agency","London","[c]","[c]","[c]","[c]"
"In post","2023","Mixed","Digital, Data & Technology","Food Standards Agency","Outside London","[c]","[c]","[c]","[c]"
"In post","2023","Mixed","Digital, Data & Technology","Foreign, Commonwealth and Development Office","London","5","5","[c]","[c]"
"In post","2023","Mixed","Digital, Data & Technology","Foreign, Commonwealth and Development Office","Outside London","[c]","[c]","[c]","[c]"
"In post","2023","Mixed","Digital, Data & Technology","Foreign, Commonwealth and Development Office","Overseas","[c]","[c]","[c]","[c]"
"In post","2023","Mixed","Digital, Data & Technology","HM Land Registry","London","[c]","[c]","[c]","[c]"
"In post","2023","Mixed","Digital, Data & Technology","HM Land Registry","Outside London","5","5","[c]","[c]"
"In post","2023","Mixed","Digital, Data & Technology","HM Revenue and Customs","London","10","10","[c]","[c]"
"In post","2023","Mixed","Digital, Data & Technology","HM Revenue and Customs","Outside London","45","45","41680","41780"
"In post","2023","Mixed","Digital, Data & Technology","HM Treasury","London","[c]","[c]","[c]","[c]"
"In post","2023","Mixed","Digital, Data & Technology","HM Treasury","Outside London","[c]","[c]","[c]","[c]"
"In post","2023","Mixed","Digital, Data & Technology","Home Office","London","25","25","[c]","[c]"
"In post","2023","Mixed","Digital, Data & Technology","Home Office","Outside London","10","10","[c]","[c]"
"In post","2023","Mixed","Digital, Data & Technology","Home Office","Unknown","[c]","[c]","[c]","[c]"
"In post","2023","Mixed","Digital, Data & Technology","Ministry of Defence","London","[c]","[c]","[c]","[c]"
"In post","2023","Mixed","Digital, Data & Technology","Ministry of Defence","Outside London","40","40","35590","33910"
"In post","2023","Mixed","Digital, Data & Technology","Ministry of Defence","Overseas","[c]","[c]","[c]","[c]"
"In post","2023","Mixed","Digital, Data & Technology","Ministry of Defence","Unknown","[c]","[c]","[c]","[c]"
"In post","2023","Mixed","Digital, Data & Technology","Ministry of Justice","London","15","15","[c]","[c]"
"In post","2023","Mixed","Digital, Data & Technology","Ministry of Justice","Outside London","15","15","[c]","[c]"
"In post","2023","Mixed","Digital, Data & Technology","Ministry of Justice","Unknown","[c]","[c]","[c]","[c]"
"In post","2023","Mixed","Digital, Data & Technology","National Crime Agency","London","[c]","[c]","[c]","[c]"
"In post","2023","Mixed","Digital, Data & Technology","National Crime Agency","Outside London","[c]","[c]","[c]","[c]"
"In post","2023","Mixed","Digital, Data & Technology","National Crime Agency","Unknown","[c]","[c]","[c]","[c]"
"In post","2023","Mixed","Digital, Data & Technology","Northern Ireland Office","London","[c]","[c]","[c]","[c]"
"In post","2023","Mixed","Digital, Data & Technology","Northern Ireland Office","Outside London","[c]","[c]","[c]","[c]"
"In post","2023","Mixed","Digital, Data & Technology","Office for Standards in Education, Children's Services and Skills","London","[c]","[c]","[c]","[c]"
"In post","2023","Mixed","Digital, Data & Technology","Office for Standards in Education, Children's Services and Skills","Outside London","[c]","[c]","[c]","[c]"
"In post","2023","Mixed","Digital, Data & Technology","Office of Gas and Electricity Markets","London","5","5","[c]","[c]"
"In post","2023","Mixed","Digital, Data & Technology","Office of Gas and Electricity Markets","Outside London","[c]","[c]","[c]","[c]"
"In post","2023","Mixed","Digital, Data & Technology","Office of Qualifications and Examinations Regulation","Outside London","[c]","[c]","[c]","[c]"
"In post","2023","Mixed","Digital, Data & Technology","Office of Rail and Road","London","[c]","[c]","[c]","[c]"
"In post","2023","Mixed","Digital, Data & Technology","Office of Rail and Road","Outside London","[c]","[c]","[c]","[c]"
"In post","2023","Mixed","Digital, Data & Technology","Scottish Government","Outside London","[c]","[c]","[c]","[c]"
"In post","2023","Mixed","Digital, Data & Technology","The National Archives","London","5","5","[c]","[c]"
"In post","2023","Mixed","Digital, Data & Technology","UK Export Finance","London","[c]","[c]","[c]","[c]"
"In post","2023","Mixed","Digital, Data & Technology","UK Statistics Authority","London","[c]","[c]","[c]","[c]"
"In post","2023","Mixed","Digital, Data & Technology","UK Statistics Authority","Outside London","15","15","[c]","[c]"
"In post","2023","Mixed","Digital, Data & Technology","UK Supreme Court","London","[c]","[c]","[c]","[c]"
"In post","2023","Mixed","Digital, Data & Technology","Water Services Regulation Authority","London","[c]","[c]","[c]","[c]"
"In post","2023","Mixed","Digital, Data & Technology","Water Services Regulation Authority","Outside London","[c]","[c]","[c]","[c]"
"In post","2023","Mixed","Digital, Data & Technology","Welsh Government","Outside London","[c]","[c]","[c]","[c]"
"In post","2023","Mixed","Finance","Attorney General's Departments","London","5","5","[c]","[c]"
"In post","2023","Mixed","Finance","Attorney General's Departments","Outside London","[c]","[c]","[c]","[c]"
"In post","2023","Mixed","Finance","Cabinet Office","London","5","5","[c]","[c]"
"In post","2023","Mixed","Finance","Cabinet Office","Outside London","[c]","[c]","[c]","[c]"
"In post","2023","Mixed","Finance","Cabinet Office","Unknown","[c]","[c]","[c]","[c]"
"In post","2023","Mixed","Finance","Chancellor's other departments","London","[c]","[c]","[c]","[c]"
"In post","2023","Mixed","Finance","Charity Commission","Outside London","[c]","[c]","[c]","[c]"
"In post","2023","Mixed","Finance","Competition and Markets Authority","London","[c]","[c]","[c]","[c]"
"In post","2023","Mixed","Finance","Competition and Markets Authority","Outside London","[c]","[c]","[c]","[c]"
"In post","2023","Mixed","Finance","Department for Business, Energy and Industrial Strategy","London","[c]","[c]","[c]","[c]"
"In post","2023","Mixed","Finance","Department for Business, Energy and Industrial Strategy","Outside London","[c]","[c]","[c]","[c]"
"In post","2023","Mixed","Finance","Department for Digital, Culture, Media and Sport","London","[c]","[c]","[c]","[c]"
"In post","2023","Mixed","Finance","Department for Digital, Culture, Media and Sport","Outside London","[c]","[c]","[c]","[c]"
"In post","2023","Mixed","Finance","Department for Education","London","[c]","[c]","[c]","[c]"
"In post","2023","Mixed","Finance","Department for Education","Outside London","10","10","[c]","[c]"
"In post","2023","Mixed","Finance","Department for Environment, Food and Rural Affairs","London","[c]","[c]","[c]","[c]"
"In post","2023","Mixed","Finance","Department for Environment, Food and Rural Affairs","Outside London","5","5","[c]","[c]"
"In post","2023","Mixed","Finance","Department for Environment, Food and Rural Affairs","Unknown","[c]","[c]","[c]","[c]"
"In post","2023","Mixed","Finance","Department for International Trade","London","[c]","[c]","[c]","[c]"
"In post","2023","Mixed","Finance","Department for International Trade","Outside London","[c]","[c]","[c]","[c]"
"In post","2023","Mixed","Finance","Department for Levelling Up, Housing and Communities","London","[c]","[c]","[c]","[c]"
"In post","2023","Mixed","Finance","Department for Levelling Up, Housing and Communities","Outside London","[c]","[c]","[c]","[c]"
"In post","2023","Mixed","Finance","Department for Transport","London","[c]","[c]","[c]","[c]"
"In post","2023","Mixed","Finance","Department for Transport","Outside London","[c]","[c]","[c]","[c]"
"In post","2023","Mixed","Finance","Department for Work and Pensions","London","10","10","[c]","[c]"
"In post","2023","Mixed","Finance","Department for Work and Pensions","Outside London","30","30","38600","34970"
"In post","2023","Mixed","Finance","Department for Work and Pensions","Unknown","[c]","[c]","[c]","[c]"
"In post","2023","Mixed","Finance","Department of Health and Social Care","London","5","5","[c]","[c]"
"In post","2023","Mixed","Finance","Department of Health and Social Care","Outside London","[c]","[c]","[c]","[c]"
"In post","2023","Mixed","Finance","Estyn","Outside London","[c]","[c]","[c]","[c]"
"In post","2023","Mixed","Finance","Food Standards Agency","London","[c]","[c]","[c]","[c]"
"In post","2023","Mixed","Finance","Food Standards Agency","Outside London","[c]","[c]","[c]","[c]"
"In post","2023","Mixed","Finance","Foreign, Commonwealth and Development Office","London","10","10","[c]","[c]"
"In post","2023","Mixed","Finance","Foreign, Commonwealth and Development Office","Outside London","5","5","[c]","[c]"
"In post","2023","Mixed","Finance","Foreign, Commonwealth and Development Office","Overseas","[c]","[c]","[c]","[c]"
"In post","2023","Mixed","Finance","HM Land Registry","London","[c]","[c]","[c]","[c]"
"In post","2023","Mixed","Finance","HM Land Registry","Outside London","[c]","[c]","[c]","[c]"
"In post","2023","Mixed","Finance","HM Revenue and Customs","London","15","15","[c]","[c]"
"In post","2023","Mixed","Finance","HM Revenue and Customs","Outside London","25","20","[c]","[c]"
"In post","2023","Mixed","Finance","HM Treasury","London","[c]","[c]","[c]","[c]"
"In post","2023","Mixed","Finance","HM Treasury","Outside London","[c]","[c]","[c]","[c]"
"In post","2023","Mixed","Finance","Home Office","London","[c]","[c]","[c]","[c]"
"In post","2023","Mixed","Finance","Home Office","Outside London","[c]","[c]","[c]","[c]"
"In post","2023","Mixed","Finance","Ministry of Defence","London","5","5","[c]","[c]"
"In post","2023","Mixed","Finance","Ministry of Defence","Outside London","30","30","[c]","[c]"
"In post","2023","Mixed","Finance","Ministry of Defence","Overseas","[c]","[c]","[c]","[c]"
"In post","2023","Mixed","Finance","Ministry of Justice","London","10","10","[c]","[c]"
"In post","2023","Mixed","Finance","Ministry of Justice","Outside London","5","5","[c]","[c]"
"In post","2023","Mixed","Finance","Ministry of Justice","Unknown","[c]","[c]","[c]","[c]"
"In post","2023","Mixed","Finance","National Crime Agency","London","[c]","[c]","[c]","[c]"
"In post","2023","Mixed","Finance","National Crime Agency","Outside London","[c]","[c]","[c]","[c]"
"In post","2023","Mixed","Finance","Northern Ireland Office","London","[c]","[c]","[c]","[c]"
"In post","2023","Mixed","Finance","Northern Ireland Office","Outside London","[c]","[c]","[c]","[c]"
"In post","2023","Mixed","Finance","Office for Standards in Education, Children's Services and Skills","London","[c]","[c]","[c]","[c]"
"In post","2023","Mixed","Finance","Office for Standards in Education, Children's Services and Skills","Outside London","[c]","[c]","[c]","[c]"
"In post","2023","Mixed","Finance","Office of Gas and Electricity Markets","London","[c]","[c]","[c]","[c]"
"In post","2023","Mixed","Finance","Office of Gas and Electricity Markets","Outside London","[c]","[c]","[c]","[c]"
"In post","2023","Mixed","Finance","Office of Qualifications and Examinations Regulation","Outside London","[c]","[c]","[c]","[c]"
"In post","2023","Mixed","Finance","Office of Rail and Road","London","[c]","[c]","[c]","[c]"
"In post","2023","Mixed","Finance","Office of Rail and Road","Outside London","[c]","[c]","[c]","[c]"
"In post","2023","Mixed","Finance","Office of the Secretary of State for Scotland","London","[c]","[c]","[c]","[c]"
"In post","2023","Mixed","Finance","Office of the Secretary of State for Wales","London","[c]","[c]","[c]","[c]"
"In post","2023","Mixed","Finance","Scottish Government","Outside London","[c]","[c]","[c]","[c]"
"In post","2023","Mixed","Finance","The National Archives","London","[c]","[c]","[c]","[c]"
"In post","2023","Mixed","Finance","UK Export Finance","London","[c]","[c]","[c]","[c]"
"In post","2023","Mixed","Finance","UK Statistics Authority","London","[c]","[c]","[c]","[c]"
"In post","2023","Mixed","Finance","UK Statistics Authority","Outside London","[c]","[c]","[c]","[c]"
"In post","2023","Mixed","Finance","UK Supreme Court","London","[c]","[c]","[c]","[c]"
"In post","2023","Mixed","Finance","Water Services Regulation Authority","London","[c]","[c]","[c]","[c]"
"In post","2023","Mixed","Finance","Water Services Regulation Authority","Outside London","[c]","[c]","[c]","[c]"
"In post","2023","Mixed","Finance","Welsh Government","Outside London","[c]","[c]","[c]","[c]"
"In post","2023","Mixed","Grants Management","Department for Environment, Food and Rural Affairs","London","[c]","[c]","[c]","[c]"
"In post","2023","Mixed","Grants Management","Department for Environment, Food and Rural Affairs","Outside London","35","30","25180","22150"
"In post","2023","Mixed","Grants Management","Department of Health and Social Care","London","[c]","[c]","[c]","[c]"
"In post","2023","Mixed","Grants Management","Department of Health and Social Care","Outside London","[c]","[c]","[c]","[c]"
"In post","2023","Mixed","Grants Management","Home Office","London","[c]","[c]","[c]","[c]"
"In post","2023","Mixed","Grants Management","Home Office","Outside London","[c]","[c]","[c]","[c]"
"In post","2023","Mixed","Grants Management","The National Archives","London","[c]","[c]","[c]","[c]"
"In post","2023","Mixed","Human Resources","Attorney General's Departments","London","5","5","[c]","[c]"
"In post","2023","Mixed","Human Resources","Attorney General's Departments","Outside London","[c]","[c]","[c]","[c]"
"In post","2023","Mixed","Human Resources","Cabinet Office","London","15","15","[c]","[c]"
"In post","2023","Mixed","Human Resources","Cabinet Office","Outside London","15","10","[c]","[c]"
"In post","2023","Mixed","Human Resources","Cabinet Office","Unknown","[c]","[c]","[c]","[c]"
"In post","2023","Mixed","Human Resources","Chancellor's other departments","London","[c]","[c]","[c]","[c]"
"In post","2023","Mixed","Human Resources","Chancellor's other departments","Outside London","[c]","[c]","[c]","[c]"
"In post","2023","Mixed","Human Resources","Charity Commission","Outside London","[c]","[c]","[c]","[c]"
"In post","2023","Mixed","Human Resources","Competition and Markets Authority","London","[c]","[c]","[c]","[c]"
"In post","2023","Mixed","Human Resources","Competition and Markets Authority","Outside London","[c]","[c]","[c]","[c]"
"In post","2023","Mixed","Human Resources","Department for Business, Energy and Industrial Strategy","London","10","10","[c]","[c]"
"In post","2023","Mixed","Human Resources","Department for Business, Energy and Industrial Strategy","Outside London","[c]","[c]","[c]","[c]"
"In post","2023","Mixed","Human Resources","Department for Digital, Culture, Media and Sport","London","[c]","[c]","[c]","[c]"
"In post","2023","Mixed","Human Resources","Department for Digital, Culture, Media and Sport","Outside London","[c]","[c]","[c]","[c]"
"In post","2023","Mixed","Human Resources","Department for Education","London","[c]","[c]","[c]","[c]"
"In post","2023","Mixed","Human Resources","Department for Education","Outside London","[c]","[c]","[c]","[c]"
"In post","2023","Mixed","Human Resources","Department for Environment, Food and Rural Affairs","London","[c]","[c]","[c]","[c]"
"In post","2023","Mixed","Human Resources","Department for Environment, Food and Rural Affairs","Outside London","[c]","[c]","[c]","[c]"
"In post","2023","Mixed","Human Resources","Department for International Trade","London","[c]","[c]","[c]","[c]"
"In post","2023","Mixed","Human Resources","Department for International Trade","Outside London","[c]","[c]","[c]","[c]"
"In post","2023","Mixed","Human Resources","Department for Levelling Up, Housing and Communities","London","[c]","[c]","[c]","[c]"
"In post","2023","Mixed","Human Resources","Department for Levelling Up, Housing and Communities","Outside London","[c]","[c]","[c]","[c]"
"In post","2023","Mixed","Human Resources","Department for Transport","London","[c]","[c]","[c]","[c]"
"In post","2023","Mixed","Human Resources","Department for Transport","Outside London","5","5","[c]","[c]"
"In post","2023","Mixed","Human Resources","Department for Work and Pensions","London","10","10","[c]","[c]"
"In post","2023","Mixed","Human Resources","Department for Work and Pensions","Outside London","25","25","[c]","[c]"
"In post","2023","Mixed","Human Resources","Department for Work and Pensions","Unknown","[c]","[c]","[c]","[c]"
"In post","2023","Mixed","Human Resources","Department of Health and Social Care","London","5","5","[c]","[c]"
"In post","2023","Mixed","Human Resources","Department of Health and Social Care","Outside London","5","5","[c]","[c]"
"In post","2023","Mixed","Human Resources","Estyn","Outside London","[c]","[c]","[c]","[c]"
"In post","2023","Mixed","Human Resources","Food Standards Agency","London","[c]","[c]","[c]","[c]"
"In post","2023","Mixed","Human Resources","Food Standards Agency","Outside London","[c]","[c]","[c]","[c]"
"In post","2023","Mixed","Human Resources","Foreign, Commonwealth and Development Office","London","5","5","[c]","[c]"
"In post","2023","Mixed","Human Resources","Foreign, Commonwealth and Development Office","Outside London","[c]","[c]","[c]","[c]"
"In post","2023","Mixed","Human Resources","Foreign, Commonwealth and Development Office","Overseas","[c]","[c]","[c]","[c]"
"In post","2023","Mixed","Human Resources","HM Land Registry","London","[c]","[c]","[c]","[c]"
"In post","2023","Mixed","Human Resources","HM Land Registry","Outside London","[c]","[c]","[c]","[c]"
"In post","2023","Mixed","Human Resources","HM Revenue and Customs","London","5","5","[c]","[c]"
"In post","2023","Mixed","Human Resources","HM Revenue and Customs","Outside London","20","20","[c]","[c]"
"In post","2023","Mixed","Human Resources","HM Treasury","London","[c]","[c]","[c]","[c]"
"In post","2023","Mixed","Human Resources","HM Treasury","Outside London","[c]","[c]","[c]","[c]"
"In post","2023","Mixed","Human Resources","HM Treasury","Unknown","[c]","[c]","[c]","[c]"
"In post","2023","Mixed","Human Resources","Home Office","London","15","15","[c]","[c]"
"In post","2023","Mixed","Human Resources","Home Office","Outside London","5","5","[c]","[c]"
"In post","2023","Mixed","Human Resources","Ministry of Defence","London","10","10","[c]","[c]"
"In post","2023","Mixed","Human Resources","Ministry of Defence","Outside London","50","50","34620","31190"
"In post","2023","Mixed","Human Resources","Ministry of Defence","Overseas","[c]","[c]","[c]","[c]"
"In post","2023","Mixed","Human Resources","Ministry of Defence","Unknown","[c]","[c]","[c]","[c]"
"In post","2023","Mixed","Human Resources","Ministry of Justice","London","15","15","[c]","[c]"
"In post","2023","Mixed","Human Resources","Ministry of Justice","Outside London","20","20","[c]","[c]"
"In post","2023","Mixed","Human Resources","Ministry of Justice","Unknown","[c]","[c]","[c]","[c]"
"In post","2023","Mixed","Human Resources","National Crime Agency","London","[c]","[c]","[c]","[c]"
"In post","2023","Mixed","Human Resources","National Crime Agency","Outside London","[c]","[c]","[c]","[c]"
"In post","2023","Mixed","Human Resources","National Crime Agency","Unknown","[c]","[c]","[c]","[c]"
"In post","2023","Mixed","Human Resources","Northern Ireland Office","London","[c]","[c]","[c]","[c]"
"In post","2023","Mixed","Human Resources","Office for Standards in Education, Children's Services and Skills","London","[c]","[c]","[c]","[c]"
"In post","2023","Mixed","Human Resources","Office for Standards in Education, Children's Services and Skills","Outside London","[c]","[c]","[c]","[c]"
"In post","2023","Mixed","Human Resources","Office of Gas and Electricity Markets","London","[c]","[c]","[c]","[c]"
"In post","2023","Mixed","Human Resources","Office of Gas and Electricity Markets","Outside London","[c]","[c]","[c]","[c]"
"In post","2023","Mixed","Human Resources","Office of Qualifications and Examinations Regulation","Outside London","[c]","[c]","[c]","[c]"
"In post","2023","Mixed","Human Resources","Office of Rail and Road","London","[c]","[c]","[c]","[c]"
"In post","2023","Mixed","Human Resources","Office of Rail and Road","Outside London","[c]","[c]","[c]","[c]"
"In post","2023","Mixed","Human Resources","Office of the Secretary of State for Wales","London","[c]","[c]","[c]","[c]"
"In post","2023","Mixed","Human Resources","Office of the Secretary of State for Wales","Outside London","[c]","[c]","[c]","[c]"
"In post","2023","Mixed","Human Resources","Scottish Government","Outside London","[c]","[c]","[c]","[c]"
"In post","2023","Mixed","Human Resources","The National Archives","London","[c]","[c]","[c]","[c]"
"In post","2023","Mixed","Human Resources","UK Export Finance","London","[c]","[c]","[c]","[c]"
"In post","2023","Mixed","Human Resources","UK Statistics Authority","London","[c]","[c]","[c]","[c]"
"In post","2023","Mixed","Human Resources","UK Statistics Authority","Outside London","[c]","[c]","[c]","[c]"
"In post","2023","Mixed","Human Resources","UK Supreme Court","London","[c]","[c]","[c]","[c]"
"In post","2023","Mixed","Human Resources","Water Services Regulation Authority","Outside London","[c]","[c]","[c]","[c]"
"In post","2023","Mixed","Human Resources","Welsh Government","Outside London","[c]","[c]","[c]","[c]"
"In post","2023","Mixed","Internal Audit","Department for Business, Energy and Industrial Strategy","Outside London","[c]","[c]","[c]","[c]"
"In post","2023","Mixed","Internal Audit","Department for Education","Outside London","[c]","[c]","[c]","[c]"
"In post","2023","Mixed","Internal Audit","Department for Transport","Outside London","[c]","[c]","[c]","[c]"
"In post","2023","Mixed","Internal Audit","Food Standards Agency","London","[c]","[c]","[c]","[c]"
"In post","2023","Mixed","Internal Audit","Food Standards Agency","Outside London","[c]","[c]","[c]","[c]"
"In post","2023","Mixed","Internal Audit","Foreign, Commonwealth and Development Office","London","[c]","[c]","[c]","[c]"
"In post","2023","Mixed","Internal Audit","Foreign, Commonwealth and Development Office","Outside London","[c]","[c]","[c]","[c]"
"In post","2023","Mixed","Internal Audit","HM Land Registry","London","[c]","[c]","[c]","[c]"
"In post","2023","Mixed","Internal Audit","HM Land Registry","Outside London","[c]","[c]","[c]","[c]"
"In post","2023","Mixed","Internal Audit","HM Revenue and Customs","London","[c]","[c]","[c]","[c]"
"In post","2023","Mixed","Internal Audit","HM Revenue and Customs","Outside London","[c]","[c]","[c]","[c]"
"In post","2023","Mixed","Internal Audit","HM Treasury","London","[c]","[c]","[c]","[c]"
"In post","2023","Mixed","Internal Audit","HM Treasury","Outside London","5","5","[c]","[c]"
"In post","2023","Mixed","Internal Audit","HM Treasury","Unknown","[c]","[c]","[c]","[c]"
"In post","2023","Mixed","Internal Audit","Ministry of Defence","London","[c]","[c]","[c]","[c]"
"In post","2023","Mixed","Internal Audit","Ministry of Defence","Outside London","[c]","[c]","[c]","[c]"
"In post","2023","Mixed","Internal Audit","Ministry of Defence","Overseas","[c]","[c]","[c]","[c]"
"In post","2023","Mixed","Internal Audit","Ministry of Justice","London","[c]","[c]","[c]","[c]"
"In post","2023","Mixed","Internal Audit","Ministry of Justice","Outside London","[c]","[c]","[c]","[c]"
"In post","2023","Mixed","Internal Audit","Scottish Government","Outside London","[c]","[c]","[c]","[c]"
"In post","2023","Mixed","Internal Audit","UK Export Finance","London","[c]","[c]","[c]","[c]"
"In post","2023","Mixed","Internal Audit","UK Statistics Authority","Outside London","[c]","[c]","[c]","[c]"
"In post","2023","Mixed","Legal","Attorney General's Departments","London","160","150","50680","52790"
"In post","2023","Mixed","Legal","Attorney General's Departments","Outside London","140","130","41440","38760"
"In post","2023","Mixed","Legal","Attorney General's Departments","Overseas","[c]","[c]","[c]","[c]"
"In post","2023","Mixed","Legal","Cabinet Office","London","[c]","[c]","[c]","[c]"
"In post","2023","Mixed","Legal","Charity Commission","London","[c]","[c]","[c]","[c]"
"In post","2023","Mixed","Legal","Charity Commission","Outside London","[c]","[c]","[c]","[c]"
"In post","2023","Mixed","Legal","Competition and Markets Authority","London","5","5","[c]","[c]"
"In post","2023","Mixed","Legal","Competition and Markets Authority","Outside London","[c]","[c]","[c]","[c]"
"In post","2023","Mixed","Legal","Department for Business, Energy and Industrial Strategy","London","[c]","[c]","[c]","[c]"
"In post","2023","Mixed","Legal","Department for Business, Energy and Industrial Strategy","Outside London","[c]","[c]","[c]","[c]"
"In post","2023","Mixed","Legal","Department for Education","London","[c]","[c]","[c]","[c]"
"In post","2023","Mixed","Legal","Department for Education","Outside London","[c]","[c]","[c]","[c]"
"In post","2023","Mixed","Legal","Department for Transport","Outside London","[c]","[c]","[c]","[c]"
"In post","2023","Mixed","Legal","Department for Work and Pensions","London","[c]","[c]","[c]","[c]"
"In post","2023","Mixed","Legal","Department for Work and Pensions","Outside London","[c]","[c]","[c]","[c]"
"In post","2023","Mixed","Legal","Department for Work and Pensions","Unknown","[c]","[c]","[c]","[c]"
"In post","2023","Mixed","Legal","Department of Health and Social Care","London","[c]","[c]","[c]","[c]"
"In post","2023","Mixed","Legal","Department of Health and Social Care","Outside London","[c]","[c]","[c]","[c]"
"In post","2023","Mixed","Legal","Food Standards Agency","London","[c]","[c]","[c]","[c]"
"In post","2023","Mixed","Legal","Food Standards Agency","Outside London","[c]","[c]","[c]","[c]"
"In post","2023","Mixed","Legal","Foreign, Commonwealth and Development Office","London","5","5","[c]","[c]"
"In post","2023","Mixed","Legal","Foreign, Commonwealth and Development Office","Outside London","[c]","[c]","[c]","[c]"
"In post","2023","Mixed","Legal","HM Land Registry","London","[c]","[c]","[c]","[c]"
"In post","2023","Mixed","Legal","HM Land Registry","Outside London","[c]","[c]","[c]","[c]"
"In post","2023","Mixed","Legal","HM Revenue and Customs","London","20","20","[c]","[c]"
"In post","2023","Mixed","Legal","HM Revenue and Customs","Outside London","15","15","[c]","[c]"
"In post","2023","Mixed","Legal","HM Treasury","London","[c]","[c]","[c]","[c]"
"In post","2023","Mixed","Legal","Ministry of Defence","London","[c]","[c]","[c]","[c]"
"In post","2023","Mixed","Legal","Ministry of Defence","Outside London","[c]","[c]","[c]","[c]"
"In post","2023","Mixed","Legal","Ministry of Defence","Overseas","[c]","[c]","[c]","[c]"
"In post","2023","Mixed","Legal","Ministry of Justice","London","[c]","[c]","[c]","[c]"
"In post","2023","Mixed","Legal","Ministry of Justice","Outside London","[c]","[c]","[c]","[c]"
"In post","2023","Mixed","Legal","Ministry of Justice","Unknown","[c]","[c]","[c]","[c]"
"In post","2023","Mixed","Legal","National Crime Agency","London","[c]","[c]","[c]","[c]"
"In post","2023","Mixed","Legal","National Crime Agency","Outside London","[c]","[c]","[c]","[c]"
"In post","2023","Mixed","Legal","Office for Standards in Education, Children's Services and Skills","London","[c]","[c]","[c]","[c]"
"In post","2023","Mixed","Legal","Office for Standards in Education, Children's Services and Skills","Outside London","[c]","[c]","[c]","[c]"
"In post","2023","Mixed","Legal","Office of Gas and Electricity Markets","London","[c]","[c]","[c]","[c]"
"In post","2023","Mixed","Legal","Office of Gas and Electricity Markets","Outside London","[c]","[c]","[c]","[c]"
"In post","2023","Mixed","Legal","Office of Qualifications and Examinations Regulation","Outside London","[c]","[c]","[c]","[c]"
"In post","2023","Mixed","Legal","Office of Rail and Road","London","[c]","[c]","[c]","[c]"
"In post","2023","Mixed","Legal","Office of Rail and Road","Outside London","[c]","[c]","[c]","[c]"
"In post","2023","Mixed","Legal","Scottish Government","Outside London","[c]","[c]","[c]","[c]"
"In post","2023","Mixed","Legal","The National Archives","London","[c]","[c]","[c]","[c]"
"In post","2023","Mixed","Legal","UK Export Finance","London","[c]","[c]","[c]","[c]"
"In post","2023","Mixed","Legal","UK Supreme Court","London","[c]","[c]","[c]","[c]"
"In post","2023","Mixed","Legal","Water Services Regulation Authority","London","[c]","[c]","[c]","[c]"
"In post","2023","Mixed","Legal","Water Services Regulation Authority","Outside London","[c]","[c]","[c]","[c]"
"In post","2023","Mixed","Legal","Welsh Government","London","[c]","[c]","[c]","[c]"
"In post","2023","Mixed","Legal","Welsh Government","Outside London","[c]","[c]","[c]","[c]"
"In post","2023","Mixed","No function","Attorney General's Departments","London","[c]","[c]","[c]","[c]"
"In post","2023","Mixed","No function","Cabinet Office","London","45","45","49300","44770"
"In post","2023","Mixed","No function","Cabinet Office","Outside London","5","5","[c]","[c]"
"In post","2023","Mixed","No function","Cabinet Office","Unknown","5","5","[c]","[c]"
"In post","2023","Mixed","No function","Chancellor's other departments","London","[c]","[c]","[c]","[c]"
"In post","2023","Mixed","No function","Chancellor's other departments","Outside London","[c]","[c]","[c]","[c]"
"In post","2023","Mixed","No function","Charity Commission","London","[c]","[c]","[c]","[c]"
"In post","2023","Mixed","No function","Charity Commission","Outside London","5","5","[c]","[c]"
"In post","2023","Mixed","No function","Department for Business, Energy and Industrial Strategy","London","195","190","49400","54710"
"In post","2023","Mixed","No function","Department for Business, Energy and Industrial Strategy","Outside London","60","60","35440","31600"
"In post","2023","Mixed","No function","Department for Digital, Culture, Media and Sport","London","50","50","48430","52760"
"In post","2023","Mixed","No function","Department for Digital, Culture, Media and Sport","Outside London","[c]","[c]","[c]","[c]"
"In post","2023","Mixed","No function","Department for Education","London","60","60","47400","42010"
"In post","2023","Mixed","No function","Department for Education","Outside London","60","60","39030","35480"
"In post","2023","Mixed","No function","Department for Environment, Food and Rural Affairs","London","80","75","43350","40260"
"In post","2023","Mixed","No function","Department for Environment, Food and Rural Affairs","Outside London","90","90","36030","34420"
"In post","2023","Mixed","No function","Department for Environment, Food and Rural Affairs","Unknown","[c]","[c]","[c]","[c]"
"In post","2023","Mixed","No function","Department for International Trade","London","60","60","48660","41550"
"In post","2023","Mixed","No function","Department for International Trade","Outside London","10","10","[c]","[c]"
"In post","2023","Mixed","No function","Department for International Trade","Overseas","10","10","[c]","[c]"
"In post","2023","Mixed","No function","Department for Levelling Up, Housing and Communities","London","50","50","47750","54630"
"In post","2023","Mixed","No function","Department for Levelling Up, Housing and Communities","Outside London","25","25","[c]","[c]"
"In post","2023","Mixed","No function","Department for Transport","London","80","80","45760","43320"
"In post","2023","Mixed","No function","Department for Transport","Outside London","100","90","28340","26960"
"In post","2023","Mixed","No function","Department for Transport","Overseas","[c]","[c]","[c]","[c]"
"In post","2023","Mixed","No function","Department for Transport","Unknown","[c]","[c]","[c]","[c]"
"In post","2023","Mixed","No function","Department for Work and Pensions","London","240","220","32290","32520"
"In post","2023","Mixed","No function","Department for Work and Pensions","Outside London","940","860","27440","28120"
"In post","2023","Mixed","No function","Department for Work and Pensions","Unknown","[c]","[c]","[c]","[c]"
"In post","2023","Mixed","No function","Department of Health and Social Care","London","110","105","46780","41950"
"In post","2023","Mixed","No function","Department of Health and Social Care","Outside London","50","50","46800","41890"
"In post","2023","Mixed","No function","Department of Health and Social Care","Overseas","[c]","[c]","[c]","[c]"
"In post","2023","Mixed","No function","Department of Health and Social Care","Unknown","[c]","[c]","[c]","[c]"
"In post","2023","Mixed","No function","Food Standards Agency","London","[c]","[c]","[c]","[c]"
"In post","2023","Mixed","No function","Food Standards Agency","Outside London","20","20","[c]","[c]"
"In post","2023","Mixed","No function","Food Standards Agency","Overseas","[c]","[c]","[c]","[c]"
"In post","2023","Mixed","No function","Foreign, Commonwealth and Development Office","London","85","85","48140","43000"
"In post","2023","Mixed","No function","Foreign, Commonwealth and Development Office","Outside London","[c]","[c]","[c]","[c]"
"In post","2023","Mixed","No function","Foreign, Commonwealth and Development Office","Overseas","90","90","47980","44820"
"In post","2023","Mixed","No function","HM Land Registry","London","10","10","[c]","[c]"
"In post","2023","Mixed","No function","HM Land Registry","Outside London","40","40","27360","28080"
"In post","2023","Mixed","No function","HM Revenue and Customs","London","70","70","44950","39790"
"In post","2023","Mixed","No function","HM Revenue and Customs","Outside London","415","390","31180","28130"
"In post","2023","Mixed","No function","HM Treasury","London","70","70","48540","53550"
"In post","2023","Mixed","No function","HM Treasury","Outside London","[c]","[c]","[c]","[c]"
"In post","2023","Mixed","No function","HM Treasury","Unknown","[c]","[c]","[c]","[c]"
"In post","2023","Mixed","No function","Home Office","London","315","295","39220","36000"
"In post","2023","Mixed","No function","Home Office","Outside London","320","295","28690","25980"
"In post","2023","Mixed","No function","Home Office","Overseas","5","5","[c]","[c]"
"In post","2023","Mixed","No function","Home Office","Unknown","[c]","[c]","[c]","[c]"
"In post","2023","Mixed","No function","Ministry of Defence","London","50","50","43170","40870"
"In post","2023","Mixed","No function","Ministry of Defence","Outside London","210","200","36370","31920"
"In post","2023","Mixed","No function","Ministry of Defence","Overseas","10","10","[c]","[c]"
"In post","2023","Mixed","No function","Ministry of Defence","Unknown","[c]","[c]","[c]","[c]"
"In post","2023","Mixed","No function","Ministry of Justice","London","535","515","36450","34820"
"In post","2023","Mixed","No function","Ministry of Justice","Outside London","1435","1355","30720","28880"
"In post","2023","Mixed","No function","Ministry of Justice","Unknown","[c]","[c]","[c]","[c]"
"In post","2023","Mixed","No function","National Crime Agency","London","30","30","41920","41910"
"In post","2023","Mixed","No function","National Crime Agency","Outside London","65","60","39170","38310"
"In post","2023","Mixed","No function","National Crime Agency","Overseas","[c]","[c]","[c]","[c]"
"In post","2023","Mixed","No function","National Crime Agency","Unknown","[c]","[c]","[c]","[c]"
"In post","2023","Mixed","No function","Office for Standards in Education, Children's Services and Skills","London","5","5","[c]","[c]"
"In post","2023","Mixed","No function","Office for Standards in Education, Children's Services and Skills","Outside London","15","15","[c]","[c]"
"In post","2023","Mixed","No function","Office of Gas and Electricity Markets","London","20","20","[c]","[c]"
"In post","2023","Mixed","No function","Office of Gas and Electricity Markets","Outside London","10","10","[c]","[c]"
"In post","2023","Mixed","No function","Office of Qualifications and Examinations Regulation","Outside London","5","5","[c]","[c]"
"In post","2023","Mixed","No function","Office of Rail and Road","London","5","5","[c]","[c]"
"In post","2023","Mixed","No function","Office of Rail and Road","Outside London","[c]","[c]","[c]","[c]"
"In post","2023","Mixed","No function","Office of the Secretary of State for Scotland","London","[c]","[c]","[c]","[c]"
"In post","2023","Mixed","No function","Office of the Secretary of State for Scotland","Outside London","[c]","[c]","[c]","[c]"
"In post","2023","Mixed","No function","Office of the Secretary of State for Wales","London","[c]","[c]","[c]","[c]"
"In post","2023","Mixed","No function","Office of the Secretary of State for Wales","Outside London","[c]","[c]","[c]","[c]"
"In post","2023","Mixed","No function","Scottish Government","Outside London","25","25","[c]","[c]"
"In post","2023","Mixed","No function","The National Archives","London","15","10","[c]","[c]"
"In post","2023","Mixed","No function","The National Archives","Outside London","[c]","[c]","[c]","[c]"
"In post","2023","Mixed","No function","UK Statistics Authority","London","[c]","[c]","[c]","[c]"
"In post","2023","Mixed","No function","UK Statistics Authority","Outside London","40","35","28450","25100"
"In post","2023","Mixed","No function","Water Services Regulation Authority","London","[c]","[c]","[c]","[c]"
"In post","2023","Mixed","No function","Water Services Regulation Authority","Outside London","[c]","[c]","[c]","[c]"
"In post","2023","Mixed","No function","Welsh Government","Outside London","[c]","[c]","[c]","[c]"
"In post","2023","Mixed","Project Delivery","Attorney General's Departments","London","[c]","[c]","[c]","[c]"
"In post","2023","Mixed","Project Delivery","Attorney General's Departments","Outside London","[c]","[c]","[c]","[c]"
"In post","2023","Mixed","Project Delivery","Cabinet Office","London","15","15","[c]","[c]"
"In post","2023","Mixed","Project Delivery","Cabinet Office","Outside London","5","5","[c]","[c]"
"In post","2023","Mixed","Project Delivery","Cabinet Office","Unknown","[c]","[c]","[c]","[c]"
"In post","2023","Mixed","Project Delivery","Chancellor's other departments","London","[c]","[c]","[c]","[c]"
"In post","2023","Mixed","Project Delivery","Chancellor's other departments","Outside London","[c]","[c]","[c]","[c]"
"In post","2023","Mixed","Project Delivery","Charity Commission","London","[c]","[c]","[c]","[c]"
"In post","2023","Mixed","Project Delivery","Charity Commission","Outside London","[c]","[c]","[c]","[c]"
"In post","2023","Mixed","Project Delivery","Competition and Markets Authority","London","15","15","[c]","[c]"
"In post","2023","Mixed","Project Delivery","Competition and Markets Authority","Outside London","[c]","[c]","[c]","[c]"
"In post","2023","Mixed","Project Delivery","Department for Business, Energy and Industrial Strategy","London","5","5","[c]","[c]"
"In post","2023","Mixed","Project Delivery","Department for Business, Energy and Industrial Strategy","Outside London","10","10","[c]","[c]"
"In post","2023","Mixed","Project Delivery","Department for Digital, Culture, Media and Sport","London","[c]","[c]","[c]","[c]"
"In post","2023","Mixed","Project Delivery","Department for Digital, Culture, Media and Sport","Outside London","[c]","[c]","[c]","[c]"
"In post","2023","Mixed","Project Delivery","Department for Education","London","15","15","[c]","[c]"
"In post","2023","Mixed","Project Delivery","Department for Education","Outside London","20","20","[c]","[c]"
"In post","2023","Mixed","Project Delivery","Department for Environment, Food and Rural Affairs","London","[c]","[c]","[c]","[c]"
"In post","2023","Mixed","Project Delivery","Department for Environment, Food and Rural Affairs","Outside London","5","5","[c]","[c]"
"In post","2023","Mixed","Project Delivery","Department for International Trade","London","[c]","[c]","[c]","[c]"
"In post","2023","Mixed","Project Delivery","Department for International Trade","Outside London","[c]","[c]","[c]","[c]"
"In post","2023","Mixed","Project Delivery","Department for Levelling Up, Housing and Communities","London","[c]","[c]","[c]","[c]"
"In post","2023","Mixed","Project Delivery","Department for Levelling Up, Housing and Communities","Outside London","[c]","[c]","[c]","[c]"
"In post","2023","Mixed","Project Delivery","Department for Transport","London","10","10","[c]","[c]"
"In post","2023","Mixed","Project Delivery","Department for Transport","Outside London","[c]","[c]","[c]","[c]"
"In post","2023","Mixed","Project Delivery","Department for Work and Pensions","London","10","10","[c]","[c]"
"In post","2023","Mixed","Project Delivery","Department for Work and Pensions","Outside London","15","15","[c]","[c]"
"In post","2023","Mixed","Project Delivery","Department for Work and Pensions","Unknown","[c]","[c]","[c]","[c]"
"In post","2023","Mixed","Project Delivery","Department of Health and Social Care","London","15","15","[c]","[c]"
"In post","2023","Mixed","Project Delivery","Department of Health and Social Care","Outside London","5","5","[c]","[c]"
"In post","2023","Mixed","Project Delivery","Estyn","Outside London","[c]","[c]","[c]","[c]"
"In post","2023","Mixed","Project Delivery","Food Standards Agency","London","[c]","[c]","[c]","[c]"
"In post","2023","Mixed","Project Delivery","Food Standards Agency","Outside London","[c]","[c]","[c]","[c]"
"In post","2023","Mixed","Project Delivery","Foreign, Commonwealth and Development Office","London","30","25","[c]","[c]"
"In post","2023","Mixed","Project Delivery","Foreign, Commonwealth and Development Office","Outside London","5","5","[c]","[c]"
"In post","2023","Mixed","Project Delivery","Foreign, Commonwealth and Development Office","Overseas","[c]","[c]","[c]","[c]"
"In post","2023","Mixed","Project Delivery","HM Land Registry","London","[c]","[c]","[c]","[c]"
"In post","2023","Mixed","Project Delivery","HM Land Registry","Outside London","5","5","[c]","[c]"
"In post","2023","Mixed","Project Delivery","HM Revenue and Customs","London","40","35","54540","47640"
"In post","2023","Mixed","Project Delivery","HM Revenue and Customs","Outside London","55","55","42490","42140"
"In post","2023","Mixed","Project Delivery","HM Treasury","London","[c]","[c]","[c]","[c]"
"In post","2023","Mixed","Project Delivery","HM Treasury","Outside London","[c]","[c]","[c]","[c]"
"In post","2023","Mixed","Project Delivery","Home Office","London","[c]","[c]","[c]","[c]"
"In post","2023","Mixed","Project Delivery","Home Office","Outside London","[c]","[c]","[c]","[c]"
"In post","2023","Mixed","Project Delivery","Ministry of Defence","London","10","10","[c]","[c]"
"In post","2023","Mixed","Project Delivery","Ministry of Defence","Outside London","95","90","40660","38500"
"In post","2023","Mixed","Project Delivery","Ministry of Defence","Overseas","[c]","[c]","[c]","[c]"
"In post","2023","Mixed","Project Delivery","Ministry of Defence","Unknown","[c]","[c]","[c]","[c]"
"In post","2023","Mixed","Project Delivery","Ministry of Justice","London","5","5","[c]","[c]"
"In post","2023","Mixed","Project Delivery","Ministry of Justice","Outside London","5","5","[c]","[c]"
"In post","2023","Mixed","Project Delivery","National Crime Agency","London","[c]","[c]","[c]","[c]"
"In post","2023","Mixed","Project Delivery","National Crime Agency","Outside London","[c]","[c]","[c]","[c]"
"In post","2023","Mixed","Project Delivery","Northern Ireland Office","London","[c]","[c]","[c]","[c]"
"In post","2023","Mixed","Project Delivery","Northern Ireland Office","Outside London","[c]","[c]","[c]","[c]"
"In post","2023","Mixed","Project Delivery","Office of Gas and Electricity Markets","London","[c]","[c]","[c]","[c]"
"In post","2023","Mixed","Project Delivery","Office of Gas and Electricity Markets","Outside London","[c]","[c]","[c]","[c]"
"In post","2023","Mixed","Project Delivery","Office of Qualifications and Examinations Regulation","Outside London","[c]","[c]","[c]","[c]"
"In post","2023","Mixed","Project Delivery","Office of Rail and Road","London","[c]","[c]","[c]","[c]"
"In post","2023","Mixed","Project Delivery","Scottish Government","Outside London","[c]","[c]","[c]","[c]"
"In post","2023","Mixed","Project Delivery","UK Export Finance","London","[c]","[c]","[c]","[c]"
"In post","2023","Mixed","Project Delivery","UK Statistics Authority","London","[c]","[c]","[c]","[c]"
"In post","2023","Mixed","Project Delivery","UK Statistics Authority","Outside London","[c]","[c]","[c]","[c]"
"In post","2023","Mixed","Project Delivery","Water Services Regulation Authority","London","[c]","[c]","[c]","[c]"
"In post","2023","Mixed","Project Delivery","Water Services Regulation Authority","Outside London","[c]","[c]","[c]","[c]"
"In post","2023","Mixed","Project Delivery","Welsh Government","Outside London","[c]","[c]","[c]","[c]"
"In post","2023","Mixed","Property","Attorney General's Departments","London","[c]","[c]","[c]","[c]"
"In post","2023","Mixed","Property","Attorney General's Departments","Outside London","[c]","[c]","[c]","[c]"
"In post","2023","Mixed","Property","Cabinet Office","London","10","10","[c]","[c]"
"In post","2023","Mixed","Property","Cabinet Office","Outside London","10","10","[c]","[c]"
"In post","2023","Mixed","Property","Cabinet Office","Unknown","[c]","[c]","[c]","[c]"
"In post","2023","Mixed","Property","Chancellor's other departments","London","[c]","[c]","[c]","[c]"
"In post","2023","Mixed","Property","Charity Commission","Outside London","[c]","[c]","[c]","[c]"
"In post","2023","Mixed","Property","Competition and Markets Authority","London","[c]","[c]","[c]","[c]"
"In post","2023","Mixed","Property","Department for Business, Energy and Industrial Strategy","London","[c]","[c]","[c]","[c]"
"In post","2023","Mixed","Property","Department for Business, Energy and Industrial Strategy","Outside London","[c]","[c]","[c]","[c]"
"In post","2023","Mixed","Property","Department for Education","London","[c]","[c]","[c]","[c]"
"In post","2023","Mixed","Property","Department for Education","Outside London","[c]","[c]","[c]","[c]"
"In post","2023","Mixed","Property","Department for Environment, Food and Rural Affairs","London","[c]","[c]","[c]","[c]"
"In post","2023","Mixed","Property","Department for Environment, Food and Rural Affairs","Outside London","[c]","[c]","[c]","[c]"
"In post","2023","Mixed","Property","Department for International Trade","London","[c]","[c]","[c]","[c]"
"In post","2023","Mixed","Property","Department for International Trade","Outside London","[c]","[c]","[c]","[c]"
"In post","2023","Mixed","Property","Department for Levelling Up, Housing and Communities","London","[c]","[c]","[c]","[c]"
"In post","2023","Mixed","Property","Department for Levelling Up, Housing and Communities","Outside London","[c]","[c]","[c]","[c]"
"In post","2023","Mixed","Property","Department for Transport","London","[c]","[c]","[c]","[c]"
"In post","2023","Mixed","Property","Department for Transport","Outside London","[c]","[c]","[c]","[c]"
"In post","2023","Mixed","Property","Department for Work and Pensions","London","[c]","[c]","[c]","[c]"
"In post","2023","Mixed","Property","Department for Work and Pensions","Outside London","[c]","[c]","[c]","[c]"
"In post","2023","Mixed","Property","Department for Work and Pensions","Unknown","[c]","[c]","[c]","[c]"
"In post","2023","Mixed","Property","Department of Health and Social Care","London","[c]","[c]","[c]","[c]"
"In post","2023","Mixed","Property","Department of Health and Social Care","Outside London","[c]","[c]","[c]","[c]"
"In post","2023","Mixed","Property","Estyn","Outside London","[c]","[c]","[c]","[c]"
"In post","2023","Mixed","Property","Food Standards Agency","London","[c]","[c]","[c]","[c]"
"In post","2023","Mixed","Property","Foreign, Commonwealth and Development Office","London","[c]","[c]","[c]","[c]"
"In post","2023","Mixed","Property","Foreign, Commonwealth and Development Office","Outside London","[c]","[c]","[c]","[c]"
"In post","2023","Mixed","Property","Foreign, Commonwealth and Development Office","Overseas","[c]","[c]","[c]","[c]"
"In post","2023","Mixed","Property","HM Land Registry","London","[c]","[c]","[c]","[c]"
"In post","2023","Mixed","Property","HM Land Registry","Outside London","[c]","[c]","[c]","[c]"
"In post","2023","Mixed","Property","HM Revenue and Customs","London","10","10","[c]","[c]"
"In post","2023","Mixed","Property","HM Revenue and Customs","Outside London","30","25","32380","29380"
"In post","2023","Mixed","Property","HM Treasury","London","[c]","[c]","[c]","[c]"
"In post","2023","Mixed","Property","Home Office","London","[c]","[c]","[c]","[c]"
"In post","2023","Mixed","Property","Home Office","Outside London","[c]","[c]","[c]","[c]"
"In post","2023","Mixed","Property","Ministry of Defence","London","[c]","[c]","[c]","[c]"
"In post","2023","Mixed","Property","Ministry of Defence","Outside London","20","20","[c]","[c]"
"In post","2023","Mixed","Property","Ministry of Defence","Overseas","[c]","[c]","[c]","[c]"
"In post","2023","Mixed","Property","Ministry of Defence","Unknown","[c]","[c]","[c]","[c]"
"In post","2023","Mixed","Property","Ministry of Justice","London","5","5","[c]","[c]"
"In post","2023","Mixed","Property","Ministry of Justice","Outside London","5","5","[c]","[c]"
"In post","2023","Mixed","Property","Ministry of Justice","Unknown","[c]","[c]","[c]","[c]"
"In post","2023","Mixed","Property","National Crime Agency","London","[c]","[c]","[c]","[c]"
"In post","2023","Mixed","Property","National Crime Agency","Outside London","[c]","[c]","[c]","[c]"
"In post","2023","Mixed","Property","Office for Standards in Education, Children's Services and Skills","London","[c]","[c]","[c]","[c]"
"In post","2023","Mixed","Property","Office for Standards in Education, Children's Services and Skills","Outside London","[c]","[c]","[c]","[c]"
"In post","2023","Mixed","Property","Office of Gas and Electricity Markets","London","[c]","[c]","[c]","[c]"
"In post","2023","Mixed","Property","Office of Gas and Electricity Markets","Outside London","[c]","[c]","[c]","[c]"
"In post","2023","Mixed","Property","Office of Qualifications and Examinations Regulation","Outside London","[c]","[c]","[c]","[c]"
"In post","2023","Mixed","Property","Office of Rail and Road","London","[c]","[c]","[c]","[c]"
"In post","2023","Mixed","Property","Scottish Government","Outside London","[c]","[c]","[c]","[c]"
"In post","2023","Mixed","Property","The National Archives","London","[c]","[c]","[c]","[c]"
"In post","2023","Mixed","Property","UK Statistics Authority","London","[c]","[c]","[c]","[c]"
"In post","2023","Mixed","Property","UK Statistics Authority","Outside London","[c]","[c]","[c]","[c]"
"In post","2023","Mixed","Property","UK Supreme Court","London","[c]","[c]","[c]","[c]"
"In post","2023","Mixed","Property","Water Services Regulation Authority","Outside London","[c]","[c]","[c]","[c]"
"In post","2023","Mixed","Security","Attorney General's Departments","London","[c]","[c]","[c]","[c]"
"In post","2023","Mixed","Security","Attorney General's Departments","Outside London","[c]","[c]","[c]","[c]"
"In post","2023","Mixed","Security","Cabinet Office","London","5","5","[c]","[c]"
"In post","2023","Mixed","Security","Cabinet Office","Outside London","15","15","[c]","[c]"
"In post","2023","Mixed","Security","Cabinet Office","Unknown","[c]","[c]","[c]","[c]"
"In post","2023","Mixed","Security","Chancellor's other departments","London","[c]","[c]","[c]","[c]"
"In post","2023","Mixed","Security","Chancellor's other departments","Outside London","[c]","[c]","[c]","[c]"
"In post","2023","Mixed","Security","Charity Commission","London","[c]","[c]","[c]","[c]"
"In post","2023","Mixed","Security","Charity Commission","Outside London","[c]","[c]","[c]","[c]"
"In post","2023","Mixed","Security","Competition and Markets Authority","London","[c]","[c]","[c]","[c]"
"In post","2023","Mixed","Security","Department for Business, Energy and Industrial Strategy","London","[c]","[c]","[c]","[c]"
"In post","2023","Mixed","Security","Department for Business, Energy and Industrial Strategy","Outside London","[c]","[c]","[c]","[c]"
"In post","2023","Mixed","Security","Department for Digital, Culture, Media and Sport","London","[c]","[c]","[c]","[c]"
"In post","2023","Mixed","Security","Department for Digital, Culture, Media and Sport","Outside London","[c]","[c]","[c]","[c]"
"In post","2023","Mixed","Security","Department for Education","London","[c]","[c]","[c]","[c]"
"In post","2023","Mixed","Security","Department for Education","Outside London","[c]","[c]","[c]","[c]"
"In post","2023","Mixed","Security","Department for International Trade","London","[c]","[c]","[c]","[c]"
"In post","2023","Mixed","Security","Department for International Trade","Outside London","[c]","[c]","[c]","[c]"
"In post","2023","Mixed","Security","Department for Levelling Up, Housing and Communities","London","[c]","[c]","[c]","[c]"
"In post","2023","Mixed","Security","Department for Levelling Up, Housing and Communities","Outside London","[c]","[c]","[c]","[c]"
"In post","2023","Mixed","Security","Department for Transport","London","[c]","[c]","[c]","[c]"
"In post","2023","Mixed","Security","Department for Transport","Outside London","[c]","[c]","[c]","[c]"
"In post","2023","Mixed","Security","Department for Work and Pensions","London","[c]","[c]","[c]","[c]"
"In post","2023","Mixed","Security","Department for Work and Pensions","Outside London","[c]","[c]","[c]","[c]"
"In post","2023","Mixed","Security","Department for Work and Pensions","Unknown","[c]","[c]","[c]","[c]"
"In post","2023","Mixed","Security","Department of Health and Social Care","London","[c]","[c]","[c]","[c]"
"In post","2023","Mixed","Security","Department of Health and Social Care","Outside London","[c]","[c]","[c]","[c]"
"In post","2023","Mixed","Security","Estyn","Outside London","[c]","[c]","[c]","[c]"
"In post","2023","Mixed","Security","Food Standards Agency","London","[c]","[c]","[c]","[c]"
"In post","2023","Mixed","Security","Food Standards Agency","Outside London","[c]","[c]","[c]","[c]"
"In post","2023","Mixed","Security","Foreign, Commonwealth and Development Office","London","15","15","[c]","[c]"
"In post","2023","Mixed","Security","Foreign, Commonwealth and Development Office","Outside London","[c]","[c]","[c]","[c]"
"In post","2023","Mixed","Security","Foreign, Commonwealth and Development Office","Overseas","[c]","[c]","[c]","[c]"
"In post","2023","Mixed","Security","HM Revenue and Customs","London","[c]","[c]","[c]","[c]"
"In post","2023","Mixed","Security","HM Revenue and Customs","Outside London","[c]","[c]","[c]","[c]"
"In post","2023","Mixed","Security","Home Office","London","10","10","[c]","[c]"
"In post","2023","Mixed","Security","Home Office","Outside London","[c]","[c]","[c]","[c]"
"In post","2023","Mixed","Security","Home Office","Overseas","[c]","[c]","[c]","[c]"
"In post","2023","Mixed","Security","Ministry of Defence","London","[c]","[c]","[c]","[c]"
"In post","2023","Mixed","Security","Ministry of Defence","Outside London","45","45","33470","30200"
"In post","2023","Mixed","Security","Ministry of Defence","Overseas","[c]","[c]","[c]","[c]"
"In post","2023","Mixed","Security","Ministry of Defence","Unknown","[c]","[c]","[c]","[c]"
"In post","2023","Mixed","Security","Ministry of Justice","London","[c]","[c]","[c]","[c]"
"In post","2023","Mixed","Security","Ministry of Justice","Outside London","[c]","[c]","[c]","[c]"
"In post","2023","Mixed","Security","National Crime Agency","London","[c]","[c]","[c]","[c]"
"In post","2023","Mixed","Security","National Crime Agency","Outside London","[c]","[c]","[c]","[c]"
"In post","2023","Mixed","Security","National Crime Agency","Unknown","[c]","[c]","[c]","[c]"
"In post","2023","Mixed","Security","Northern Ireland Office","Outside London","[c]","[c]","[c]","[c]"
"In post","2023","Mixed","Security","Office of Gas and Electricity Markets","London","[c]","[c]","[c]","[c]"
"In post","2023","Mixed","Security","Office of Gas and Electricity Markets","Outside London","[c]","[c]","[c]","[c]"
"In post","2023","Mixed","Security","Scottish Government","Outside London","[c]","[c]","[c]","[c]"
"In post","2023","Mixed","Security","UK Export Finance","London","[c]","[c]","[c]","[c]"
"In post","2023","Mixed","Security","UK Statistics Authority","London","[c]","[c]","[c]","[c]"
"In post","2023","Mixed","Security","UK Statistics Authority","Outside London","[c]","[c]","[c]","[c]"
"In post","2023","Mixed","Security","Water Services Regulation Authority","Outside London","[c]","[c]","[c]","[c]"
"In post","2023","Mixed","Unknown","Attorney General's Departments","London","[c]","[c]","[c]","[c]"
"In post","2023","Mixed","Unknown","Attorney General's Departments","Outside London","[c]","[c]","[c]","[c]"
"In post","2023","Mixed","Unknown","Cabinet Office","London","55","55","30620","30130"
"In post","2023","Mixed","Unknown","Cabinet Office","Outside London","10","10","[c]","[c]"
"In post","2023","Mixed","Unknown","Cabinet Office","Unknown","[c]","[c]","[c]","[c]"
"In post","2023","Mixed","Unknown","Department for Business, Energy and Industrial Strategy","Outside London","[c]","[c]","[c]","[c]"
"In post","2023","Mixed","Unknown","Department for Digital, Culture, Media and Sport","London","[c]","[c]","[c]","[c]"
"In post","2023","Mixed","Unknown","Department for Education","London","[c]","[c]","[c]","[c]"
"In post","2023","Mixed","Unknown","Department for Education","Outside London","[c]","[c]","[c]","[c]"
"In post","2023","Mixed","Unknown","Department for International Trade","London","[c]","[c]","[c]","[c]"
"In post","2023","Mixed","Unknown","Department for International Trade","Outside London","[c]","[c]","[c]","[c]"
"In post","2023","Mixed","Unknown","Department for Work and Pensions","London","25","25","[c]","[c]"
"In post","2023","Mixed","Unknown","Department for Work and Pensions","Outside London","15","15","[c]","[c]"
"In post","2023","Mixed","Unknown","Department for Work and Pensions","Unknown","[c]","[c]","[c]","[c]"
"In post","2023","Mixed","Unknown","Department of Health and Social Care","London","5","5","[c]","[c]"
"In post","2023","Mixed","Unknown","Department of Health and Social Care","Outside London","[c]","[c]","[c]","[c]"
"In post","2023","Mixed","Unknown","Food Standards Agency","Outside London","[c]","[c]","[c]","[c]"
"In post","2023","Mixed","Unknown","Foreign, Commonwealth and Development Office","London","[c]","[c]","[c]","[c]"
"In post","2023","Mixed","Unknown","Foreign, Commonwealth and Development Office","Outside London","[c]","[c]","[c]","[c]"
"In post","2023","Mixed","Unknown","Foreign, Commonwealth and Development Office","Overseas","[c]","[c]","[c]","[c]"
"In post","2023","Mixed","Unknown","HM Revenue and Customs","London","[c]","[c]","[c]","[c]"
"In post","2023","Mixed","Unknown","HM Revenue and Customs","Outside London","[c]","[c]","[c]","[c]"
"In post","2023","Mixed","Unknown","Ministry of Defence","London","[c]","[c]","[c]","[c]"
"In post","2023","Mixed","Unknown","Ministry of Defence","Outside London","35","35","40520","39890"
"In post","2023","Mixed","Unknown","Ministry of Defence","Unknown","[c]","[c]","[c]","[c]"
"In post","2023","Mixed","Unknown","Northern Ireland Office","London","[c]","[c]","[c]","[c]"
"In post","2023","Mixed","Unknown","Northern Ireland Office","Outside London","[c]","[c]","[c]","[c]"
"In post","2023","Mixed","Unknown","Office of Gas and Electricity Markets","London","[c]","[c]","[c]","[c]"
"In post","2023","Mixed","Unknown","Office of Gas and Electricity Markets","Outside London","[c]","[c]","[c]","[c]"
"In post","2023","Mixed","Unknown","Office of the Secretary of State for Scotland","London","[c]","[c]","[c]","[c]"
"In post","2023","Mixed","Unknown","Office of the Secretary of State for Scotland","Outside London","[c]","[c]","[c]","[c]"
"In post","2023","Mixed","Unknown","Scottish Government","London","[c]","[c]","[c]","[c]"
"In post","2023","Mixed","Unknown","Scottish Government","Outside London","140","135","43220","38480"
"In post","2023","Mixed","Unknown","Scottish Government","Overseas","[c]","[c]","[c]","[c]"
"In post","2023","Mixed","Unknown","Welsh Government","London","[c]","[c]","[c]","[c]"
"In post","2023","Mixed","Unknown","Welsh Government","Outside London","70","65","42460","39690"
"In post","2023","Mixed","Unknown","Welsh Government","Overseas","[c]","[c]","[c]","[c]"
"In post","2023","Other ethnicity","Analysis","Attorney General's Departments","London","[c]","[c]","[c]","[c]"
"In post","2023","Other ethnicity","Analysis","Attorney General's Departments","Outside London","[c]","[c]","[c]","[c]"
"In post","2023","Other ethnicity","Analysis","Cabinet Office","London","[c]","[c]","[c]","[c]"
"In post","2023","Other ethnicity","Analysis","Cabinet Office","Outside London","[c]","[c]","[c]","[c]"
"In post","2023","Other ethnicity","Analysis","Cabinet Office","Unknown","[c]","[c]","[c]","[c]"
"In post","2023","Other ethnicity","Analysis","Chancellor's other departments","London","5","5","[c]","[c]"
"In post","2023","Other ethnicity","Analysis","Chancellor's other departments","Outside London","[c]","[c]","[c]","[c]"
"In post","2023","Other ethnicity","Analysis","Charity Commission","London","[c]","[c]","[c]","[c]"
"In post","2023","Other ethnicity","Analysis","Charity Commission","Outside London","[c]","[c]","[c]","[c]"
"In post","2023","Other ethnicity","Analysis","Competition and Markets Authority","London","[c]","[c]","[c]","[c]"
"In post","2023","Other ethnicity","Analysis","Competition and Markets Authority","Outside London","[c]","[c]","[c]","[c]"
"In post","2023","Other ethnicity","Analysis","Department for Business, Energy and Industrial Strategy","London","[c]","[c]","[c]","[c]"
"In post","2023","Other ethnicity","Analysis","Department for Business, Energy and Industrial Strategy","Outside London","[c]","[c]","[c]","[c]"
"In post","2023","Other ethnicity","Analysis","Department for Digital, Culture, Media and Sport","London","[c]","[c]","[c]","[c]"
"In post","2023","Other ethnicity","Analysis","Department for Digital, Culture, Media and Sport","Outside London","[c]","[c]","[c]","[c]"
"In post","2023","Other ethnicity","Analysis","Department for Education","London","5","5","[c]","[c]"
"In post","2023","Other ethnicity","Analysis","Department for Education","Outside London","[c]","[c]","[c]","[c]"
"In post","2023","Other ethnicity","Analysis","Department for Environment, Food and Rural Affairs","Outside London","[c]","[c]","[c]","[c]"
"In post","2023","Other ethnicity","Analysis","Department for International Trade","London","[c]","[c]","[c]","[c]"
"In post","2023","Other ethnicity","Analysis","Department for International Trade","Outside London","[c]","[c]","[c]","[c]"
"In post","2023","Other ethnicity","Analysis","Department for Levelling Up, Housing and Communities","London","[c]","[c]","[c]","[c]"
"In post","2023","Other ethnicity","Analysis","Department for Levelling Up, Housing and Communities","Outside London","[c]","[c]","[c]","[c]"
"In post","2023","Other ethnicity","Analysis","Department for Transport","London","[c]","[c]","[c]","[c]"
"In post","2023","Other ethnicity","Analysis","Department for Transport","Outside London","[c]","[c]","[c]","[c]"
"In post","2023","Other ethnicity","Analysis","Department for Work and Pensions","London","[c]","[c]","[c]","[c]"
"In post","2023","Other ethnicity","Analysis","Department for Work and Pensions","Outside London","[c]","[c]","[c]","[c]"
"In post","2023","Other ethnicity","Analysis","Department for Work and Pensions","Unknown","[c]","[c]","[c]","[c]"
"In post","2023","Other ethnicity","Analysis","Department of Health and Social Care","London","[c]","[c]","[c]","[c]"
"In post","2023","Other ethnicity","Analysis","Department of Health and Social Care","Outside London","[c]","[c]","[c]","[c]"
"In post","2023","Other ethnicity","Analysis","Estyn","Outside London","[c]","[c]","[c]","[c]"
"In post","2023","Other ethnicity","Analysis","Food Standards Agency","London","[c]","[c]","[c]","[c]"
"In post","2023","Other ethnicity","Analysis","Food Standards Agency","Outside London","[c]","[c]","[c]","[c]"
"In post","2023","Other ethnicity","Analysis","Foreign, Commonwealth and Development Office","London","[c]","[c]","[c]","[c]"
"In post","2023","Other ethnicity","Analysis","Foreign, Commonwealth and Development Office","Outside London","[c]","[c]","[c]","[c]"
"In post","2023","Other ethnicity","Analysis","Foreign, Commonwealth and Development Office","Overseas","[c]","[c]","[c]","[c]"
"In post","2023","Other ethnicity","Analysis","HM Land Registry","London","[c]","[c]","[c]","[c]"
"In post","2023","Other ethnicity","Analysis","HM Land Registry","Outside London","[c]","[c]","[c]","[c]"
"In post","2023","Other ethnicity","Analysis","HM Revenue and Customs","London","[c]","[c]","[c]","[c]"
"In post","2023","Other ethnicity","Analysis","HM Revenue and Customs","Outside London","[c]","[c]","[c]","[c]"
"In post","2023","Other ethnicity","Analysis","HM Treasury","London","10","10","[c]","[c]"
"In post","2023","Other ethnicity","Analysis","HM Treasury","Outside London","[c]","[c]","[c]","[c]"
"In post","2023","Other ethnicity","Analysis","Home Office","London","5","5","[c]","[c]"
"In post","2023","Other ethnicity","Analysis","Home Office","Outside London","[c]","[c]","[c]","[c]"
"In post","2023","Other ethnicity","Analysis","Ministry of Defence","London","[c]","[c]","[c]","[c]"
"In post","2023","Other ethnicity","Analysis","Ministry of Defence","Outside London","[c]","[c]","[c]","[c]"
"In post","2023","Other ethnicity","Analysis","Ministry of Defence","Overseas","[c]","[c]","[c]","[c]"
"In post","2023","Other ethnicity","Analysis","Ministry of Justice","London","5","5","[c]","[c]"
"In post","2023","Other ethnicity","Analysis","Ministry of Justice","Outside London","[c]","[c]","[c]","[c]"
"In post","2023","Other ethnicity","Analysis","Ministry of Justice","Unknown","[c]","[c]","[c]","[c]"
"In post","2023","Other ethnicity","Analysis","Office for Standards in Education, Children's Services and Skills","London","[c]","[c]","[c]","[c]"
"In post","2023","Other ethnicity","Analysis","Office for Standards in Education, Children's Services and Skills","Outside London","[c]","[c]","[c]","[c]"
"In post","2023","Other ethnicity","Analysis","Office of Gas and Electricity Markets","London","[c]","[c]","[c]","[c]"
"In post","2023","Other ethnicity","Analysis","Office of Gas and Electricity Markets","Outside London","[c]","[c]","[c]","[c]"
"In post","2023","Other ethnicity","Analysis","Office of Rail and Road","London","[c]","[c]","[c]","[c]"
"In post","2023","Other ethnicity","Analysis","Office of Rail and Road","Outside London","[c]","[c]","[c]","[c]"
"In post","2023","Other ethnicity","Analysis","Scottish Government","Outside London","[c]","[c]","[c]","[c]"
"In post","2023","Other ethnicity","Analysis","UK Export Finance","London","[c]","[c]","[c]","[c]"
"In post","2023","Other ethnicity","Analysis","UK Statistics Authority","London","[c]","[c]","[c]","[c]"
"In post","2023","Other ethnicity","Analysis","UK Statistics Authority","Outside London","[c]","[c]","[c]","[c]"
"In post","2023","Other ethnicity","Analysis","Water Services Regulation Authority","London","[c]","[c]","[c]","[c]"
"In post","2023","Other ethnicity","Analysis","Water Services Regulation Authority","Outside London","[c]","[c]","[c]","[c]"
"In post","2023","Other ethnicity","Analysis","Welsh Government","Outside London","[c]","[c]","[c]","[c]"
"In post","2023","Other ethnicity","Commercial","Attorney General's Departments","London","[c]","[c]","[c]","[c]"
"In post","2023","Other ethnicity","Commercial","Attorney General's Departments","Outside London","[c]","[c]","[c]","[c]"
"In post","2023","Other ethnicity","Commercial","Cabinet Office","London","5","5","[c]","[c]"
"In post","2023","Other ethnicity","Commercial","Cabinet Office","Outside London","[c]","[c]","[c]","[c]"
"In post","2023","Other ethnicity","Commercial","Cabinet Office","Unknown","[c]","[c]","[c]","[c]"
"In post","2023","Other ethnicity","Commercial","Chancellor's other departments","London","[c]","[c]","[c]","[c]"
"In post","2023","Other ethnicity","Commercial","Chancellor's other departments","Outside London","[c]","[c]","[c]","[c]"
"In post","2023","Other ethnicity","Commercial","Charity Commission","Outside London","[c]","[c]","[c]","[c]"
"In post","2023","Other ethnicity","Commercial","Competition and Markets Authority","London","[c]","[c]","[c]","[c]"
"In post","2023","Other ethnicity","Commercial","Competition and Markets Authority","Outside London","[c]","[c]","[c]","[c]"
"In post","2023","Other ethnicity","Commercial","Department for Business, Energy and Industrial Strategy","London","[c]","[c]","[c]","[c]"
"In post","2023","Other ethnicity","Commercial","Department for Business, Energy and Industrial Strategy","Outside London","[c]","[c]","[c]","[c]"
"In post","2023","Other ethnicity","Commercial","Department for Digital, Culture, Media and Sport","London","[c]","[c]","[c]","[c]"
"In post","2023","Other ethnicity","Commercial","Department for Digital, Culture, Media and Sport","Outside London","[c]","[c]","[c]","[c]"
"In post","2023","Other ethnicity","Commercial","Department for Education","London","[c]","[c]","[c]","[c]"
"In post","2023","Other ethnicity","Commercial","Department for Education","Outside London","[c]","[c]","[c]","[c]"
"In post","2023","Other ethnicity","Commercial","Department for Environment, Food and Rural Affairs","London","[c]","[c]","[c]","[c]"
"In post","2023","Other ethnicity","Commercial","Department for Environment, Food and Rural Affairs","Outside London","[c]","[c]","[c]","[c]"
"In post","2023","Other ethnicity","Commercial","Department for International Trade","London","[c]","[c]","[c]","[c]"
"In post","2023","Other ethnicity","Commercial","Department for International Trade","Outside London","[c]","[c]","[c]","[c]"
"In post","2023","Other ethnicity","Commercial","Department for Levelling Up, Housing and Communities","London","[c]","[c]","[c]","[c]"
"In post","2023","Other ethnicity","Commercial","Department for Levelling Up, Housing and Communities","Outside London","[c]","[c]","[c]","[c]"
"In post","2023","Other ethnicity","Commercial","Department for Transport","London","[c]","[c]","[c]","[c]"
"In post","2023","Other ethnicity","Commercial","Department for Transport","Outside London","[c]","[c]","[c]","[c]"
"In post","2023","Other ethnicity","Commercial","Department for Work and Pensions","London","[c]","[c]","[c]","[c]"
"In post","2023","Other ethnicity","Commercial","Department for Work and Pensions","Outside London","[c]","[c]","[c]","[c]"
"In post","2023","Other ethnicity","Commercial","Department of Health and Social Care","London","[c]","[c]","[c]","[c]"
"In post","2023","Other ethnicity","Commercial","Department of Health and Social Care","Outside London","[c]","[c]","[c]","[c]"
"In post","2023","Other ethnicity","Commercial","Estyn","Outside London","[c]","[c]","[c]","[c]"
"In post","2023","Other ethnicity","Commercial","Food Standards Agency","London","[c]","[c]","[c]","[c]"
"In post","2023","Other ethnicity","Commercial","Food Standards Agency","Outside London","[c]","[c]","[c]","[c]"
"In post","2023","Other ethnicity","Commercial","Foreign, Commonwealth and Development Office","London","[c]","[c]","[c]","[c]"
"In post","2023","Other ethnicity","Commercial","Foreign, Commonwealth and Development Office","Outside London","[c]","[c]","[c]","[c]"
"In post","2023","Other ethnicity","Commercial","Foreign, Commonwealth and Development Office","Overseas","[c]","[c]","[c]","[c]"
"In post","2023","Other ethnicity","Commercial","HM Land Registry","London","[c]","[c]","[c]","[c]"
"In post","2023","Other ethnicity","Commercial","HM Land Registry","Outside London","[c]","[c]","[c]","[c]"
"In post","2023","Other ethnicity","Commercial","HM Revenue and Customs","London","[c]","[c]","[c]","[c]"
"In post","2023","Other ethnicity","Commercial","HM Revenue and Customs","Outside London","[c]","[c]","[c]","[c]"
"In post","2023","Other ethnicity","Commercial","HM Treasury","London","[c]","[c]","[c]","[c]"
"In post","2023","Other ethnicity","Commercial","HM Treasury","Outside London","[c]","[c]","[c]","[c]"
"In post","2023","Other ethnicity","Commercial","Home Office","London","[c]","[c]","[c]","[c]"
"In post","2023","Other ethnicity","Commercial","Home Office","Outside London","[c]","[c]","[c]","[c]"
"In post","2023","Other ethnicity","Commercial","Ministry of Defence","London","[c]","[c]","[c]","[c]"
"In post","2023","Other ethnicity","Commercial","Ministry of Defence","Outside London","[c]","[c]","[c]","[c]"
"In post","2023","Other ethnicity","Commercial","Ministry of Defence","Overseas","[c]","[c]","[c]","[c]"
"In post","2023","Other ethnicity","Commercial","Ministry of Justice","London","[c]","[c]","[c]","[c]"
"In post","2023","Other ethnicity","Commercial","Ministry of Justice","Outside London","[c]","[c]","[c]","[c]"
"In post","2023","Other ethnicity","Commercial","Ministry of Justice","Unknown","[c]","[c]","[c]","[c]"
"In post","2023","Other ethnicity","Commercial","National Crime Agency","London","[c]","[c]","[c]","[c]"
"In post","2023","Other ethnicity","Commercial","National Crime Agency","Outside London","[c]","[c]","[c]","[c]"
"In post","2023","Other ethnicity","Commercial","Office for Standards in Education, Children's Services and Skills","Outside London","[c]","[c]","[c]","[c]"
"In post","2023","Other ethnicity","Commercial","Office of Qualifications and Examinations Regulation","Outside London","[c]","[c]","[c]","[c]"
"In post","2023","Other ethnicity","Commercial","Office of Rail and Road","London","[c]","[c]","[c]","[c]"
"In post","2023","Other ethnicity","Commercial","Scottish Government","Outside London","[c]","[c]","[c]","[c]"
"In post","2023","Other ethnicity","Commercial","The National Archives","London","[c]","[c]","[c]","[c]"
"In post","2023","Other ethnicity","Commercial","UK Export Finance","London","5","5","[c]","[c]"
"In post","2023","Other ethnicity","Commercial","UK Export Finance","Outside London","[c]","[c]","[c]","[c]"
"In post","2023","Other ethnicity","Commercial","UK Statistics Authority","London","[c]","[c]","[c]","[c]"
"In post","2023","Other ethnicity","Commercial","UK Statistics Authority","Outside London","[c]","[c]","[c]","[c]"
"In post","2023","Other ethnicity","Commercial","Water Services Regulation Authority","Outside London","[c]","[c]","[c]","[c]"
"In post","2023","Other ethnicity","Communications","Attorney General's Departments","London","[c]","[c]","[c]","[c]"
"In post","2023","Other ethnicity","Communications","Attorney General's Departments","Outside London","[c]","[c]","[c]","[c]"
"In post","2023","Other ethnicity","Communications","Cabinet Office","London","5","5","[c]","[c]"
"In post","2023","Other ethnicity","Communications","Cabinet Office","Outside London","[c]","[c]","[c]","[c]"
"In post","2023","Other ethnicity","Communications","Cabinet Office","Unknown","[c]","[c]","[c]","[c]"
"In post","2023","Other ethnicity","Communications","Chancellor's other departments","London","[c]","[c]","[c]","[c]"
"In post","2023","Other ethnicity","Communications","Chancellor's other departments","Outside London","[c]","[c]","[c]","[c]"
"In post","2023","Other ethnicity","Communications","Charity Commission","London","[c]","[c]","[c]","[c]"
"In post","2023","Other ethnicity","Communications","Charity Commission","Outside London","[c]","[c]","[c]","[c]"
"In post","2023","Other ethnicity","Communications","Competition and Markets Authority","London","[c]","[c]","[c]","[c]"
"In post","2023","Other ethnicity","Communications","Competition and Markets Authority","Outside London","[c]","[c]","[c]","[c]"
"In post","2023","Other ethnicity","Communications","Department for Business, Energy and Industrial Strategy","London","[c]","[c]","[c]","[c]"
"In post","2023","Other ethnicity","Communications","Department for Business, Energy and Industrial Strategy","Outside London","[c]","[c]","[c]","[c]"
"In post","2023","Other ethnicity","Communications","Department for Digital, Culture, Media and Sport","London","[c]","[c]","[c]","[c]"
"In post","2023","Other ethnicity","Communications","Department for Digital, Culture, Media and Sport","Outside London","[c]","[c]","[c]","[c]"
"In post","2023","Other ethnicity","Communications","Department for Education","London","[c]","[c]","[c]","[c]"
"In post","2023","Other ethnicity","Communications","Department for Education","Outside London","[c]","[c]","[c]","[c]"
"In post","2023","Other ethnicity","Communications","Department for Environment, Food and Rural Affairs","London","[c]","[c]","[c]","[c]"
"In post","2023","Other ethnicity","Communications","Department for Environment, Food and Rural Affairs","Outside London","[c]","[c]","[c]","[c]"
"In post","2023","Other ethnicity","Communications","Department for Environment, Food and Rural Affairs","Unknown","[c]","[c]","[c]","[c]"
"In post","2023","Other ethnicity","Communications","Department for International Trade","London","[c]","[c]","[c]","[c]"
"In post","2023","Other ethnicity","Communications","Department for International Trade","Outside London","[c]","[c]","[c]","[c]"
"In post","2023","Other ethnicity","Communications","Department for Levelling Up, Housing and Communities","London","[c]","[c]","[c]","[c]"
"In post","2023","Other ethnicity","Communications","Department for Levelling Up, Housing and Communities","Outside London","[c]","[c]","[c]","[c]"
"In post","2023","Other ethnicity","Communications","Department for Transport","London","[c]","[c]","[c]","[c]"
"In post","2023","Other ethnicity","Communications","Department for Transport","Outside London","[c]","[c]","[c]","[c]"
"In post","2023","Other ethnicity","Communications","Department for Work and Pensions","London","[c]","[c]","[c]","[c]"
"In post","2023","Other ethnicity","Communications","Department for Work and Pensions","Outside London","[c]","[c]","[c]","[c]"
"In post","2023","Other ethnicity","Communications","Department of Health and Social Care","London","[c]","[c]","[c]","[c]"
"In post","2023","Other ethnicity","Communications","Department of Health and Social Care","Outside London","[c]","[c]","[c]","[c]"
"In post","2023","Other ethnicity","Communications","Estyn","Outside London","[c]","[c]","[c]","[c]"
"In post","2023","Other ethnicity","Communications","Food Standards Agency","London","[c]","[c]","[c]","[c]"
"In post","2023","Other ethnicity","Communications","Food Standards Agency","Outside London","[c]","[c]","[c]","[c]"
"In post","2023","Other ethnicity","Communications","Foreign, Commonwealth and Development Office","London","[c]","[c]","[c]","[c]"
"In post","2023","Other ethnicity","Communications","Foreign, Commonwealth and Development Office","Outside London","[c]","[c]","[c]","[c]"
"In post","2023","Other ethnicity","Communications","HM Land Registry","London","[c]","[c]","[c]","[c]"
"In post","2023","Other ethnicity","Communications","HM Land Registry","Outside London","[c]","[c]","[c]","[c]"
"In post","2023","Other ethnicity","Communications","HM Revenue and Customs","London","[c]","[c]","[c]","[c]"
"In post","2023","Other ethnicity","Communications","HM Revenue and Customs","Outside London","[c]","[c]","[c]","[c]"
"In post","2023","Other ethnicity","Communications","HM Treasury","London","[c]","[c]","[c]","[c]"
"In post","2023","Other ethnicity","Communications","HM Treasury","Outside London","[c]","[c]","[c]","[c]"
"In post","2023","Other ethnicity","Communications","Home Office","London","[c]","[c]","[c]","[c]"
"In post","2023","Other ethnicity","Communications","Home Office","Outside London","[c]","[c]","[c]","[c]"
"In post","2023","Other ethnicity","Communications","Ministry of Defence","London","[c]","[c]","[c]","[c]"
"In post","2023","Other ethnicity","Communications","Ministry of Defence","Outside London","[c]","[c]","[c]","[c]"
"In post","2023","Other ethnicity","Communications","Ministry of Defence","Overseas","[c]","[c]","[c]","[c]"
"In post","2023","Other ethnicity","Communications","Ministry of Justice","London","[c]","[c]","[c]","[c]"
"In post","2023","Other ethnicity","Communications","Ministry of Justice","Outside London","[c]","[c]","[c]","[c]"
"In post","2023","Other ethnicity","Communications","National Crime Agency","London","[c]","[c]","[c]","[c]"
"In post","2023","Other ethnicity","Communications","National Crime Agency","Outside London","[c]","[c]","[c]","[c]"
"In post","2023","Other ethnicity","Communications","Northern Ireland Office","London","[c]","[c]","[c]","[c]"
"In post","2023","Other ethnicity","Communications","Northern Ireland Office","Outside London","[c]","[c]","[c]","[c]"
"In post","2023","Other ethnicity","Communications","Office for Standards in Education, Children's Services and Skills","London","[c]","[c]","[c]","[c]"
"In post","2023","Other ethnicity","Communications","Office for Standards in Education, Children's Services and Skills","Outside London","[c]","[c]","[c]","[c]"
"In post","2023","Other ethnicity","Communications","Office of Gas and Electricity Markets","London","[c]","[c]","[c]","[c]"
"In post","2023","Other ethnicity","Communications","Office of Gas and Electricity Markets","Outside London","[c]","[c]","[c]","[c]"
"In post","2023","Other ethnicity","Communications","Office of Qualifications and Examinations Regulation","Outside London","[c]","[c]","[c]","[c]"
"In post","2023","Other ethnicity","Communications","Office of Rail and Road","London","[c]","[c]","[c]","[c]"
"In post","2023","Other ethnicity","Communications","Office of Rail and Road","Outside London","[c]","[c]","[c]","[c]"
"In post","2023","Other ethnicity","Communications","Office of the Secretary of State for Scotland","London","[c]","[c]","[c]","[c]"
"In post","2023","Other ethnicity","Communications","Office of the Secretary of State for Scotland","Outside London","[c]","[c]","[c]","[c]"
"In post","2023","Other ethnicity","Communications","Office of the Secretary of State for Wales","London","[c]","[c]","[c]","[c]"
"In post","2023","Other ethnicity","Communications","Office of the Secretary of State for Wales","Outside London","[c]","[c]","[c]","[c]"
"In post","2023","Other ethnicity","Communications","Scottish Government","Outside London","[c]","[c]","[c]","[c]"
"In post","2023","Other ethnicity","Communications","The National Archives","London","[c]","[c]","[c]","[c]"
"In post","2023","Other ethnicity","Communications","UK Export Finance","London","[c]","[c]","[c]","[c]"
"In post","2023","Other ethnicity","Communications","UK Export Finance","Outside London","[c]","[c]","[c]","[c]"
"In post","2023","Other ethnicity","Communications","UK Statistics Authority","London","[c]","[c]","[c]","[c]"
"In post","2023","Other ethnicity","Communications","UK Statistics Authority","Outside London","[c]","[c]","[c]","[c]"
"In post","2023","Other ethnicity","Communications","UK Supreme Court","London","[c]","[c]","[c]","[c]"
"In post","2023","Other ethnicity","Communications","Water Services Regulation Authority","London","[c]","[c]","[c]","[c]"
"In post","2023","Other ethnicity","Communications","Water Services Regulation Authority","Outside London","[c]","[c]","[c]","[c]"
"In post","2023","Other ethnicity","Communications","Welsh Government","Outside London","[c]","[c]","[c]","[c]"
"In post","2023","Other ethnicity","Counter Fraud","Attorney General's Departments","London","[c]","[c]","[c]","[c]"
"In post","2023","Other ethnicity","Counter Fraud","Cabinet Office","London","[c]","[c]","[c]","[c]"
"In post","2023","Other ethnicity","Counter Fraud","Cabinet Office","Outside London","[c]","[c]","[c]","[c]"
"In post","2023","Other ethnicity","Counter Fraud","Cabinet Office","Unknown","[c]","[c]","[c]","[c]"
"In post","2023","Other ethnicity","Counter Fraud","Chancellor's other departments","Outside London","[c]","[c]","[c]","[c]"
"In post","2023","Other ethnicity","Counter Fraud","Department for Business, Energy and Industrial Strategy","London","[c]","[c]","[c]","[c]"
"In post","2023","Other ethnicity","Counter Fraud","Department for Business, Energy and Industrial Strategy","Outside London","[c]","[c]","[c]","[c]"
"In post","2023","Other ethnicity","Counter Fraud","Department for Digital, Culture, Media and Sport","London","[c]","[c]","[c]","[c]"
"In post","2023","Other ethnicity","Counter Fraud","Department for Digital, Culture, Media and Sport","Outside London","[c]","[c]","[c]","[c]"
"In post","2023","Other ethnicity","Counter Fraud","Department for Levelling Up, Housing and Communities","Outside London","[c]","[c]","[c]","[c]"
"In post","2023","Other ethnicity","Counter Fraud","Department for Transport","London","[c]","[c]","[c]","[c]"
"In post","2023","Other ethnicity","Counter Fraud","Department for Transport","Outside London","[c]","[c]","[c]","[c]"
"In post","2023","Other ethnicity","Counter Fraud","Department for Work and Pensions","London","20","20","[c]","[c]"
"In post","2023","Other ethnicity","Counter Fraud","Department for Work and Pensions","Outside London","25","25","[c]","[c]"
"In post","2023","Other ethnicity","Counter Fraud","Department for Work and Pensions","Unknown","[c]","[c]","[c]","[c]"
"In post","2023","Other ethnicity","Counter Fraud","Food Standards Agency","London","[c]","[c]","[c]","[c]"
"In post","2023","Other ethnicity","Counter Fraud","Food Standards Agency","Outside London","[c]","[c]","[c]","[c]"
"In post","2023","Other ethnicity","Counter Fraud","HM Land Registry","Outside London","[c]","[c]","[c]","[c]"
"In post","2023","Other ethnicity","Counter Fraud","HM Revenue and Customs","London","15","15","[c]","[c]"
"In post","2023","Other ethnicity","Counter Fraud","HM Revenue and Customs","Outside London","10","10","[c]","[c]"
"In post","2023","Other ethnicity","Counter Fraud","Home Office","London","[c]","[c]","[c]","[c]"
"In post","2023","Other ethnicity","Counter Fraud","Home Office","Outside London","[c]","[c]","[c]","[c]"
"In post","2023","Other ethnicity","Counter Fraud","Ministry of Defence","London","[c]","[c]","[c]","[c]"
"In post","2023","Other ethnicity","Counter Fraud","Ministry of Defence","Outside London","[c]","[c]","[c]","[c]"
"In post","2023","Other ethnicity","Counter Fraud","Ministry of Justice","London","[c]","[c]","[c]","[c]"
"In post","2023","Other ethnicity","Counter Fraud","Ministry of Justice","Outside London","[c]","[c]","[c]","[c]"
"In post","2023","Other ethnicity","Debt","Department for Work and Pensions","London","[c]","[c]","[c]","[c]"
"In post","2023","Other ethnicity","Debt","Department for Work and Pensions","Outside London","20","20","[c]","[c]"
"In post","2023","Other ethnicity","Debt","Department for Work and Pensions","Unknown","[c]","[c]","[c]","[c]"
"In post","2023","Other ethnicity","Debt","HM Revenue and Customs","London","15","10","[c]","[c]"
"In post","2023","Other ethnicity","Debt","HM Revenue and Customs","Outside London","15","10","[c]","[c]"
"In post","2023","Other ethnicity","Debt","UK Export Finance","London","[c]","[c]","[c]","[c]"
"In post","2023","Other ethnicity","Digital, Data & Technology","Attorney General's Departments","London","[c]","[c]","[c]","[c]"
"In post","2023","Other ethnicity","Digital, Data & Technology","Attorney General's Departments","Outside London","[c]","[c]","[c]","[c]"
"In post","2023","Other ethnicity","Digital, Data & Technology","Cabinet Office","London","20","20","[c]","[c]"
"In post","2023","Other ethnicity","Digital, Data & Technology","Cabinet Office","Outside London","5","5","[c]","[c]"
"In post","2023","Other ethnicity","Digital, Data & Technology","Cabinet Office","Unknown","[c]","[c]","[c]","[c]"
"In post","2023","Other ethnicity","Digital, Data & Technology","Chancellor's other departments","London","[c]","[c]","[c]","[c]"
"In post","2023","Other ethnicity","Digital, Data & Technology","Chancellor's other departments","Outside London","[c]","[c]","[c]","[c]"
"In post","2023","Other ethnicity","Digital, Data & Technology","Charity Commission","London","[c]","[c]","[c]","[c]"
"In post","2023","Other ethnicity","Digital, Data & Technology","Charity Commission","Outside London","[c]","[c]","[c]","[c]"
"In post","2023","Other ethnicity","Digital, Data & Technology","Competition and Markets Authority","London","[c]","[c]","[c]","[c]"
"In post","2023","Other ethnicity","Digital, Data & Technology","Competition and Markets Authority","Outside London","[c]","[c]","[c]","[c]"
"In post","2023","Other ethnicity","Digital, Data & Technology","Department for Business, Energy and Industrial Strategy","London","[c]","[c]","[c]","[c]"
"In post","2023","Other ethnicity","Digital, Data & Technology","Department for Business, Energy and Industrial Strategy","Outside London","20","20","[c]","[c]"
"In post","2023","Other ethnicity","Digital, Data & Technology","Department for Business, Energy and Industrial Strategy","Overseas","[c]","[c]","[c]","[c]"
"In post","2023","Other ethnicity","Digital, Data & Technology","Department for Digital, Culture, Media and Sport","London","[c]","[c]","[c]","[c]"
"In post","2023","Other ethnicity","Digital, Data & Technology","Department for Digital, Culture, Media and Sport","Outside London","[c]","[c]","[c]","[c]"
"In post","2023","Other ethnicity","Digital, Data & Technology","Department for Education","London","5","5","[c]","[c]"
"In post","2023","Other ethnicity","Digital, Data & Technology","Department for Education","Outside London","[c]","[c]","[c]","[c]"
"In post","2023","Other ethnicity","Digital, Data & Technology","Department for Environment, Food and Rural Affairs","London","[c]","[c]","[c]","[c]"
"In post","2023","Other ethnicity","Digital, Data & Technology","Department for Environment, Food and Rural Affairs","Outside London","[c]","[c]","[c]","[c]"
"In post","2023","Other ethnicity","Digital, Data & Technology","Department for International Trade","London","[c]","[c]","[c]","[c]"
"In post","2023","Other ethnicity","Digital, Data & Technology","Department for International Trade","Outside London","[c]","[c]","[c]","[c]"
"In post","2023","Other ethnicity","Digital, Data & Technology","Department for Levelling Up, Housing and Communities","London","[c]","[c]","[c]","[c]"
"In post","2023","Other ethnicity","Digital, Data & Technology","Department for Levelling Up, Housing and Communities","Outside London","[c]","[c]","[c]","[c]"
"In post","2023","Other ethnicity","Digital, Data & Technology","Department for Transport","London","[c]","[c]","[c]","[c]"
"In post","2023","Other ethnicity","Digital, Data & Technology","Department for Transport","Outside London","[c]","[c]","[c]","[c]"
"In post","2023","Other ethnicity","Digital, Data & Technology","Department for Work and Pensions","London","[c]","[c]","[c]","[c]"
"In post","2023","Other ethnicity","Digital, Data & Technology","Department for Work and Pensions","Outside London","15","15","[c]","[c]"
"In post","2023","Other ethnicity","Digital, Data & Technology","Department for Work and Pensions","Unknown","[c]","[c]","[c]","[c]"
"In post","2023","Other ethnicity","Digital, Data & Technology","Department of Health and Social Care","London","[c]","[c]","[c]","[c]"
"In post","2023","Other ethnicity","Digital, Data & Technology","Department of Health and Social Care","Outside London","[c]","[c]","[c]","[c]"
"In post","2023","Other ethnicity","Digital, Data & Technology","Food Standards Agency","London","[c]","[c]","[c]","[c]"
"In post","2023","Other ethnicity","Digital, Data & Technology","Food Standards Agency","Outside London","[c]","[c]","[c]","[c]"
"In post","2023","Other ethnicity","Digital, Data & Technology","Foreign, Commonwealth and Development Office","London","[c]","[c]","[c]","[c]"
"In post","2023","Other ethnicity","Digital, Data & Technology","Foreign, Commonwealth and Development Office","Outside London","[c]","[c]","[c]","[c]"
"In post","2023","Other ethnicity","Digital, Data & Technology","Foreign, Commonwealth and Development Office","Overseas","[c]","[c]","[c]","[c]"
"In post","2023","Other ethnicity","Digital, Data & Technology","HM Land Registry","London","[c]","[c]","[c]","[c]"
"In post","2023","Other ethnicity","Digital, Data & Technology","HM Land Registry","Outside London","[c]","[c]","[c]","[c]"
"In post","2023","Other ethnicity","Digital, Data & Technology","HM Revenue and Customs","London","5","5","[c]","[c]"
"In post","2023","Other ethnicity","Digital, Data & Technology","HM Revenue and Customs","Outside London","15","15","[c]","[c]"
"In post","2023","Other ethnicity","Digital, Data & Technology","HM Treasury","London","[c]","[c]","[c]","[c]"
"In post","2023","Other ethnicity","Digital, Data & Technology","HM Treasury","Outside London","[c]","[c]","[c]","[c]"
"In post","2023","Other ethnicity","Digital, Data & Technology","Home Office","London","5","5","[c]","[c]"
"In post","2023","Other ethnicity","Digital, Data & Technology","Home Office","Outside London","[c]","[c]","[c]","[c]"
"In post","2023","Other ethnicity","Digital, Data & Technology","Home Office","Unknown","[c]","[c]","[c]","[c]"
"In post","2023","Other ethnicity","Digital, Data & Technology","Ministry of Defence","London","[c]","[c]","[c]","[c]"
"In post","2023","Other ethnicity","Digital, Data & Technology","Ministry of Defence","Outside London","[c]","[c]","[c]","[c]"
"In post","2023","Other ethnicity","Digital, Data & Technology","Ministry of Defence","Overseas","[c]","[c]","[c]","[c]"
"In post","2023","Other ethnicity","Digital, Data & Technology","Ministry of Defence","Unknown","[c]","[c]","[c]","[c]"
"In post","2023","Other ethnicity","Digital, Data & Technology","Ministry of Justice","London","[c]","[c]","[c]","[c]"
"In post","2023","Other ethnicity","Digital, Data & Technology","Ministry of Justice","Outside London","[c]","[c]","[c]","[c]"
"In post","2023","Other ethnicity","Digital, Data & Technology","Ministry of Justice","Unknown","[c]","[c]","[c]","[c]"
"In post","2023","Other ethnicity","Digital, Data & Technology","National Crime Agency","London","[c]","[c]","[c]","[c]"
"In post","2023","Other ethnicity","Digital, Data & Technology","National Crime Agency","Outside London","[c]","[c]","[c]","[c]"
"In post","2023","Other ethnicity","Digital, Data & Technology","National Crime Agency","Unknown","[c]","[c]","[c]","[c]"
"In post","2023","Other ethnicity","Digital, Data & Technology","Northern Ireland Office","London","[c]","[c]","[c]","[c]"
"In post","2023","Other ethnicity","Digital, Data & Technology","Northern Ireland Office","Outside London","[c]","[c]","[c]","[c]"
"In post","2023","Other ethnicity","Digital, Data & Technology","Office for Standards in Education, Children's Services and Skills","London","[c]","[c]","[c]","[c]"
"In post","2023","Other ethnicity","Digital, Data & Technology","Office for Standards in Education, Children's Services and Skills","Outside London","[c]","[c]","[c]","[c]"
"In post","2023","Other ethnicity","Digital, Data & Technology","Office of Gas and Electricity Markets","London","[c]","[c]","[c]","[c]"
"In post","2023","Other ethnicity","Digital, Data & Technology","Office of Gas and Electricity Markets","Outside London","[c]","[c]","[c]","[c]"
"In post","2023","Other ethnicity","Digital, Data & Technology","Office of Qualifications and Examinations Regulation","Outside London","[c]","[c]","[c]","[c]"
"In post","2023","Other ethnicity","Digital, Data & Technology","Office of Rail and Road","London","[c]","[c]","[c]","[c]"
"In post","2023","Other ethnicity","Digital, Data & Technology","Office of Rail and Road","Outside London","[c]","[c]","[c]","[c]"
"In post","2023","Other ethnicity","Digital, Data & Technology","Scottish Government","Outside London","[c]","[c]","[c]","[c]"
"In post","2023","Other ethnicity","Digital, Data & Technology","The National Archives","London","[c]","[c]","[c]","[c]"
"In post","2023","Other ethnicity","Digital, Data & Technology","UK Export Finance","London","[c]","[c]","[c]","[c]"
"In post","2023","Other ethnicity","Digital, Data & Technology","UK Statistics Authority","London","[c]","[c]","[c]","[c]"
"In post","2023","Other ethnicity","Digital, Data & Technology","UK Statistics Authority","Outside London","[c]","[c]","[c]","[c]"
"In post","2023","Other ethnicity","Digital, Data & Technology","UK Supreme Court","London","[c]","[c]","[c]","[c]"
"In post","2023","Other ethnicity","Digital, Data & Technology","Water Services Regulation Authority","London","[c]","[c]","[c]","[c]"
"In post","2023","Other ethnicity","Digital, Data & Technology","Water Services Regulation Authority","Outside London","[c]","[c]","[c]","[c]"
"In post","2023","Other ethnicity","Digital, Data & Technology","Welsh Government","Outside London","[c]","[c]","[c]","[c]"
"In post","2023","Other ethnicity","Finance","Attorney General's Departments","London","[c]","[c]","[c]","[c]"
"In post","2023","Other ethnicity","Finance","Attorney General's Departments","Outside London","[c]","[c]","[c]","[c]"
"In post","2023","Other ethnicity","Finance","Cabinet Office","London","[c]","[c]","[c]","[c]"
"In post","2023","Other ethnicity","Finance","Cabinet Office","Outside London","[c]","[c]","[c]","[c]"
"In post","2023","Other ethnicity","Finance","Cabinet Office","Unknown","[c]","[c]","[c]","[c]"
"In post","2023","Other ethnicity","Finance","Chancellor's other departments","London","[c]","[c]","[c]","[c]"
"In post","2023","Other ethnicity","Finance","Charity Commission","Outside London","[c]","[c]","[c]","[c]"
"In post","2023","Other ethnicity","Finance","Competition and Markets Authority","London","[c]","[c]","[c]","[c]"
"In post","2023","Other ethnicity","Finance","Competition and Markets Authority","Outside London","[c]","[c]","[c]","[c]"
"In post","2023","Other ethnicity","Finance","Department for Business, Energy and Industrial Strategy","London","[c]","[c]","[c]","[c]"
"In post","2023","Other ethnicity","Finance","Department for Business, Energy and Industrial Strategy","Outside London","[c]","[c]","[c]","[c]"
"In post","2023","Other ethnicity","Finance","Department for Digital, Culture, Media and Sport","London","[c]","[c]","[c]","[c]"
"In post","2023","Other ethnicity","Finance","Department for Digital, Culture, Media and Sport","Outside London","[c]","[c]","[c]","[c]"
"In post","2023","Other ethnicity","Finance","Department for Education","London","[c]","[c]","[c]","[c]"
"In post","2023","Other ethnicity","Finance","Department for Education","Outside London","[c]","[c]","[c]","[c]"
"In post","2023","Other ethnicity","Finance","Department for Environment, Food and Rural Affairs","London","[c]","[c]","[c]","[c]"
"In post","2023","Other ethnicity","Finance","Department for Environment, Food and Rural Affairs","Outside London","[c]","[c]","[c]","[c]"
"In post","2023","Other ethnicity","Finance","Department for Environment, Food and Rural Affairs","Unknown","[c]","[c]","[c]","[c]"
"In post","2023","Other ethnicity","Finance","Department for International Trade","London","[c]","[c]","[c]","[c]"
"In post","2023","Other ethnicity","Finance","Department for International Trade","Outside London","[c]","[c]","[c]","[c]"
"In post","2023","Other ethnicity","Finance","Department for Levelling Up, Housing and Communities","London","[c]","[c]","[c]","[c]"
"In post","2023","Other ethnicity","Finance","Department for Levelling Up, Housing and Communities","Outside London","[c]","[c]","[c]","[c]"
"In post","2023","Other ethnicity","Finance","Department for Transport","London","[c]","[c]","[c]","[c]"
"In post","2023","Other ethnicity","Finance","Department for Transport","Outside London","[c]","[c]","[c]","[c]"
"In post","2023","Other ethnicity","Finance","Department for Work and Pensions","London","10","10","[c]","[c]"
"In post","2023","Other ethnicity","Finance","Department for Work and Pensions","Outside London","[c]","[c]","[c]","[c]"
"In post","2023","Other ethnicity","Finance","Department for Work and Pensions","Unknown","[c]","[c]","[c]","[c]"
"In post","2023","Other ethnicity","Finance","Department of Health and Social Care","London","[c]","[c]","[c]","[c]"
"In post","2023","Other ethnicity","Finance","Department of Health and Social Care","Outside London","[c]","[c]","[c]","[c]"
"In post","2023","Other ethnicity","Finance","Estyn","Outside London","[c]","[c]","[c]","[c]"
"In post","2023","Other ethnicity","Finance","Food Standards Agency","London","[c]","[c]","[c]","[c]"
"In post","2023","Other ethnicity","Finance","Food Standards Agency","Outside London","[c]","[c]","[c]","[c]"
"In post","2023","Other ethnicity","Finance","Foreign, Commonwealth and Development Office","London","[c]","[c]","[c]","[c]"
"In post","2023","Other ethnicity","Finance","Foreign, Commonwealth and Development Office","Outside London","[c]","[c]","[c]","[c]"
"In post","2023","Other ethnicity","Finance","Foreign, Commonwealth and Development Office","Overseas","[c]","[c]","[c]","[c]"
"In post","2023","Other ethnicity","Finance","HM Land Registry","London","[c]","[c]","[c]","[c]"
"In post","2023","Other ethnicity","Finance","HM Land Registry","Outside London","[c]","[c]","[c]","[c]"
"In post","2023","Other ethnicity","Finance","HM Revenue and Customs","London","[c]","[c]","[c]","[c]"
"In post","2023","Other ethnicity","Finance","HM Revenue and Customs","Outside London","[c]","[c]","[c]","[c]"
"In post","2023","Other ethnicity","Finance","HM Treasury","London","[c]","[c]","[c]","[c]"
"In post","2023","Other ethnicity","Finance","HM Treasury","Outside London","[c]","[c]","[c]","[c]"
"In post","2023","Other ethnicity","Finance","Home Office","London","[c]","[c]","[c]","[c]"
"In post","2023","Other ethnicity","Finance","Home Office","Outside London","[c]","[c]","[c]","[c]"
"In post","2023","Other ethnicity","Finance","Ministry of Defence","London","[c]","[c]","[c]","[c]"
"In post","2023","Other ethnicity","Finance","Ministry of Defence","Outside London","[c]","[c]","[c]","[c]"
"In post","2023","Other ethnicity","Finance","Ministry of Defence","Overseas","[c]","[c]","[c]","[c]"
"In post","2023","Other ethnicity","Finance","Ministry of Justice","London","[c]","[c]","[c]","[c]"
"In post","2023","Other ethnicity","Finance","Ministry of Justice","Outside London","[c]","[c]","[c]","[c]"
"In post","2023","Other ethnicity","Finance","Ministry of Justice","Unknown","[c]","[c]","[c]","[c]"
"In post","2023","Other ethnicity","Finance","National Crime Agency","London","[c]","[c]","[c]","[c]"
"In post","2023","Other ethnicity","Finance","National Crime Agency","Outside London","[c]","[c]","[c]","[c]"
"In post","2023","Other ethnicity","Finance","Northern Ireland Office","London","[c]","[c]","[c]","[c]"
"In post","2023","Other ethnicity","Finance","Northern Ireland Office","Outside London","[c]","[c]","[c]","[c]"
"In post","2023","Other ethnicity","Finance","Office for Standards in Education, Children's Services and Skills","London","[c]","[c]","[c]","[c]"
"In post","2023","Other ethnicity","Finance","Office for Standards in Education, Children's Services and Skills","Outside London","[c]","[c]","[c]","[c]"
"In post","2023","Other ethnicity","Finance","Office of Gas and Electricity Markets","London","[c]","[c]","[c]","[c]"
"In post","2023","Other ethnicity","Finance","Office of Gas and Electricity Markets","Outside London","[c]","[c]","[c]","[c]"
"In post","2023","Other ethnicity","Finance","Office of Qualifications and Examinations Regulation","Outside London","[c]","[c]","[c]","[c]"
"In post","2023","Other ethnicity","Finance","Office of Rail and Road","London","[c]","[c]","[c]","[c]"
"In post","2023","Other ethnicity","Finance","Office of Rail and Road","Outside London","[c]","[c]","[c]","[c]"
"In post","2023","Other ethnicity","Finance","Office of the Secretary of State for Scotland","London","[c]","[c]","[c]","[c]"
"In post","2023","Other ethnicity","Finance","Office of the Secretary of State for Wales","London","[c]","[c]","[c]","[c]"
"In post","2023","Other ethnicity","Finance","Scottish Government","Outside London","[c]","[c]","[c]","[c]"
"In post","2023","Other ethnicity","Finance","The National Archives","London","[c]","[c]","[c]","[c]"
"In post","2023","Other ethnicity","Finance","UK Export Finance","London","[c]","[c]","[c]","[c]"
"In post","2023","Other ethnicity","Finance","UK Statistics Authority","London","[c]","[c]","[c]","[c]"
"In post","2023","Other ethnicity","Finance","UK Statistics Authority","Outside London","[c]","[c]","[c]","[c]"
"In post","2023","Other ethnicity","Finance","UK Supreme Court","London","[c]","[c]","[c]","[c]"
"In post","2023","Other ethnicity","Finance","Water Services Regulation Authority","London","[c]","[c]","[c]","[c]"
"In post","2023","Other ethnicity","Finance","Water Services Regulation Authority","Outside London","[c]","[c]","[c]","[c]"
"In post","2023","Other ethnicity","Finance","Welsh Government","Outside London","[c]","[c]","[c]","[c]"
"In post","2023","Other ethnicity","Grants Management","Department for Environment, Food and Rural Affairs","London","[c]","[c]","[c]","[c]"
"In post","2023","Other ethnicity","Grants Management","Department for Environment, Food and Rural Affairs","Outside London","10","5","[c]","[c]"
"In post","2023","Other ethnicity","Grants Management","Department of Health and Social Care","London","[c]","[c]","[c]","[c]"
"In post","2023","Other ethnicity","Grants Management","Department of Health and Social Care","Outside London","[c]","[c]","[c]","[c]"
"In post","2023","Other ethnicity","Grants Management","Home Office","London","[c]","[c]","[c]","[c]"
"In post","2023","Other ethnicity","Grants Management","Home Office","Outside London","[c]","[c]","[c]","[c]"
"In post","2023","Other ethnicity","Grants Management","The National Archives","London","[c]","[c]","[c]","[c]"
"In post","2023","Other ethnicity","Human Resources","Attorney General's Departments","London","[c]","[c]","[c]","[c]"
"In post","2023","Other ethnicity","Human Resources","Attorney General's Departments","Outside London","[c]","[c]","[c]","[c]"
"In post","2023","Other ethnicity","Human Resources","Cabinet Office","London","[c]","[c]","[c]","[c]"
"In post","2023","Other ethnicity","Human Resources","Cabinet Office","Outside London","[c]","[c]","[c]","[c]"
"In post","2023","Other ethnicity","Human Resources","Cabinet Office","Unknown","[c]","[c]","[c]","[c]"
"In post","2023","Other ethnicity","Human Resources","Chancellor's other departments","London","[c]","[c]","[c]","[c]"
"In post","2023","Other ethnicity","Human Resources","Chancellor's other departments","Outside London","[c]","[c]","[c]","[c]"
"In post","2023","Other ethnicity","Human Resources","Charity Commission","Outside London","[c]","[c]","[c]","[c]"
"In post","2023","Other ethnicity","Human Resources","Competition and Markets Authority","London","[c]","[c]","[c]","[c]"
"In post","2023","Other ethnicity","Human Resources","Competition and Markets Authority","Outside London","[c]","[c]","[c]","[c]"
"In post","2023","Other ethnicity","Human Resources","Department for Business, Energy and Industrial Strategy","London","5","5","[c]","[c]"
"In post","2023","Other ethnicity","Human Resources","Department for Business, Energy and Industrial Strategy","Outside London","[c]","[c]","[c]","[c]"
"In post","2023","Other ethnicity","Human Resources","Department for Digital, Culture, Media and Sport","London","[c]","[c]","[c]","[c]"
"In post","2023","Other ethnicity","Human Resources","Department for Digital, Culture, Media and Sport","Outside London","[c]","[c]","[c]","[c]"
"In post","2023","Other ethnicity","Human Resources","Department for Education","London","[c]","[c]","[c]","[c]"
"In post","2023","Other ethnicity","Human Resources","Department for Education","Outside London","[c]","[c]","[c]","[c]"
"In post","2023","Other ethnicity","Human Resources","Department for Environment, Food and Rural Affairs","London","[c]","[c]","[c]","[c]"
"In post","2023","Other ethnicity","Human Resources","Department for Environment, Food and Rural Affairs","Outside London","[c]","[c]","[c]","[c]"
"In post","2023","Other ethnicity","Human Resources","Department for International Trade","London","[c]","[c]","[c]","[c]"
"In post","2023","Other ethnicity","Human Resources","Department for International Trade","Outside London","[c]","[c]","[c]","[c]"
"In post","2023","Other ethnicity","Human Resources","Department for Levelling Up, Housing and Communities","London","[c]","[c]","[c]","[c]"
"In post","2023","Other ethnicity","Human Resources","Department for Levelling Up, Housing and Communities","Outside London","[c]","[c]","[c]","[c]"
"In post","2023","Other ethnicity","Human Resources","Department for Transport","London","[c]","[c]","[c]","[c]"
"In post","2023","Other ethnicity","Human Resources","Department for Transport","Outside London","[c]","[c]","[c]","[c]"
"In post","2023","Other ethnicity","Human Resources","Department for Work and Pensions","London","[c]","[c]","[c]","[c]"
"In post","2023","Other ethnicity","Human Resources","Department for Work and Pensions","Outside London","5","5","[c]","[c]"
"In post","2023","Other ethnicity","Human Resources","Department for Work and Pensions","Unknown","[c]","[c]","[c]","[c]"
"In post","2023","Other ethnicity","Human Resources","Department of Health and Social Care","London","[c]","[c]","[c]","[c]"
"In post","2023","Other ethnicity","Human Resources","Department of Health and Social Care","Outside London","[c]","[c]","[c]","[c]"
"In post","2023","Other ethnicity","Human Resources","Estyn","Outside London","[c]","[c]","[c]","[c]"
"In post","2023","Other ethnicity","Human Resources","Food Standards Agency","London","[c]","[c]","[c]","[c]"
"In post","2023","Other ethnicity","Human Resources","Food Standards Agency","Outside London","[c]","[c]","[c]","[c]"
"In post","2023","Other ethnicity","Human Resources","Foreign, Commonwealth and Development Office","London","[c]","[c]","[c]","[c]"
"In post","2023","Other ethnicity","Human Resources","Foreign, Commonwealth and Development Office","Outside London","[c]","[c]","[c]","[c]"
"In post","2023","Other ethnicity","Human Resources","Foreign, Commonwealth and Development Office","Overseas","[c]","[c]","[c]","[c]"
"In post","2023","Other ethnicity","Human Resources","HM Land Registry","London","[c]","[c]","[c]","[c]"
"In post","2023","Other ethnicity","Human Resources","HM Land Registry","Outside London","[c]","[c]","[c]","[c]"
"In post","2023","Other ethnicity","Human Resources","HM Revenue and Customs","London","5","5","[c]","[c]"
"In post","2023","Other ethnicity","Human Resources","HM Revenue and Customs","Outside London","[c]","[c]","[c]","[c]"
"In post","2023","Other ethnicity","Human Resources","HM Treasury","London","[c]","[c]","[c]","[c]"
"In post","2023","Other ethnicity","Human Resources","HM Treasury","Outside London","[c]","[c]","[c]","[c]"
"In post","2023","Other ethnicity","Human Resources","HM Treasury","Unknown","[c]","[c]","[c]","[c]"
"In post","2023","Other ethnicity","Human Resources","Home Office","London","[c]","[c]","[c]","[c]"
"In post","2023","Other ethnicity","Human Resources","Home Office","Outside London","[c]","[c]","[c]","[c]"
"In post","2023","Other ethnicity","Human Resources","Ministry of Defence","London","[c]","[c]","[c]","[c]"
"In post","2023","Other ethnicity","Human Resources","Ministry of Defence","Outside London","[c]","[c]","[c]","[c]"
"In post","2023","Other ethnicity","Human Resources","Ministry of Defence","Overseas","[c]","[c]","[c]","[c]"
"In post","2023","Other ethnicity","Human Resources","Ministry of Defence","Unknown","[c]","[c]","[c]","[c]"
"In post","2023","Other ethnicity","Human Resources","Ministry of Justice","London","5","5","[c]","[c]"
"In post","2023","Other ethnicity","Human Resources","Ministry of Justice","Outside London","5","5","[c]","[c]"
"In post","2023","Other ethnicity","Human Resources","Ministry of Justice","Unknown","[c]","[c]","[c]","[c]"
"In post","2023","Other ethnicity","Human Resources","National Crime Agency","London","[c]","[c]","[c]","[c]"
"In post","2023","Other ethnicity","Human Resources","National Crime Agency","Outside London","[c]","[c]","[c]","[c]"
"In post","2023","Other ethnicity","Human Resources","National Crime Agency","Unknown","[c]","[c]","[c]","[c]"
"In post","2023","Other ethnicity","Human Resources","Northern Ireland Office","London","[c]","[c]","[c]","[c]"
"In post","2023","Other ethnicity","Human Resources","Office for Standards in Education, Children's Services and Skills","London","[c]","[c]","[c]","[c]"
"In post","2023","Other ethnicity","Human Resources","Office for Standards in Education, Children's Services and Skills","Outside London","[c]","[c]","[c]","[c]"
"In post","2023","Other ethnicity","Human Resources","Office of Gas and Electricity Markets","London","[c]","[c]","[c]","[c]"
"In post","2023","Other ethnicity","Human Resources","Office of Gas and Electricity Markets","Outside London","[c]","[c]","[c]","[c]"
"In post","2023","Other ethnicity","Human Resources","Office of Qualifications and Examinations Regulation","Outside London","[c]","[c]","[c]","[c]"
"In post","2023","Other ethnicity","Human Resources","Office of Rail and Road","London","[c]","[c]","[c]","[c]"
"In post","2023","Other ethnicity","Human Resources","Office of Rail and Road","Outside London","[c]","[c]","[c]","[c]"
"In post","2023","Other ethnicity","Human Resources","Office of the Secretary of State for Wales","London","[c]","[c]","[c]","[c]"
"In post","2023","Other ethnicity","Human Resources","Office of the Secretary of State for Wales","Outside London","[c]","[c]","[c]","[c]"
"In post","2023","Other ethnicity","Human Resources","Scottish Government","Outside London","[c]","[c]","[c]","[c]"
"In post","2023","Other ethnicity","Human Resources","The National Archives","London","[c]","[c]","[c]","[c]"
"In post","2023","Other ethnicity","Human Resources","UK Export Finance","London","[c]","[c]","[c]","[c]"
"In post","2023","Other ethnicity","Human Resources","UK Statistics Authority","London","[c]","[c]","[c]","[c]"
"In post","2023","Other ethnicity","Human Resources","UK Statistics Authority","Outside London","[c]","[c]","[c]","[c]"
"In post","2023","Other ethnicity","Human Resources","UK Supreme Court","London","[c]","[c]","[c]","[c]"
"In post","2023","Other ethnicity","Human Resources","Water Services Regulation Authority","Outside London","[c]","[c]","[c]","[c]"
"In post","2023","Other ethnicity","Human Resources","Welsh Government","Outside London","[c]","[c]","[c]","[c]"
"In post","2023","Other ethnicity","Internal Audit","Department for Business, Energy and Industrial Strategy","Outside London","[c]","[c]","[c]","[c]"
"In post","2023","Other ethnicity","Internal Audit","Department for Education","Outside London","[c]","[c]","[c]","[c]"
"In post","2023","Other ethnicity","Internal Audit","Department for Transport","Outside London","[c]","[c]","[c]","[c]"
"In post","2023","Other ethnicity","Internal Audit","Food Standards Agency","London","[c]","[c]","[c]","[c]"
"In post","2023","Other ethnicity","Internal Audit","Food Standards Agency","Outside London","[c]","[c]","[c]","[c]"
"In post","2023","Other ethnicity","Internal Audit","Foreign, Commonwealth and Development Office","London","[c]","[c]","[c]","[c]"
"In post","2023","Other ethnicity","Internal Audit","Foreign, Commonwealth and Development Office","Outside London","[c]","[c]","[c]","[c]"
"In post","2023","Other ethnicity","Internal Audit","HM Land Registry","London","[c]","[c]","[c]","[c]"
"In post","2023","Other ethnicity","Internal Audit","HM Land Registry","Outside London","[c]","[c]","[c]","[c]"
"In post","2023","Other ethnicity","Internal Audit","HM Revenue and Customs","London","[c]","[c]","[c]","[c]"
"In post","2023","Other ethnicity","Internal Audit","HM Revenue and Customs","Outside London","[c]","[c]","[c]","[c]"
"In post","2023","Other ethnicity","Internal Audit","HM Treasury","London","5","5","[c]","[c]"
"In post","2023","Other ethnicity","Internal Audit","HM Treasury","Outside London","10","10","[c]","[c]"
"In post","2023","Other ethnicity","Internal Audit","HM Treasury","Unknown","[c]","[c]","[c]","[c]"
"In post","2023","Other ethnicity","Internal Audit","Ministry of Defence","London","[c]","[c]","[c]","[c]"
"In post","2023","Other ethnicity","Internal Audit","Ministry of Defence","Outside London","[c]","[c]","[c]","[c]"
"In post","2023","Other ethnicity","Internal Audit","Ministry of Defence","Overseas","[c]","[c]","[c]","[c]"
"In post","2023","Other ethnicity","Internal Audit","Ministry of Justice","London","[c]","[c]","[c]","[c]"
"In post","2023","Other ethnicity","Internal Audit","Ministry of Justice","Outside London","[c]","[c]","[c]","[c]"
"In post","2023","Other ethnicity","Internal Audit","Scottish Government","Outside London","[c]","[c]","[c]","[c]"
"In post","2023","Other ethnicity","Internal Audit","UK Export Finance","London","[c]","[c]","[c]","[c]"
"In post","2023","Other ethnicity","Internal Audit","UK Statistics Authority","Outside London","[c]","[c]","[c]","[c]"
"In post","2023","Other ethnicity","Legal","Attorney General's Departments","London","60","60","48050","52020"
"In post","2023","Other ethnicity","Legal","Attorney General's Departments","Outside London","35","30","41830","45230"
"In post","2023","Other ethnicity","Legal","Attorney General's Departments","Overseas","[c]","[c]","[c]","[c]"
"In post","2023","Other ethnicity","Legal","Cabinet Office","London","[c]","[c]","[c]","[c]"
"In post","2023","Other ethnicity","Legal","Charity Commission","London","[c]","[c]","[c]","[c]"
"In post","2023","Other ethnicity","Legal","Charity Commission","Outside London","[c]","[c]","[c]","[c]"
"In post","2023","Other ethnicity","Legal","Competition and Markets Authority","London","[c]","[c]","[c]","[c]"
"In post","2023","Other ethnicity","Legal","Competition and Markets Authority","Outside London","[c]","[c]","[c]","[c]"
"In post","2023","Other ethnicity","Legal","Department for Business, Energy and Industrial Strategy","London","[c]","[c]","[c]","[c]"
"In post","2023","Other ethnicity","Legal","Department for Business, Energy and Industrial Strategy","Outside London","[c]","[c]","[c]","[c]"
"In post","2023","Other ethnicity","Legal","Department for Education","London","[c]","[c]","[c]","[c]"
"In post","2023","Other ethnicity","Legal","Department for Education","Outside London","[c]","[c]","[c]","[c]"
"In post","2023","Other ethnicity","Legal","Department for Transport","Outside London","[c]","[c]","[c]","[c]"
"In post","2023","Other ethnicity","Legal","Department for Work and Pensions","London","[c]","[c]","[c]","[c]"
"In post","2023","Other ethnicity","Legal","Department for Work and Pensions","Outside London","[c]","[c]","[c]","[c]"
"In post","2023","Other ethnicity","Legal","Department for Work and Pensions","Unknown","[c]","[c]","[c]","[c]"
"In post","2023","Other ethnicity","Legal","Department of Health and Social Care","London","[c]","[c]","[c]","[c]"
"In post","2023","Other ethnicity","Legal","Department of Health and Social Care","Outside London","[c]","[c]","[c]","[c]"
"In post","2023","Other ethnicity","Legal","Food Standards Agency","London","[c]","[c]","[c]","[c]"
"In post","2023","Other ethnicity","Legal","Food Standards Agency","Outside London","[c]","[c]","[c]","[c]"
"In post","2023","Other ethnicity","Legal","Foreign, Commonwealth and Development Office","London","[c]","[c]","[c]","[c]"
"In post","2023","Other ethnicity","Legal","Foreign, Commonwealth and Development Office","Outside London","[c]","[c]","[c]","[c]"
"In post","2023","Other ethnicity","Legal","HM Land Registry","London","[c]","[c]","[c]","[c]"
"In post","2023","Other ethnicity","Legal","HM Land Registry","Outside London","[c]","[c]","[c]","[c]"
"In post","2023","Other ethnicity","Legal","HM Revenue and Customs","London","5","5","[c]","[c]"
"In post","2023","Other ethnicity","Legal","HM Revenue and Customs","Outside London","[c]","[c]","[c]","[c]"
"In post","2023","Other ethnicity","Legal","HM Treasury","London","[c]","[c]","[c]","[c]"
"In post","2023","Other ethnicity","Legal","Ministry of Defence","London","[c]","[c]","[c]","[c]"
"In post","2023","Other ethnicity","Legal","Ministry of Defence","Outside London","[c]","[c]","[c]","[c]"
"In post","2023","Other ethnicity","Legal","Ministry of Defence","Overseas","[c]","[c]","[c]","[c]"
"In post","2023","Other ethnicity","Legal","Ministry of Justice","London","[c]","[c]","[c]","[c]"
"In post","2023","Other ethnicity","Legal","Ministry of Justice","Outside London","[c]","[c]","[c]","[c]"
"In post","2023","Other ethnicity","Legal","Ministry of Justice","Unknown","[c]","[c]","[c]","[c]"
"In post","2023","Other ethnicity","Legal","National Crime Agency","London","[c]","[c]","[c]","[c]"
"In post","2023","Other ethnicity","Legal","National Crime Agency","Outside London","[c]","[c]","[c]","[c]"
"In post","2023","Other ethnicity","Legal","Office for Standards in Education, Children's Services and Skills","London","[c]","[c]","[c]","[c]"
"In post","2023","Other ethnicity","Legal","Office for Standards in Education, Children's Services and Skills","Outside London","[c]","[c]","[c]","[c]"
"In post","2023","Other ethnicity","Legal","Office of Gas and Electricity Markets","London","[c]","[c]","[c]","[c]"
"In post","2023","Other ethnicity","Legal","Office of Gas and Electricity Markets","Outside London","[c]","[c]","[c]","[c]"
"In post","2023","Other ethnicity","Legal","Office of Qualifications and Examinations Regulation","Outside London","[c]","[c]","[c]","[c]"
"In post","2023","Other ethnicity","Legal","Office of Rail and Road","London","[c]","[c]","[c]","[c]"
"In post","2023","Other ethnicity","Legal","Office of Rail and Road","Outside London","[c]","[c]","[c]","[c]"
"In post","2023","Other ethnicity","Legal","Scottish Government","Outside London","15","15","[c]","[c]"
"In post","2023","Other ethnicity","Legal","The National Archives","London","[c]","[c]","[c]","[c]"
"In post","2023","Other ethnicity","Legal","UK Export Finance","London","[c]","[c]","[c]","[c]"
"In post","2023","Other ethnicity","Legal","UK Supreme Court","London","[c]","[c]","[c]","[c]"
"In post","2023","Other ethnicity","Legal","Water Services Regulation Authority","London","[c]","[c]","[c]","[c]"
"In post","2023","Other ethnicity","Legal","Water Services Regulation Authority","Outside London","[c]","[c]","[c]","[c]"
"In post","2023","Other ethnicity","Legal","Welsh Government","London","[c]","[c]","[c]","[c]"
"In post","2023","Other ethnicity","Legal","Welsh Government","Outside London","[c]","[c]","[c]","[c]"
"In post","2023","Other ethnicity","No function","Attorney General's Departments","London","[c]","[c]","[c]","[c]"
"In post","2023","Other ethnicity","No function","Cabinet Office","London","20","20","[c]","[c]"
"In post","2023","Other ethnicity","No function","Cabinet Office","Outside London","[c]","[c]","[c]","[c]"
"In post","2023","Other ethnicity","No function","Cabinet Office","Unknown","[c]","[c]","[c]","[c]"
"In post","2023","Other ethnicity","No function","Chancellor's other departments","London","[c]","[c]","[c]","[c]"
"In post","2023","Other ethnicity","No function","Chancellor's other departments","Outside London","[c]","[c]","[c]","[c]"
"In post","2023","Other ethnicity","No function","Charity Commission","London","[c]","[c]","[c]","[c]"
"In post","2023","Other ethnicity","No function","Charity Commission","Outside London","[c]","[c]","[c]","[c]"
"In post","2023","Other ethnicity","No function","Department for Business, Energy and Industrial Strategy","London","55","55","52440","55120"
"In post","2023","Other ethnicity","No function","Department for Business, Energy and Industrial Strategy","Outside London","10","10","[c]","[c]"
"In post","2023","Other ethnicity","No function","Department for Digital, Culture, Media and Sport","London","15","15","[c]","[c]"
"In post","2023","Other ethnicity","No function","Department for Digital, Culture, Media and Sport","Outside London","[c]","[c]","[c]","[c]"
"In post","2023","Other ethnicity","No function","Department for Education","London","20","15","[c]","[c]"
"In post","2023","Other ethnicity","No function","Department for Education","Outside London","5","5","[c]","[c]"
"In post","2023","Other ethnicity","No function","Department for Environment, Food and Rural Affairs","London","20","20","[c]","[c]"
"In post","2023","Other ethnicity","No function","Department for Environment, Food and Rural Affairs","Outside London","35","35","36900","30320"
"In post","2023","Other ethnicity","No function","Department for Environment, Food and Rural Affairs","Unknown","[c]","[c]","[c]","[c]"
"In post","2023","Other ethnicity","No function","Department for International Trade","London","15","15","[c]","[c]"
"In post","2023","Other ethnicity","No function","Department for International Trade","Outside London","[c]","[c]","[c]","[c]"
"In post","2023","Other ethnicity","No function","Department for International Trade","Overseas","[c]","[c]","[c]","[c]"
"In post","2023","Other ethnicity","No function","Department for Levelling Up, Housing and Communities","London","30","30","50910","54630"
"In post","2023","Other ethnicity","No function","Department for Levelling Up, Housing and Communities","Outside London","10","10","[c]","[c]"
"In post","2023","Other ethnicity","No function","Department for Transport","London","25","25","[c]","[c]"
"In post","2023","Other ethnicity","No function","Department for Transport","Outside London","25","25","[c]","[c]"
"In post","2023","Other ethnicity","No function","Department for Transport","Overseas","[c]","[c]","[c]","[c]"
"In post","2023","Other ethnicity","No function","Department for Transport","Unknown","[c]","[c]","[c]","[c]"
"In post","2023","Other ethnicity","No function","Department for Work and Pensions","London","120","110","33030","32520"
"In post","2023","Other ethnicity","No function","Department for Work and Pensions","Outside London","210","195","28530","28120"
"In post","2023","Other ethnicity","No function","Department for Work and Pensions","Unknown","[c]","[c]","[c]","[c]"
"In post","2023","Other ethnicity","No function","Department of Health and Social Care","London","45","45","48240","42260"
"In post","2023","Other ethnicity","No function","Department of Health and Social Care","Outside London","20","20","[c]","[c]"
"In post","2023","Other ethnicity","No function","Department of Health and Social Care","Overseas","[c]","[c]","[c]","[c]"
"In post","2023","Other ethnicity","No function","Department of Health and Social Care","Unknown","[c]","[c]","[c]","[c]"
"In post","2023","Other ethnicity","No function","Food Standards Agency","London","[c]","[c]","[c]","[c]"
"In post","2023","Other ethnicity","No function","Food Standards Agency","Outside London","15","15","[c]","[c]"
"In post","2023","Other ethnicity","No function","Food Standards Agency","Overseas","[c]","[c]","[c]","[c]"
"In post","2023","Other ethnicity","No function","Foreign, Commonwealth and Development Office","London","40","35","50050","50360"
"In post","2023","Other ethnicity","No function","Foreign, Commonwealth and Development Office","Outside London","5","5","[c]","[c]"
"In post","2023","Other ethnicity","No function","Foreign, Commonwealth and Development Office","Overseas","35","35","50940","50400"
"In post","2023","Other ethnicity","No function","HM Land Registry","London","[c]","[c]","[c]","[c]"
"In post","2023","Other ethnicity","No function","HM Land Registry","Outside London","10","10","[c]","[c]"
"In post","2023","Other ethnicity","No function","HM Revenue and Customs","London","30","30","42880","39450"
"In post","2023","Other ethnicity","No function","HM Revenue and Customs","Outside London","100","95","30800","28130"
"In post","2023","Other ethnicity","No function","HM Treasury","London","80","80","46380","53550"
"In post","2023","Other ethnicity","No function","HM Treasury","Outside London","10","10","[c]","[c]"
"In post","2023","Other ethnicity","No function","HM Treasury","Unknown","[c]","[c]","[c]","[c]"
"In post","2023","Other ethnicity","No function","Home Office","London","125","115","37480","31190"
"In post","2023","Other ethnicity","No function","Home Office","Outside London","90","80","28650","26080"
"In post","2023","Other ethnicity","No function","Home Office","Overseas","[c]","[c]","[c]","[c]"
"In post","2023","Other ethnicity","No function","Home Office","Unknown","[c]","[c]","[c]","[c]"
"In post","2023","Other ethnicity","No function","Ministry of Defence","London","[c]","[c]","[c]","[c]"
"In post","2023","Other ethnicity","No function","Ministry of Defence","Outside London","[c]","[c]","[c]","[c]"
"In post","2023","Other ethnicity","No function","Ministry of Defence","Overseas","[c]","[c]","[c]","[c]"
"In post","2023","Other ethnicity","No function","Ministry of Defence","Unknown","[c]","[c]","[c]","[c]"
"In post","2023","Other ethnicity","No function","Ministry of Justice","London","190","180","35440","33800"
"In post","2023","Other ethnicity","No function","Ministry of Justice","Outside London","300","285","30940","29050"
"In post","2023","Other ethnicity","No function","Ministry of Justice","Unknown","[c]","[c]","[c]","[c]"
"In post","2023","Other ethnicity","No function","National Crime Agency","London","20","20","[c]","[c]"
"In post","2023","Other ethnicity","No function","National Crime Agency","Outside London","10","10","[c]","[c]"
"In post","2023","Other ethnicity","No function","National Crime Agency","Overseas","[c]","[c]","[c]","[c]"
"In post","2023","Other ethnicity","No function","National Crime Agency","Unknown","[c]","[c]","[c]","[c]"
"In post","2023","Other ethnicity","No function","Office for Standards in Education, Children's Services and Skills","London","[c]","[c]","[c]","[c]"
"In post","2023","Other ethnicity","No function","Office for Standards in Education, Children's Services and Skills","Outside London","[c]","[c]","[c]","[c]"
"In post","2023","Other ethnicity","No function","Office of Gas and Electricity Markets","London","[c]","[c]","[c]","[c]"
"In post","2023","Other ethnicity","No function","Office of Gas and Electricity Markets","Outside London","[c]","[c]","[c]","[c]"
"In post","2023","Other ethnicity","No function","Office of Qualifications and Examinations Regulation","Outside London","5","5","[c]","[c]"
"In post","2023","Other ethnicity","No function","Office of Rail and Road","London","[c]","[c]","[c]","[c]"
"In post","2023","Other ethnicity","No function","Office of Rail and Road","Outside London","[c]","[c]","[c]","[c]"
"In post","2023","Other ethnicity","No function","Office of the Secretary of State for Scotland","London","[c]","[c]","[c]","[c]"
"In post","2023","Other ethnicity","No function","Office of the Secretary of State for Scotland","Outside London","[c]","[c]","[c]","[c]"
"In post","2023","Other ethnicity","No function","Office of the Secretary of State for Wales","London","[c]","[c]","[c]","[c]"
"In post","2023","Other ethnicity","No function","Office of the Secretary of State for Wales","Outside London","[c]","[c]","[c]","[c]"
"In post","2023","Other ethnicity","No function","Scottish Government","Outside London","35","35","27720","24490"
"In post","2023","Other ethnicity","No function","The National Archives","London","5","5","[c]","[c]"
"In post","2023","Other ethnicity","No function","The National Archives","Outside London","[c]","[c]","[c]","[c]"
"In post","2023","Other ethnicity","No function","UK Statistics Authority","London","[c]","[c]","[c]","[c]"
"In post","2023","Other ethnicity","No function","UK Statistics Authority","Outside London","[c]","[c]","[c]","[c]"
"In post","2023","Other ethnicity","No function","Water Services Regulation Authority","London","[c]","[c]","[c]","[c]"
"In post","2023","Other ethnicity","No function","Water Services Regulation Authority","Outside London","[c]","[c]","[c]","[c]"
"In post","2023","Other ethnicity","No function","Welsh Government","Outside London","[c]","[c]","[c]","[c]"
"In post","2023","Other ethnicity","Project Delivery","Attorney General's Departments","London","[c]","[c]","[c]","[c]"
"In post","2023","Other ethnicity","Project Delivery","Attorney General's Departments","Outside London","[c]","[c]","[c]","[c]"
"In post","2023","Other ethnicity","Project Delivery","Cabinet Office","London","[c]","[c]","[c]","[c]"
"In post","2023","Other ethnicity","Project Delivery","Cabinet Office","Outside London","[c]","[c]","[c]","[c]"
"In post","2023","Other ethnicity","Project Delivery","Cabinet Office","Unknown","[c]","[c]","[c]","[c]"
"In post","2023","Other ethnicity","Project Delivery","Chancellor's other departments","London","[c]","[c]","[c]","[c]"
"In post","2023","Other ethnicity","Project Delivery","Chancellor's other departments","Outside London","[c]","[c]","[c]","[c]"
"In post","2023","Other ethnicity","Project Delivery","Charity Commission","London","[c]","[c]","[c]","[c]"
"In post","2023","Other ethnicity","Project Delivery","Charity Commission","Outside London","[c]","[c]","[c]","[c]"
"In post","2023","Other ethnicity","Project Delivery","Competition and Markets Authority","London","5","5","[c]","[c]"
"In post","2023","Other ethnicity","Project Delivery","Competition and Markets Authority","Outside London","[c]","[c]","[c]","[c]"
"In post","2023","Other ethnicity","Project Delivery","Department for Business, Energy and Industrial Strategy","London","5","5","[c]","[c]"
"In post","2023","Other ethnicity","Project Delivery","Department for Business, Energy and Industrial Strategy","Outside London","[c]","[c]","[c]","[c]"
"In post","2023","Other ethnicity","Project Delivery","Department for Digital, Culture, Media and Sport","London","[c]","[c]","[c]","[c]"
"In post","2023","Other ethnicity","Project Delivery","Department for Digital, Culture, Media and Sport","Outside London","[c]","[c]","[c]","[c]"
"In post","2023","Other ethnicity","Project Delivery","Department for Education","London","5","5","[c]","[c]"
"In post","2023","Other ethnicity","Project Delivery","Department for Education","Outside London","[c]","[c]","[c]","[c]"
"In post","2023","Other ethnicity","Project Delivery","Department for Environment, Food and Rural Affairs","London","[c]","[c]","[c]","[c]"
"In post","2023","Other ethnicity","Project Delivery","Department for Environment, Food and Rural Affairs","Outside London","[c]","[c]","[c]","[c]"
"In post","2023","Other ethnicity","Project Delivery","Department for International Trade","London","[c]","[c]","[c]","[c]"
"In post","2023","Other ethnicity","Project Delivery","Department for International Trade","Outside London","[c]","[c]","[c]","[c]"
"In post","2023","Other ethnicity","Project Delivery","Department for Levelling Up, Housing and Communities","London","[c]","[c]","[c]","[c]"
"In post","2023","Other ethnicity","Project Delivery","Department for Levelling Up, Housing and Communities","Outside London","[c]","[c]","[c]","[c]"
"In post","2023","Other ethnicity","Project Delivery","Department for Transport","London","5","5","[c]","[c]"
"In post","2023","Other ethnicity","Project Delivery","Department for Transport","Outside London","[c]","[c]","[c]","[c]"
"In post","2023","Other ethnicity","Project Delivery","Department for Work and Pensions","London","5","5","[c]","[c]"
"In post","2023","Other ethnicity","Project Delivery","Department for Work and Pensions","Outside London","[c]","[c]","[c]","[c]"
"In post","2023","Other ethnicity","Project Delivery","Department for Work and Pensions","Unknown","[c]","[c]","[c]","[c]"
"In post","2023","Other ethnicity","Project Delivery","Department of Health and Social Care","London","20","15","[c]","[c]"
"In post","2023","Other ethnicity","Project Delivery","Department of Health and Social Care","Outside London","[c]","[c]","[c]","[c]"
"In post","2023","Other ethnicity","Project Delivery","Estyn","Outside London","[c]","[c]","[c]","[c]"
"In post","2023","Other ethnicity","Project Delivery","Food Standards Agency","London","[c]","[c]","[c]","[c]"
"In post","2023","Other ethnicity","Project Delivery","Food Standards Agency","Outside London","[c]","[c]","[c]","[c]"
"In post","2023","Other ethnicity","Project Delivery","Foreign, Commonwealth and Development Office","London","10","10","[c]","[c]"
"In post","2023","Other ethnicity","Project Delivery","Foreign, Commonwealth and Development Office","Outside London","[c]","[c]","[c]","[c]"
"In post","2023","Other ethnicity","Project Delivery","Foreign, Commonwealth and Development Office","Overseas","[c]","[c]","[c]","[c]"
"In post","2023","Other ethnicity","Project Delivery","HM Land Registry","London","[c]","[c]","[c]","[c]"
"In post","2023","Other ethnicity","Project Delivery","HM Land Registry","Outside London","[c]","[c]","[c]","[c]"
"In post","2023","Other ethnicity","Project Delivery","HM Revenue and Customs","London","15","15","[c]","[c]"
"In post","2023","Other ethnicity","Project Delivery","HM Revenue and Customs","Outside London","15","15","[c]","[c]"
"In post","2023","Other ethnicity","Project Delivery","HM Treasury","London","[c]","[c]","[c]","[c]"
"In post","2023","Other ethnicity","Project Delivery","HM Treasury","Outside London","[c]","[c]","[c]","[c]"
"In post","2023","Other ethnicity","Project Delivery","Home Office","London","[c]","[c]","[c]","[c]"
"In post","2023","Other ethnicity","Project Delivery","Home Office","Outside London","[c]","[c]","[c]","[c]"
"In post","2023","Other ethnicity","Project Delivery","Ministry of Defence","London","[c]","[c]","[c]","[c]"
"In post","2023","Other ethnicity","Project Delivery","Ministry of Defence","Outside London","5","5","[c]","[c]"
"In post","2023","Other ethnicity","Project Delivery","Ministry of Defence","Overseas","[c]","[c]","[c]","[c]"
"In post","2023","Other ethnicity","Project Delivery","Ministry of Defence","Unknown","[c]","[c]","[c]","[c]"
"In post","2023","Other ethnicity","Project Delivery","Ministry of Justice","London","[c]","[c]","[c]","[c]"
"In post","2023","Other ethnicity","Project Delivery","Ministry of Justice","Outside London","[c]","[c]","[c]","[c]"
"In post","2023","Other ethnicity","Project Delivery","National Crime Agency","London","[c]","[c]","[c]","[c]"
"In post","2023","Other ethnicity","Project Delivery","National Crime Agency","Outside London","[c]","[c]","[c]","[c]"
"In post","2023","Other ethnicity","Project Delivery","Northern Ireland Office","London","[c]","[c]","[c]","[c]"
"In post","2023","Other ethnicity","Project Delivery","Northern Ireland Office","Outside London","[c]","[c]","[c]","[c]"
"In post","2023","Other ethnicity","Project Delivery","Office of Gas and Electricity Markets","London","[c]","[c]","[c]","[c]"
"In post","2023","Other ethnicity","Project Delivery","Office of Gas and Electricity Markets","Outside London","[c]","[c]","[c]","[c]"
"In post","2023","Other ethnicity","Project Delivery","Office of Qualifications and Examinations Regulation","Outside London","[c]","[c]","[c]","[c]"
"In post","2023","Other ethnicity","Project Delivery","Office of Rail and Road","London","[c]","[c]","[c]","[c]"
"In post","2023","Other ethnicity","Project Delivery","Scottish Government","Outside London","[c]","[c]","[c]","[c]"
"In post","2023","Other ethnicity","Project Delivery","UK Export Finance","London","[c]","[c]","[c]","[c]"
"In post","2023","Other ethnicity","Project Delivery","UK Statistics Authority","London","[c]","[c]","[c]","[c]"
"In post","2023","Other ethnicity","Project Delivery","UK Statistics Authority","Outside London","[c]","[c]","[c]","[c]"
"In post","2023","Other ethnicity","Project Delivery","Water Services Regulation Authority","London","[c]","[c]","[c]","[c]"
"In post","2023","Other ethnicity","Project Delivery","Water Services Regulation Authority","Outside London","[c]","[c]","[c]","[c]"
"In post","2023","Other ethnicity","Project Delivery","Welsh Government","Outside London","[c]","[c]","[c]","[c]"
"In post","2023","Other ethnicity","Property","Attorney General's Departments","London","[c]","[c]","[c]","[c]"
"In post","2023","Other ethnicity","Property","Attorney General's Departments","Outside London","[c]","[c]","[c]","[c]"
"In post","2023","Other ethnicity","Property","Cabinet Office","London","[c]","[c]","[c]","[c]"
"In post","2023","Other ethnicity","Property","Cabinet Office","Outside London","[c]","[c]","[c]","[c]"
"In post","2023","Other ethnicity","Property","Cabinet Office","Unknown","[c]","[c]","[c]","[c]"
"In post","2023","Other ethnicity","Property","Chancellor's other departments","London","[c]","[c]","[c]","[c]"
"In post","2023","Other ethnicity","Property","Charity Commission","Outside London","[c]","[c]","[c]","[c]"
"In post","2023","Other ethnicity","Property","Competition and Markets Authority","London","[c]","[c]","[c]","[c]"
"In post","2023","Other ethnicity","Property","Department for Business, Energy and Industrial Strategy","London","[c]","[c]","[c]","[c]"
"In post","2023","Other ethnicity","Property","Department for Business, Energy and Industrial Strategy","Outside London","[c]","[c]","[c]","[c]"
"In post","2023","Other ethnicity","Property","Department for Education","London","[c]","[c]","[c]","[c]"
"In post","2023","Other ethnicity","Property","Department for Education","Outside London","[c]","[c]","[c]","[c]"
"In post","2023","Other ethnicity","Property","Department for Environment, Food and Rural Affairs","London","[c]","[c]","[c]","[c]"
"In post","2023","Other ethnicity","Property","Department for Environment, Food and Rural Affairs","Outside London","[c]","[c]","[c]","[c]"
"In post","2023","Other ethnicity","Property","Department for International Trade","London","[c]","[c]","[c]","[c]"
"In post","2023","Other ethnicity","Property","Department for International Trade","Outside London","[c]","[c]","[c]","[c]"
"In post","2023","Other ethnicity","Property","Department for Levelling Up, Housing and Communities","London","[c]","[c]","[c]","[c]"
"In post","2023","Other ethnicity","Property","Department for Levelling Up, Housing and Communities","Outside London","[c]","[c]","[c]","[c]"
"In post","2023","Other ethnicity","Property","Department for Transport","London","[c]","[c]","[c]","[c]"
"In post","2023","Other ethnicity","Property","Department for Transport","Outside London","[c]","[c]","[c]","[c]"
"In post","2023","Other ethnicity","Property","Department for Work and Pensions","London","[c]","[c]","[c]","[c]"
"In post","2023","Other ethnicity","Property","Department for Work and Pensions","Outside London","[c]","[c]","[c]","[c]"
"In post","2023","Other ethnicity","Property","Department for Work and Pensions","Unknown","[c]","[c]","[c]","[c]"
"In post","2023","Other ethnicity","Property","Department of Health and Social Care","London","[c]","[c]","[c]","[c]"
"In post","2023","Other ethnicity","Property","Department of Health and Social Care","Outside London","[c]","[c]","[c]","[c]"
"In post","2023","Other ethnicity","Property","Estyn","Outside London","[c]","[c]","[c]","[c]"
"In post","2023","Other ethnicity","Property","Food Standards Agency","London","[c]","[c]","[c]","[c]"
"In post","2023","Other ethnicity","Property","Foreign, Commonwealth and Development Office","London","[c]","[c]","[c]","[c]"
"In post","2023","Other ethnicity","Property","Foreign, Commonwealth and Development Office","Outside London","[c]","[c]","[c]","[c]"
"In post","2023","Other ethnicity","Property","Foreign, Commonwealth and Development Office","Overseas","[c]","[c]","[c]","[c]"
"In post","2023","Other ethnicity","Property","HM Land Registry","London","[c]","[c]","[c]","[c]"
"In post","2023","Other ethnicity","Property","HM Land Registry","Outside London","[c]","[c]","[c]","[c]"
"In post","2023","Other ethnicity","Property","HM Revenue and Customs","London","5","5","[c]","[c]"
"In post","2023","Other ethnicity","Property","HM Revenue and Customs","Outside London","[c]","[c]","[c]","[c]"
"In post","2023","Other ethnicity","Property","HM Treasury","London","[c]","[c]","[c]","[c]"
"In post","2023","Other ethnicity","Property","Home Office","London","[c]","[c]","[c]","[c]"
"In post","2023","Other ethnicity","Property","Home Office","Outside London","[c]","[c]","[c]","[c]"
"In post","2023","Other ethnicity","Property","Ministry of Defence","London","[c]","[c]","[c]","[c]"
"In post","2023","Other ethnicity","Property","Ministry of Defence","Outside London","[c]","[c]","[c]","[c]"
"In post","2023","Other ethnicity","Property","Ministry of Defence","Overseas","[c]","[c]","[c]","[c]"
"In post","2023","Other ethnicity","Property","Ministry of Defence","Unknown","[c]","[c]","[c]","[c]"
"In post","2023","Other ethnicity","Property","Ministry of Justice","London","[c]","[c]","[c]","[c]"
"In post","2023","Other ethnicity","Property","Ministry of Justice","Outside London","[c]","[c]","[c]","[c]"
"In post","2023","Other ethnicity","Property","Ministry of Justice","Unknown","[c]","[c]","[c]","[c]"
"In post","2023","Other ethnicity","Property","National Crime Agency","London","[c]","[c]","[c]","[c]"
"In post","2023","Other ethnicity","Property","National Crime Agency","Outside London","[c]","[c]","[c]","[c]"
"In post","2023","Other ethnicity","Property","Office for Standards in Education, Children's Services and Skills","London","[c]","[c]","[c]","[c]"
"In post","2023","Other ethnicity","Property","Office for Standards in Education, Children's Services and Skills","Outside London","[c]","[c]","[c]","[c]"
"In post","2023","Other ethnicity","Property","Office of Gas and Electricity Markets","London","[c]","[c]","[c]","[c]"
"In post","2023","Other ethnicity","Property","Office of Gas and Electricity Markets","Outside London","[c]","[c]","[c]","[c]"
"In post","2023","Other ethnicity","Property","Office of Qualifications and Examinations Regulation","Outside London","[c]","[c]","[c]","[c]"
"In post","2023","Other ethnicity","Property","Office of Rail and Road","London","[c]","[c]","[c]","[c]"
"In post","2023","Other ethnicity","Property","Scottish Government","Outside London","[c]","[c]","[c]","[c]"
"In post","2023","Other ethnicity","Property","The National Archives","London","[c]","[c]","[c]","[c]"
"In post","2023","Other ethnicity","Property","UK Statistics Authority","London","[c]","[c]","[c]","[c]"
"In post","2023","Other ethnicity","Property","UK Statistics Authority","Outside London","[c]","[c]","[c]","[c]"
"In post","2023","Other ethnicity","Property","UK Supreme Court","London","[c]","[c]","[c]","[c]"
"In post","2023","Other ethnicity","Property","Water Services Regulation Authority","Outside London","[c]","[c]","[c]","[c]"
"In post","2023","Other ethnicity","Security","Attorney General's Departments","London","[c]","[c]","[c]","[c]"
"In post","2023","Other ethnicity","Security","Attorney General's Departments","Outside London","[c]","[c]","[c]","[c]"
"In post","2023","Other ethnicity","Security","Cabinet Office","London","[c]","[c]","[c]","[c]"
"In post","2023","Other ethnicity","Security","Cabinet Office","Outside London","[c]","[c]","[c]","[c]"
"In post","2023","Other ethnicity","Security","Cabinet Office","Unknown","[c]","[c]","[c]","[c]"
"In post","2023","Other ethnicity","Security","Chancellor's other departments","London","[c]","[c]","[c]","[c]"
"In post","2023","Other ethnicity","Security","Chancellor's other departments","Outside London","[c]","[c]","[c]","[c]"
"In post","2023","Other ethnicity","Security","Charity Commission","London","[c]","[c]","[c]","[c]"
"In post","2023","Other ethnicity","Security","Charity Commission","Outside London","[c]","[c]","[c]","[c]"
"In post","2023","Other ethnicity","Security","Competition and Markets Authority","London","[c]","[c]","[c]","[c]"
"In post","2023","Other ethnicity","Security","Department for Business, Energy and Industrial Strategy","London","[c]","[c]","[c]","[c]"
"In post","2023","Other ethnicity","Security","Department for Business, Energy and Industrial Strategy","Outside London","[c]","[c]","[c]","[c]"
"In post","2023","Other ethnicity","Security","Department for Digital, Culture, Media and Sport","London","[c]","[c]","[c]","[c]"
"In post","2023","Other ethnicity","Security","Department for Digital, Culture, Media and Sport","Outside London","[c]","[c]","[c]","[c]"
"In post","2023","Other ethnicity","Security","Department for Education","London","[c]","[c]","[c]","[c]"
"In post","2023","Other ethnicity","Security","Department for Education","Outside London","[c]","[c]","[c]","[c]"
"In post","2023","Other ethnicity","Security","Department for International Trade","London","[c]","[c]","[c]","[c]"
"In post","2023","Other ethnicity","Security","Department for International Trade","Outside London","[c]","[c]","[c]","[c]"
"In post","2023","Other ethnicity","Security","Department for Levelling Up, Housing and Communities","London","[c]","[c]","[c]","[c]"
"In post","2023","Other ethnicity","Security","Department for Levelling Up, Housing and Communities","Outside London","[c]","[c]","[c]","[c]"
"In post","2023","Other ethnicity","Security","Department for Transport","London","[c]","[c]","[c]","[c]"
"In post","2023","Other ethnicity","Security","Department for Transport","Outside London","[c]","[c]","[c]","[c]"
"In post","2023","Other ethnicity","Security","Department for Work and Pensions","London","[c]","[c]","[c]","[c]"
"In post","2023","Other ethnicity","Security","Department for Work and Pensions","Outside London","[c]","[c]","[c]","[c]"
"In post","2023","Other ethnicity","Security","Department for Work and Pensions","Unknown","[c]","[c]","[c]","[c]"
"In post","2023","Other ethnicity","Security","Department of Health and Social Care","London","[c]","[c]","[c]","[c]"
"In post","2023","Other ethnicity","Security","Department of Health and Social Care","Outside London","[c]","[c]","[c]","[c]"
"In post","2023","Other ethnicity","Security","Estyn","Outside London","[c]","[c]","[c]","[c]"
"In post","2023","Other ethnicity","Security","Food Standards Agency","London","[c]","[c]","[c]","[c]"
"In post","2023","Other ethnicity","Security","Food Standards Agency","Outside London","[c]","[c]","[c]","[c]"
"In post","2023","Other ethnicity","Security","Foreign, Commonwealth and Development Office","London","5","5","[c]","[c]"
"In post","2023","Other ethnicity","Security","Foreign, Commonwealth and Development Office","Outside London","[c]","[c]","[c]","[c]"
"In post","2023","Other ethnicity","Security","Foreign, Commonwealth and Development Office","Overseas","[c]","[c]","[c]","[c]"
"In post","2023","Other ethnicity","Security","HM Revenue and Customs","London","[c]","[c]","[c]","[c]"
"In post","2023","Other ethnicity","Security","HM Revenue and Customs","Outside London","[c]","[c]","[c]","[c]"
"In post","2023","Other ethnicity","Security","Home Office","London","[c]","[c]","[c]","[c]"
"In post","2023","Other ethnicity","Security","Home Office","Outside London","[c]","[c]","[c]","[c]"
"In post","2023","Other ethnicity","Security","Home Office","Overseas","[c]","[c]","[c]","[c]"
"In post","2023","Other ethnicity","Security","Ministry of Defence","London","[c]","[c]","[c]","[c]"
"In post","2023","Other ethnicity","Security","Ministry of Defence","Outside London","[c]","[c]","[c]","[c]"
"In post","2023","Other ethnicity","Security","Ministry of Defence","Overseas","[c]","[c]","[c]","[c]"
"In post","2023","Other ethnicity","Security","Ministry of Defence","Unknown","[c]","[c]","[c]","[c]"
"In post","2023","Other ethnicity","Security","Ministry of Justice","London","[c]","[c]","[c]","[c]"
"In post","2023","Other ethnicity","Security","Ministry of Justice","Outside London","[c]","[c]","[c]","[c]"
"In post","2023","Other ethnicity","Security","National Crime Agency","London","[c]","[c]","[c]","[c]"
"In post","2023","Other ethnicity","Security","National Crime Agency","Outside London","[c]","[c]","[c]","[c]"
"In post","2023","Other ethnicity","Security","National Crime Agency","Unknown","[c]","[c]","[c]","[c]"
"In post","2023","Other ethnicity","Security","Northern Ireland Office","Outside London","[c]","[c]","[c]","[c]"
"In post","2023","Other ethnicity","Security","Office of Gas and Electricity Markets","London","[c]","[c]","[c]","[c]"
"In post","2023","Other ethnicity","Security","Office of Gas and Electricity Markets","Outside London","[c]","[c]","[c]","[c]"
"In post","2023","Other ethnicity","Security","Scottish Government","Outside London","[c]","[c]","[c]","[c]"
"In post","2023","Other ethnicity","Security","UK Export Finance","London","[c]","[c]","[c]","[c]"
"In post","2023","Other ethnicity","Security","UK Statistics Authority","London","[c]","[c]","[c]","[c]"
"In post","2023","Other ethnicity","Security","UK Statistics Authority","Outside London","[c]","[c]","[c]","[c]"
"In post","2023","Other ethnicity","Security","Water Services Regulation Authority","Outside London","[c]","[c]","[c]","[c]"
"In post","2023","Other ethnicity","Unknown","Attorney General's Departments","London","[c]","[c]","[c]","[c]"
"In post","2023","Other ethnicity","Unknown","Attorney General's Departments","Outside London","[c]","[c]","[c]","[c]"
"In post","2023","Other ethnicity","Unknown","Cabinet Office","London","10","10","[c]","[c]"
"In post","2023","Other ethnicity","Unknown","Cabinet Office","Outside London","[c]","[c]","[c]","[c]"
"In post","2023","Other ethnicity","Unknown","Cabinet Office","Unknown","[c]","[c]","[c]","[c]"
"In post","2023","Other ethnicity","Unknown","Department for Business, Energy and Industrial Strategy","Outside London","[c]","[c]","[c]","[c]"
"In post","2023","Other ethnicity","Unknown","Department for Digital, Culture, Media and Sport","London","[c]","[c]","[c]","[c]"
"In post","2023","Other ethnicity","Unknown","Department for Education","London","[c]","[c]","[c]","[c]"
"In post","2023","Other ethnicity","Unknown","Department for Education","Outside London","[c]","[c]","[c]","[c]"
"In post","2023","Other ethnicity","Unknown","Department for International Trade","London","[c]","[c]","[c]","[c]"
"In post","2023","Other ethnicity","Unknown","Department for International Trade","Outside London","[c]","[c]","[c]","[c]"
"In post","2023","Other ethnicity","Unknown","Department for Work and Pensions","London","10","10","[c]","[c]"
"In post","2023","Other ethnicity","Unknown","Department for Work and Pensions","Outside London","[c]","[c]","[c]","[c]"
"In post","2023","Other ethnicity","Unknown","Department for Work and Pensions","Unknown","[c]","[c]","[c]","[c]"
"In post","2023","Other ethnicity","Unknown","Department of Health and Social Care","London","[c]","[c]","[c]","[c]"
"In post","2023","Other ethnicity","Unknown","Department of Health and Social Care","Outside London","[c]","[c]","[c]","[c]"
"In post","2023","Other ethnicity","Unknown","Food Standards Agency","Outside London","[c]","[c]","[c]","[c]"
"In post","2023","Other ethnicity","Unknown","Foreign, Commonwealth and Development Office","London","5","5","[c]","[c]"
"In post","2023","Other ethnicity","Unknown","Foreign, Commonwealth and Development Office","Outside London","[c]","[c]","[c]","[c]"
"In post","2023","Other ethnicity","Unknown","Foreign, Commonwealth and Development Office","Overseas","[c]","[c]","[c]","[c]"
"In post","2023","Other ethnicity","Unknown","HM Revenue and Customs","London","[c]","[c]","[c]","[c]"
"In post","2023","Other ethnicity","Unknown","HM Revenue and Customs","Outside London","[c]","[c]","[c]","[c]"
"In post","2023","Other ethnicity","Unknown","Ministry of Defence","London","[c]","[c]","[c]","[c]"
"In post","2023","Other ethnicity","Unknown","Ministry of Defence","Outside London","5","5","[c]","[c]"
"In post","2023","Other ethnicity","Unknown","Ministry of Defence","Unknown","[c]","[c]","[c]","[c]"
"In post","2023","Other ethnicity","Unknown","Northern Ireland Office","London","[c]","[c]","[c]","[c]"
"In post","2023","Other ethnicity","Unknown","Northern Ireland Office","Outside London","[c]","[c]","[c]","[c]"
"In post","2023","Other ethnicity","Unknown","Office of Gas and Electricity Markets","London","[c]","[c]","[c]","[c]"
"In post","2023","Other ethnicity","Unknown","Office of Gas and Electricity Markets","Outside London","[c]","[c]","[c]","[c]"
"In post","2023","Other ethnicity","Unknown","Office of the Secretary of State for Scotland","London","[c]","[c]","[c]","[c]"
"In post","2023","Other ethnicity","Unknown","Office of the Secretary of State for Scotland","Outside London","[c]","[c]","[c]","[c]"
"In post","2023","Other ethnicity","Unknown","Scottish Government","London","[c]","[c]","[c]","[c]"
"In post","2023","Other ethnicity","Unknown","Scottish Government","Outside London","30","30","37340","31190"
"In post","2023","Other ethnicity","Unknown","Scottish Government","Overseas","[c]","[c]","[c]","[c]"
"In post","2023","Other ethnicity","Unknown","Welsh Government","London","[c]","[c]","[c]","[c]"
"In post","2023","Other ethnicity","Unknown","Welsh Government","Outside London","25","25","[c]","[c]"
"In post","2023","Other ethnicity","Unknown","Welsh Government","Overseas","[c]","[c]","[c]","[c]"
"In post","2023","Undeclared","Analysis","Attorney General's Departments","London","[c]","[c]","[c]","[c]"
"In post","2023","Undeclared","Analysis","Cabinet Office","London","[c]","[c]","[c]","[c]"
"In post","2023","Undeclared","Analysis","Cabinet Office","Outside London","[c]","[c]","[c]","[c]"
"In post","2023","Undeclared","Analysis","Chancellor's other departments","London","5","5","[c]","[c]"
"In post","2023","Undeclared","Analysis","Chancellor's other departments","Outside London","[c]","[c]","[c]","[c]"
"In post","2023","Undeclared","Analysis","Competition and Markets Authority","London","10","10","[c]","[c]"
"In post","2023","Undeclared","Analysis","Competition and Markets Authority","Outside London","[c]","[c]","[c]","[c]"
"In post","2023","Undeclared","Analysis","Department for Business, Energy and Industrial Strategy","London","5","5","[c]","[c]"
"In post","2023","Undeclared","Analysis","Department for Business, Energy and Industrial Strategy","Outside London","[c]","[c]","[c]","[c]"
"In post","2023","Undeclared","Analysis","Department for Digital, Culture, Media and Sport","London","[c]","[c]","[c]","[c]"
"In post","2023","Undeclared","Analysis","Department for Education","London","10","10","[c]","[c]"
"In post","2023","Undeclared","Analysis","Department for Education","Outside London","10","10","[c]","[c]"
"In post","2023","Undeclared","Analysis","Department for Environment, Food and Rural Affairs","Outside London","20","20","[c]","[c]"
"In post","2023","Undeclared","Analysis","Department for International Trade","London","[c]","[c]","[c]","[c]"
"In post","2023","Undeclared","Analysis","Department for Levelling Up, Housing and Communities","London","[c]","[c]","[c]","[c]"
"In post","2023","Undeclared","Analysis","Department for Levelling Up, Housing and Communities","Outside London","[c]","[c]","[c]","[c]"
"In post","2023","Undeclared","Analysis","Department for Transport","London","15","15","[c]","[c]"
"In post","2023","Undeclared","Analysis","Department for Transport","Outside London","5","5","[c]","[c]"
"In post","2023","Undeclared","Analysis","Department for Work and Pensions","London","10","10","[c]","[c]"
"In post","2023","Undeclared","Analysis","Department for Work and Pensions","Outside London","10","10","[c]","[c]"
"In post","2023","Undeclared","Analysis","Department of Health and Social Care","London","[c]","[c]","[c]","[c]"
"In post","2023","Undeclared","Analysis","Department of Health and Social Care","Outside London","[c]","[c]","[c]","[c]"
"In post","2023","Undeclared","Analysis","Food Standards Agency","Outside London","[c]","[c]","[c]","[c]"
"In post","2023","Undeclared","Analysis","HM Revenue and Customs","London","10","10","[c]","[c]"
"In post","2023","Undeclared","Analysis","HM Revenue and Customs","Outside London","5","5","[c]","[c]"
"In post","2023","Undeclared","Analysis","HM Treasury","London","5","5","[c]","[c]"
"In post","2023","Undeclared","Analysis","HM Treasury","Outside London","[c]","[c]","[c]","[c]"
"In post","2023","Undeclared","Analysis","Home Office","London","[c]","[c]","[c]","[c]"
"In post","2023","Undeclared","Analysis","Home Office","Outside London","[c]","[c]","[c]","[c]"
"In post","2023","Undeclared","Analysis","Ministry of Defence","London","5","5","[c]","[c]"
"In post","2023","Undeclared","Analysis","Ministry of Defence","Outside London","95","95","47940","49260"
"In post","2023","Undeclared","Analysis","Ministry of Justice","London","15","15","[c]","[c]"
"In post","2023","Undeclared","Analysis","Ministry of Justice","Outside London","10","10","[c]","[c]"
"In post","2023","Undeclared","Analysis","Office for Standards in Education, Children's Services and Skills","Outside London","[c]","[c]","[c]","[c]"
"In post","2023","Undeclared","Analysis","Office of Gas and Electricity Markets","London","10","10","[c]","[c]"
"In post","2023","Undeclared","Analysis","Office of Gas and Electricity Markets","Outside London","[c]","[c]","[c]","[c]"
"In post","2023","Undeclared","Analysis","Office of Rail and Road","London","[c]","[c]","[c]","[c]"
"In post","2023","Undeclared","Analysis","Scottish Government","Outside London","[c]","[c]","[c]","[c]"
"In post","2023","Undeclared","Analysis","UK Export Finance","London","[c]","[c]","[c]","[c]"
"In post","2023","Undeclared","Analysis","UK Statistics Authority","London","[c]","[c]","[c]","[c]"
"In post","2023","Undeclared","Analysis","UK Statistics Authority","Outside London","25","25","[c]","[c]"
"In post","2023","Undeclared","Analysis","Water Services Regulation Authority","London","[c]","[c]","[c]","[c]"
"In post","2023","Undeclared","Analysis","Water Services Regulation Authority","Outside London","[c]","[c]","[c]","[c]"
"In post","2023","Undeclared","Commercial","Cabinet Office","London","45","45","70700","66270"
"In post","2023","Undeclared","Commercial","Cabinet Office","Outside London","45","45","55000","56000"
"In post","2023","Undeclared","Commercial","Chancellor's other departments","London","[c]","[c]","[c]","[c]"
"In post","2023","Undeclared","Commercial","Chancellor's other departments","Outside London","[c]","[c]","[c]","[c]"
"In post","2023","Undeclared","Commercial","Competition and Markets Authority","London","[c]","[c]","[c]","[c]"
"In post","2023","Undeclared","Commercial","Department for Business, Energy and Industrial Strategy","London","[c]","[c]","[c]","[c]"
"In post","2023","Undeclared","Commercial","Department for Business, Energy and Industrial Strategy","Outside London","[c]","[c]","[c]","[c]"
"In post","2023","Undeclared","Commercial","Department for Digital, Culture, Media and Sport","London","[c]","[c]","[c]","[c]"
"In post","2023","Undeclared","Commercial","Department for Education","London","[c]","[c]","[c]","[c]"
"In post","2023","Undeclared","Commercial","Department for Education","Outside London","10","10","[c]","[c]"
"In post","2023","Undeclared","Commercial","Department for Environment, Food and Rural Affairs","Outside London","5","5","[c]","[c]"
"In post","2023","Undeclared","Commercial","Department for International Trade","London","[c]","[c]","[c]","[c]"
"In post","2023","Undeclared","Commercial","Department for Levelling Up, Housing and Communities","London","[c]","[c]","[c]","[c]"
"In post","2023","Undeclared","Commercial","Department for Transport","London","5","5","[c]","[c]"
"In post","2023","Undeclared","Commercial","Department for Transport","Outside London","15","15","[c]","[c]"
"In post","2023","Undeclared","Commercial","Department for Work and Pensions","Outside London","[c]","[c]","[c]","[c]"
"In post","2023","Undeclared","Commercial","Department of Health and Social Care","London","5","5","[c]","[c]"
"In post","2023","Undeclared","Commercial","Department of Health and Social Care","Outside London","[c]","[c]","[c]","[c]"
"In post","2023","Undeclared","Commercial","Foreign, Commonwealth and Development Office","London","[c]","[c]","[c]","[c]"
"In post","2023","Undeclared","Commercial","Foreign, Commonwealth and Development Office","Outside London","[c]","[c]","[c]","[c]"
"In post","2023","Undeclared","Commercial","HM Revenue and Customs","Outside London","5","5","[c]","[c]"
"In post","2023","Undeclared","Commercial","Home Office","London","[c]","[c]","[c]","[c]"
"In post","2023","Undeclared","Commercial","Home Office","Outside London","5","5","[c]","[c]"
"In post","2023","Undeclared","Commercial","Ministry of Defence","London","[c]","[c]","[c]","[c]"
"In post","2023","Undeclared","Commercial","Ministry of Defence","Outside London","75","70","42910","41800"
"In post","2023","Undeclared","Commercial","Ministry of Defence","Overseas","[c]","[c]","[c]","[c]"
"In post","2023","Undeclared","Commercial","Ministry of Justice","London","[c]","[c]","[c]","[c]"
"In post","2023","Undeclared","Commercial","Ministry of Justice","Outside London","5","5","[c]","[c]"
"In post","2023","Undeclared","Commercial","National Crime Agency","Outside London","[c]","[c]","[c]","[c]"
"In post","2023","Undeclared","Commercial","Office for Standards in Education, Children's Services and Skills","Outside London","[c]","[c]","[c]","[c]"
"In post","2023","Undeclared","Commercial","Office of Rail and Road","London","[c]","[c]","[c]","[c]"
"In post","2023","Undeclared","Commercial","Scottish Government","Outside London","[c]","[c]","[c]","[c]"
"In post","2023","Undeclared","Commercial","UK Export Finance","London","10","10","[c]","[c]"
"In post","2023","Undeclared","Communications","Attorney General's Departments","London","[c]","[c]","[c]","[c]"
"In post","2023","Undeclared","Communications","Cabinet Office","London","[c]","[c]","[c]","[c]"
"In post","2023","Undeclared","Communications","Chancellor's other departments","London","[c]","[c]","[c]","[c]"
"In post","2023","Undeclared","Communications","Department for Business, Energy and Industrial Strategy","London","5","5","[c]","[c]"
"In post","2023","Undeclared","Communications","Department for Business, Energy and Industrial Strategy","Outside London","[c]","[c]","[c]","[c]"
"In post","2023","Undeclared","Communications","Department for Education","London","[c]","[c]","[c]","[c]"
"In post","2023","Undeclared","Communications","Department for Education","Outside London","5","5","[c]","[c]"
"In post","2023","Undeclared","Communications","Department for Environment, Food and Rural Affairs","London","[c]","[c]","[c]","[c]"
"In post","2023","Undeclared","Communications","Department for Environment, Food and Rural Affairs","Outside London","5","5","[c]","[c]"
"In post","2023","Undeclared","Communications","Department for International Trade","London","[c]","[c]","[c]","[c]"
"In post","2023","Undeclared","Communications","Department for Levelling Up, Housing and Communities","London","[c]","[c]","[c]","[c]"
"In post","2023","Undeclared","Communications","Department for Transport","London","[c]","[c]","[c]","[c]"
"In post","2023","Undeclared","Communications","Department for Transport","Outside London","5","5","[c]","[c]"
"In post","2023","Undeclared","Communications","Department for Work and Pensions","London","5","5","[c]","[c]"
"In post","2023","Undeclared","Communications","Department for Work and Pensions","Outside London","5","5","[c]","[c]"
"In post","2023","Undeclared","Communications","Department of Health and Social Care","London","5","5","[c]","[c]"
"In post","2023","Undeclared","Communications","HM Land Registry","London","[c]","[c]","[c]","[c]"
"In post","2023","Undeclared","Communications","HM Land Registry","Outside London","[c]","[c]","[c]","[c]"
"In post","2023","Undeclared","Communications","HM Revenue and Customs","London","[c]","[c]","[c]","[c]"
"In post","2023","Undeclared","Communications","HM Revenue and Customs","Outside London","[c]","[c]","[c]","[c]"
"In post","2023","Undeclared","Communications","HM Treasury","London","[c]","[c]","[c]","[c]"
"In post","2023","Undeclared","Communications","Home Office","Outside London","[c]","[c]","[c]","[c]"
"In post","2023","Undeclared","Communications","Ministry of Defence","London","5","5","[c]","[c]"
"In post","2023","Undeclared","Communications","Ministry of Defence","Outside London","20","20","[c]","[c]"
"In post","2023","Undeclared","Communications","Ministry of Justice","London","[c]","[c]","[c]","[c]"
"In post","2023","Undeclared","Communications","Ministry of Justice","Outside London","[c]","[c]","[c]","[c]"
"In post","2023","Undeclared","Communications","National Crime Agency","Outside London","[c]","[c]","[c]","[c]"
"In post","2023","Undeclared","Communications","Office for Standards in Education, Children's Services and Skills","Outside London","[c]","[c]","[c]","[c]"
"In post","2023","Undeclared","Communications","Office of Gas and Electricity Markets","London","[c]","[c]","[c]","[c]"
"In post","2023","Undeclared","Communications","Office of Gas and Electricity Markets","Outside London","[c]","[c]","[c]","[c]"
"In post","2023","Undeclared","Communications","Office of Rail and Road","London","[c]","[c]","[c]","[c]"
"In post","2023","Undeclared","Communications","The National Archives","London","[c]","[c]","[c]","[c]"
"In post","2023","Undeclared","Communications","UK Export Finance","London","[c]","[c]","[c]","[c]"
"In post","2023","Undeclared","Communications","UK Supreme Court","London","[c]","[c]","[c]","[c]"
"In post","2023","Undeclared","Communications","Water Services Regulation Authority","London","[c]","[c]","[c]","[c]"
"In post","2023","Undeclared","Counter Fraud","Attorney General's Departments","London","5","5","[c]","[c]"
"In post","2023","Undeclared","Counter Fraud","Cabinet Office","London","[c]","[c]","[c]","[c]"
"In post","2023","Undeclared","Counter Fraud","Cabinet Office","Outside London","[c]","[c]","[c]","[c]"
"In post","2023","Undeclared","Counter Fraud","Department for Business, Energy and Industrial Strategy","London","[c]","[c]","[c]","[c]"
"In post","2023","Undeclared","Counter Fraud","Department for Business, Energy and Industrial Strategy","Outside London","15","15","[c]","[c]"
"In post","2023","Undeclared","Counter Fraud","Department for Transport","Outside London","[c]","[c]","[c]","[c]"
"In post","2023","Undeclared","Counter Fraud","Department for Work and Pensions","London","90","80","31200","32520"
"In post","2023","Undeclared","Counter Fraud","Department for Work and Pensions","Outside London","270","240","28620","28120"
"In post","2023","Undeclared","Counter Fraud","Food Standards Agency","Outside London","[c]","[c]","[c]","[c]"
"In post","2023","Undeclared","Counter Fraud","HM Revenue and Customs","London","150","140","42020","39790"
"In post","2023","Undeclared","Counter Fraud","HM Revenue and Customs","Outside London","355","330","38520","35000"
"In post","2023","Undeclared","Debt","Department for Work and Pensions","Outside London","115","100","23260","21690"
"In post","2023","Undeclared","Debt","HM Revenue and Customs","London","30","25","30500","27890"
"In post","2023","Undeclared","Debt","HM Revenue and Customs","Outside London","90","80","24450","22520"
"In post","2023","Undeclared","Debt","UK Export Finance","London","[c]","[c]","[c]","[c]"
"In post","2023","Undeclared","Digital, Data & Technology","Attorney General's Departments","London","[c]","[c]","[c]","[c]"
"In post","2023","Undeclared","Digital, Data & Technology","Attorney General's Departments","Outside London","10","10","[c]","[c]"
"In post","2023","Undeclared","Digital, Data & Technology","Cabinet Office","London","30","30","55370","56430"
"In post","2023","Undeclared","Digital, Data & Technology","Cabinet Office","Outside London","10","10","[c]","[c]"
"In post","2023","Undeclared","Digital, Data & Technology","Cabinet Office","Unknown","[c]","[c]","[c]","[c]"
"In post","2023","Undeclared","Digital, Data & Technology","Chancellor's other departments","Outside London","[c]","[c]","[c]","[c]"
"In post","2023","Undeclared","Digital, Data & Technology","Competition and Markets Authority","London","[c]","[c]","[c]","[c]"
"In post","2023","Undeclared","Digital, Data & Technology","Department for Business, Energy and Industrial Strategy","London","5","5","[c]","[c]"
"In post","2023","Undeclared","Digital, Data & Technology","Department for Business, Energy and Industrial Strategy","Outside London","45","45","45990","42990"
"In post","2023","Undeclared","Digital, Data & Technology","Department for Digital, Culture, Media and Sport","London","[c]","[c]","[c]","[c]"
"In post","2023","Undeclared","Digital, Data & Technology","Department for Education","London","10","5","[c]","[c]"
"In post","2023","Undeclared","Digital, Data & Technology","Department for Education","Outside London","50","50","44110","38690"
"In post","2023","Undeclared","Digital, Data & Technology","Department for Environment, Food and Rural Affairs","London","[c]","[c]","[c]","[c]"
"In post","2023","Undeclared","Digital, Data & Technology","Department for Environment, Food and Rural Affairs","Outside London","55","55","44550","49400"
"In post","2023","Undeclared","Digital, Data & Technology","Department for International Trade","London","5","5","[c]","[c]"
"In post","2023","Undeclared","Digital, Data & Technology","Department for International Trade","Outside London","[c]","[c]","[c]","[c]"
"In post","2023","Undeclared","Digital, Data & Technology","Department for Levelling Up, Housing and Communities","London","5","5","[c]","[c]"
"In post","2023","Undeclared","Digital, Data & Technology","Department for Levelling Up, Housing and Communities","Outside London","5","5","[c]","[c]"
"In post","2023","Undeclared","Digital, Data & Technology","Department for Transport","London","[c]","[c]","[c]","[c]"
"In post","2023","Undeclared","Digital, Data & Technology","Department for Transport","Outside London","80","80","44200","42120"
"In post","2023","Undeclared","Digital, Data & Technology","Department for Work and Pensions","London","15","15","[c]","[c]"
"In post","2023","Undeclared","Digital, Data & Technology","Department for Work and Pensions","Outside London","220","215","43290","38640"
"In post","2023","Undeclared","Digital, Data & Technology","Department for Work and Pensions","Unknown","[c]","[c]","[c]","[c]"
"In post","2023","Undeclared","Digital, Data & Technology","Department of Health and Social Care","London","5","5","[c]","[c]"
"In post","2023","Undeclared","Digital, Data & Technology","Department of Health and Social Care","Outside London","[c]","[c]","[c]","[c]"
"In post","2023","Undeclared","Digital, Data & Technology","Foreign, Commonwealth and Development Office","London","5","5","[c]","[c]"
"In post","2023","Undeclared","Digital, Data & Technology","Foreign, Commonwealth and Development Office","Outside London","10","10","[c]","[c]"
"In post","2023","Undeclared","Digital, Data & Technology","HM Land Registry","Outside London","30","30","40970","39460"
"In post","2023","Undeclared","Digital, Data & Technology","HM Revenue and Customs","London","20","20","[c]","[c]"
"In post","2023","Undeclared","Digital, Data & Technology","HM Revenue and Customs","Outside London","125","120","44450","42330"
"In post","2023","Undeclared","Digital, Data & Technology","HM Treasury","London","30","30","55360","54690"
"In post","2023","Undeclared","Digital, Data & Technology","Home Office","London","40","40","52660","48440"
"In post","2023","Undeclared","Digital, Data & Technology","Home Office","Outside London","10","10","[c]","[c]"
"In post","2023","Undeclared","Digital, Data & Technology","Ministry of Defence","London","20","20","[c]","[c]"
"In post","2023","Undeclared","Digital, Data & Technology","Ministry of Defence","Outside London","210","205","37230","35370"
"In post","2023","Undeclared","Digital, Data & Technology","Ministry of Defence","Overseas","5","5","[c]","[c]"
"In post","2023","Undeclared","Digital, Data & Technology","Ministry of Justice","London","30","30","[c]","[c]"
"In post","2023","Undeclared","Digital, Data & Technology","Ministry of Justice","Outside London","35","35","45640","49440"
"In post","2023","Undeclared","Digital, Data & Technology","National Crime Agency","London","[c]","[c]","[c]","[c]"
"In post","2023","Undeclared","Digital, Data & Technology","National Crime Agency","Outside London","5","5","[c]","[c]"
"In post","2023","Undeclared","Digital, Data & Technology","Office for Standards in Education, Children's Services and Skills","Outside London","[c]","[c]","[c]","[c]"
"In post","2023","Undeclared","Digital, Data & Technology","Office of Gas and Electricity Markets","London","[c]","[c]","[c]","[c]"
"In post","2023","Undeclared","Digital, Data & Technology","Office of Gas and Electricity Markets","Outside London","[c]","[c]","[c]","[c]"
"In post","2023","Undeclared","Digital, Data & Technology","Office of Qualifications and Examinations Regulation","Outside London","[c]","[c]","[c]","[c]"
"In post","2023","Undeclared","Digital, Data & Technology","Scottish Government","Outside London","5","5","[c]","[c]"
"In post","2023","Undeclared","Digital, Data & Technology","The National Archives","London","[c]","[c]","[c]","[c]"
"In post","2023","Undeclared","Digital, Data & Technology","UK Export Finance","London","[c]","[c]","[c]","[c]"
"In post","2023","Undeclared","Digital, Data & Technology","UK Statistics Authority","Outside London","25","25","[c]","[c]"
"In post","2023","Undeclared","Digital, Data & Technology","Water Services Regulation Authority","Outside London","[c]","[c]","[c]","[c]"
"In post","2023","Undeclared","Finance","Attorney General's Departments","London","[c]","[c]","[c]","[c]"
"In post","2023","Undeclared","Finance","Attorney General's Departments","Outside London","[c]","[c]","[c]","[c]"
"In post","2023","Undeclared","Finance","Cabinet Office","London","10","10","[c]","[c]"
"In post","2023","Undeclared","Finance","Cabinet Office","Outside London","[c]","[c]","[c]","[c]"
"In post","2023","Undeclared","Finance","Chancellor's other departments","London","[c]","[c]","[c]","[c]"
"In post","2023","Undeclared","Finance","Competition and Markets Authority","London","[c]","[c]","[c]","[c]"
"In post","2023","Undeclared","Finance","Department for Business, Energy and Industrial Strategy","London","10","10","[c]","[c]"
"In post","2023","Undeclared","Finance","Department for Business, Energy and Industrial Strategy","Outside London","[c]","[c]","[c]","[c]"
"In post","2023","Undeclared","Finance","Department for Digital, Culture, Media and Sport","London","[c]","[c]","[c]","[c]"
"In post","2023","Undeclared","Finance","Department for Education","London","[c]","[c]","[c]","[c]"
"In post","2023","Undeclared","Finance","Department for Education","Outside London","20","20","[c]","[c]"
"In post","2023","Undeclared","Finance","Department for Environment, Food and Rural Affairs","Outside London","15","15","[c]","[c]"
"In post","2023","Undeclared","Finance","Department for International Trade","London","[c]","[c]","[c]","[c]"
"In post","2023","Undeclared","Finance","Department for International Trade","Outside London","[c]","[c]","[c]","[c]"
"In post","2023","Undeclared","Finance","Department for Levelling Up, Housing and Communities","London","[c]","[c]","[c]","[c]"
"In post","2023","Undeclared","Finance","Department for Levelling Up, Housing and Communities","Outside London","[c]","[c]","[c]","[c]"
"In post","2023","Undeclared","Finance","Department for Transport","London","5","5","[c]","[c]"
"In post","2023","Undeclared","Finance","Department for Transport","Outside London","10","10","[c]","[c]"
"In post","2023","Undeclared","Finance","Department for Work and Pensions","London","25","25","[c]","[c]"
"In post","2023","Undeclared","Finance","Department for Work and Pensions","Outside London","95","85","38080","34170"
"In post","2023","Undeclared","Finance","Department for Work and Pensions","Unknown","[c]","[c]","[c]","[c]"
"In post","2023","Undeclared","Finance","Department of Health and Social Care","London","5","5","[c]","[c]"
"In post","2023","Undeclared","Finance","Food Standards Agency","Outside London","[c]","[c]","[c]","[c]"
"In post","2023","Undeclared","Finance","Foreign, Commonwealth and Development Office","Outside London","10","10","[c]","[c]"
"In post","2023","Undeclared","Finance","Foreign, Commonwealth and Development Office","Overseas","[c]","[c]","[c]","[c]"
"In post","2023","Undeclared","Finance","HM Land Registry","Outside London","[c]","[c]","[c]","[c]"
"In post","2023","Undeclared","Finance","HM Revenue and Customs","London","20","20","[c]","[c]"
"In post","2023","Undeclared","Finance","HM Revenue and Customs","Outside London","90","80","32730","28130"
"In post","2023","Undeclared","Finance","HM Treasury","London","30","25","[c]","[c]"
"In post","2023","Undeclared","Finance","HM Treasury","Outside London","[c]","[c]","[c]","[c]"
"In post","2023","Undeclared","Finance","Home Office","London","10","10","[c]","[c]"
"In post","2023","Undeclared","Finance","Home Office","Outside London","[c]","[c]","[c]","[c]"
"In post","2023","Undeclared","Finance","Ministry of Defence","London","5","5","[c]","[c]"
"In post","2023","Undeclared","Finance","Ministry of Defence","Outside London","105","100","40310","36300"
"In post","2023","Undeclared","Finance","Ministry of Defence","Overseas","[c]","[c]","[c]","[c]"
"In post","2023","Undeclared","Finance","Ministry of Justice","London","5","5","[c]","[c]"
"In post","2023","Undeclared","Finance","Ministry of Justice","Outside London","15","15","[c]","[c]"
"In post","2023","Undeclared","Finance","National Crime Agency","Outside London","[c]","[c]","[c]","[c]"
"In post","2023","Undeclared","Finance","Office of Gas and Electricity Markets","London","[c]","[c]","[c]","[c]"
"In post","2023","Undeclared","Finance","Office of Gas and Electricity Markets","Outside London","[c]","[c]","[c]","[c]"
"In post","2023","Undeclared","Finance","Scottish Government","Outside London","[c]","[c]","[c]","[c]"
"In post","2023","Undeclared","Grants Management","Department for Environment, Food and Rural Affairs","Outside London","160","150","25830","22150"
"In post","2023","Undeclared","Grants Management","Home Office","London","[c]","[c]","[c]","[c]"
"In post","2023","Undeclared","Human Resources","Attorney General's Departments","London","[c]","[c]","[c]","[c]"
"In post","2023","Undeclared","Human Resources","Attorney General's Departments","Outside London","[c]","[c]","[c]","[c]"
"In post","2023","Undeclared","Human Resources","Cabinet Office","London","15","15","[c]","[c]"
"In post","2023","Undeclared","Human Resources","Cabinet Office","Outside London","15","15","[c]","[c]"
"In post","2023","Undeclared","Human Resources","Competition and Markets Authority","London","[c]","[c]","[c]","[c]"
"In post","2023","Undeclared","Human Resources","Department for Business, Energy and Industrial Strategy","London","[c]","[c]","[c]","[c]"
"In post","2023","Undeclared","Human Resources","Department for Business, Energy and Industrial Strategy","Outside London","[c]","[c]","[c]","[c]"
"In post","2023","Undeclared","Human Resources","Department for Digital, Culture, Media and Sport","London","[c]","[c]","[c]","[c]"
"In post","2023","Undeclared","Human Resources","Department for Education","London","[c]","[c]","[c]","[c]"
"In post","2023","Undeclared","Human Resources","Department for Education","Outside London","[c]","[c]","[c]","[c]"
"In post","2023","Undeclared","Human Resources","Department for Environment, Food and Rural Affairs","London","[c]","[c]","[c]","[c]"
"In post","2023","Undeclared","Human Resources","Department for Environment, Food and Rural Affairs","Outside London","[c]","[c]","[c]","[c]"
"In post","2023","Undeclared","Human Resources","Department for International Trade","London","[c]","[c]","[c]","[c]"
"In post","2023","Undeclared","Human Resources","Department for International Trade","Outside London","[c]","[c]","[c]","[c]"
"In post","2023","Undeclared","Human Resources","Department for Levelling Up, Housing and Communities","London","[c]","[c]","[c]","[c]"
"In post","2023","Undeclared","Human Resources","Department for Transport","London","[c]","[c]","[c]","[c]"
"In post","2023","Undeclared","Human Resources","Department for Transport","Outside London","10","10","[c]","[c]"
"In post","2023","Undeclared","Human Resources","Department for Work and Pensions","London","10","10","[c]","[c]"
"In post","2023","Undeclared","Human Resources","Department for Work and Pensions","Outside London","60","55","34880","30550"
"In post","2023","Undeclared","Human Resources","Department of Health and Social Care","London","[c]","[c]","[c]","[c]"
"In post","2023","Undeclared","Human Resources","Department of Health and Social Care","Outside London","5","5","[c]","[c]"
"In post","2023","Undeclared","Human Resources","Foreign, Commonwealth and Development Office","London","10","10","[c]","[c]"
"In post","2023","Undeclared","Human Resources","Foreign, Commonwealth and Development Office","Outside London","[c]","[c]","[c]","[c]"
"In post","2023","Undeclared","Human Resources","HM Revenue and Customs","London","5","5","[c]","[c]"
"In post","2023","Undeclared","Human Resources","HM Revenue and Customs","Outside London","20","20","[c]","[c]"
"In post","2023","Undeclared","Human Resources","HM Treasury","London","5","5","[c]","[c]"
"In post","2023","Undeclared","Human Resources","Home Office","London","15","15","[c]","[c]"
"In post","2023","Undeclared","Human Resources","Home Office","Outside London","[c]","[c]","[c]","[c]"
"In post","2023","Undeclared","Human Resources","Ministry of Defence","London","15","15","[c]","[c]"
"In post","2023","Undeclared","Human Resources","Ministry of Defence","Outside London","195","190","34160","33470"
"In post","2023","Undeclared","Human Resources","Ministry of Defence","Overseas","[c]","[c]","[c]","[c]"
"In post","2023","Undeclared","Human Resources","Ministry of Justice","London","20","15","[c]","[c]"
"In post","2023","Undeclared","Human Resources","Ministry of Justice","Outside London","20","20","[c]","[c]"
"In post","2023","Undeclared","Human Resources","National Crime Agency","Outside London","[c]","[c]","[c]","[c]"
"In post","2023","Undeclared","Human Resources","Office for Standards in Education, Children's Services and Skills","Outside London","[c]","[c]","[c]","[c]"
"In post","2023","Undeclared","Human Resources","Office of Gas and Electricity Markets","London","[c]","[c]","[c]","[c]"
"In post","2023","Undeclared","Human Resources","Scottish Government","Outside London","5","5","[c]","[c]"
"In post","2023","Undeclared","Human Resources","UK Export Finance","London","[c]","[c]","[c]","[c]"
"In post","2023","Undeclared","Human Resources","UK Statistics Authority","Outside London","[c]","[c]","[c]","[c]"
"In post","2023","Undeclared","Internal Audit","Department for Transport","Outside London","[c]","[c]","[c]","[c]"
"In post","2023","Undeclared","Internal Audit","Foreign, Commonwealth and Development Office","Outside London","[c]","[c]","[c]","[c]"
"In post","2023","Undeclared","Internal Audit","HM Revenue and Customs","London","[c]","[c]","[c]","[c]"
"In post","2023","Undeclared","Internal Audit","HM Revenue and Customs","Outside London","[c]","[c]","[c]","[c]"
"In post","2023","Undeclared","Internal Audit","HM Treasury","London","5","5","[c]","[c]"
"In post","2023","Undeclared","Internal Audit","HM Treasury","Outside London","[c]","[c]","[c]","[c]"
"In post","2023","Undeclared","Internal Audit","Ministry of Defence","London","[c]","[c]","[c]","[c]"
"In post","2023","Undeclared","Internal Audit","Ministry of Defence","Outside London","5","5","[c]","[c]"
"In post","2023","Undeclared","Internal Audit","Ministry of Justice","Outside London","[c]","[c]","[c]","[c]"
"In post","2023","Undeclared","Internal Audit","Scottish Government","Outside London","[c]","[c]","[c]","[c]"
"In post","2023","Undeclared","Internal Audit","UK Statistics Authority","Outside London","[c]","[c]","[c]","[c]"
"In post","2023","Undeclared","Legal","Attorney General's Departments","London","125","115","54300","55170"
"In post","2023","Undeclared","Legal","Attorney General's Departments","Outside London","80","75","39460","35550"
"In post","2023","Undeclared","Legal","Cabinet Office","London","[c]","[c]","[c]","[c]"
"In post","2023","Undeclared","Legal","Charity Commission","London","[c]","[c]","[c]","[c]"
"In post","2023","Undeclared","Legal","Competition and Markets Authority","London","5","5","[c]","[c]"
"In post","2023","Undeclared","Legal","Department for Business, Energy and Industrial Strategy","Outside London","[c]","[c]","[c]","[c]"
"In post","2023","Undeclared","Legal","Department for Education","London","[c]","[c]","[c]","[c]"
"In post","2023","Undeclared","Legal","Department for Education","Outside London","[c]","[c]","[c]","[c]"
"In post","2023","Undeclared","Legal","Department for Transport","Outside London","[c]","[c]","[c]","[c]"
"In post","2023","Undeclared","Legal","Department for Work and Pensions","Outside London","5","5","[c]","[c]"
"In post","2023","Undeclared","Legal","Department of Health and Social Care","London","[c]","[c]","[c]","[c]"
"In post","2023","Undeclared","Legal","Food Standards Agency","London","[c]","[c]","[c]","[c]"
"In post","2023","Undeclared","Legal","Foreign, Commonwealth and Development Office","London","[c]","[c]","[c]","[c]"
"In post","2023","Undeclared","Legal","Foreign, Commonwealth and Development Office","Outside London","[c]","[c]","[c]","[c]"
"In post","2023","Undeclared","Legal","HM Land Registry","London","[c]","[c]","[c]","[c]"
"In post","2023","Undeclared","Legal","HM Land Registry","Outside London","15","10","[c]","[c]"
"In post","2023","Undeclared","Legal","HM Revenue and Customs","London","15","15","[c]","[c]"
"In post","2023","Undeclared","Legal","HM Revenue and Customs","Outside London","45","40","39870","35000"
"In post","2023","Undeclared","Legal","HM Treasury","London","[c]","[c]","[c]","[c]"
"In post","2023","Undeclared","Legal","Ministry of Defence","Outside London","5","5","[c]","[c]"
"In post","2023","Undeclared","Legal","Ministry of Justice","London","[c]","[c]","[c]","[c]"
"In post","2023","Undeclared","Legal","Ministry of Justice","Outside London","[c]","[c]","[c]","[c]"
"In post","2023","Undeclared","Legal","National Crime Agency","London","[c]","[c]","[c]","[c]"
"In post","2023","Undeclared","Legal","Office of Gas and Electricity Markets","London","[c]","[c]","[c]","[c]"
"In post","2023","Undeclared","Legal","Office of Qualifications and Examinations Regulation","Outside London","[c]","[c]","[c]","[c]"
"In post","2023","Undeclared","Legal","Office of Rail and Road","London","[c]","[c]","[c]","[c]"
"In post","2023","Undeclared","Legal","Office of Rail and Road","Outside London","[c]","[c]","[c]","[c]"
"In post","2023","Undeclared","Legal","Scottish Government","Outside London","30","25","63670","65280"
"In post","2023","Undeclared","Legal","UK Export Finance","London","[c]","[c]","[c]","[c]"
"In post","2023","Undeclared","Legal","UK Supreme Court","London","[c]","[c]","[c]","[c]"
"In post","2023","Undeclared","Legal","Water Services Regulation Authority","London","[c]","[c]","[c]","[c]"
"In post","2023","Undeclared","Legal","Water Services Regulation Authority","Outside London","[c]","[c]","[c]","[c]"
"In post","2023","Undeclared","No function","Attorney General's Departments","London","[c]","[c]","[c]","[c]"
"In post","2023","Undeclared","No function","Cabinet Office","London","45","45","47880","44770"
"In post","2023","Undeclared","No function","Cabinet Office","Outside London","10","10","[c]","[c]"
"In post","2023","Undeclared","No function","Chancellor's other departments","London","5","5","[c]","[c]"
"In post","2023","Undeclared","No function","Chancellor's other departments","Outside London","[c]","[c]","[c]","[c]"
"In post","2023","Undeclared","No function","Charity Commission","London","[c]","[c]","[c]","[c]"
"In post","2023","Undeclared","No function","Charity Commission","Outside London","[c]","[c]","[c]","[c]"
"In post","2023","Undeclared","No function","Department for Business, Energy and Industrial Strategy","London","210","205","53010","55120"
"In post","2023","Undeclared","No function","Department for Business, Energy and Industrial Strategy","Outside London","125","120","40040","35190"
"In post","2023","Undeclared","No function","Department for Digital, Culture, Media and Sport","London","35","30","47610","52760"
"In post","2023","Undeclared","No function","Department for Digital, Culture, Media and Sport","Outside London","[c]","[c]","[c]","[c]"
"In post","2023","Undeclared","No function","Department for Education","London","45","40","47060","43130"
"In post","2023","Undeclared","No function","Department for Education","Outside London","65","60","40060","37590"
"In post","2023","Undeclared","No function","Department for Environment, Food and Rural Affairs","London","65","60","43340","40260"
"In post","2023","Undeclared","No function","Department for Environment, Food and Rural Affairs","Outside London","225","215","34710","31200"
"In post","2023","Undeclared","No function","Department for International Trade","London","40","40","50380","55370"
"In post","2023","Undeclared","No function","Department for International Trade","Outside London","10","10","[c]","[c]"
"In post","2023","Undeclared","No function","Department for International Trade","Overseas","[c]","[c]","[c]","[c]"
"In post","2023","Undeclared","No function","Department for Levelling Up, Housing and Communities","London","35","35","48420","47320"
"In post","2023","Undeclared","No function","Department for Levelling Up, Housing and Communities","Outside London","50","45","45370","41560"
"In post","2023","Undeclared","No function","Department for Transport","London","115","110","45590","43320"
"In post","2023","Undeclared","No function","Department for Transport","Outside London","640","605","30810","27450"
"In post","2023","Undeclared","No function","Department for Transport","Overseas","[c]","[c]","[c]","[c]"
"In post","2023","Undeclared","No function","Department for Work and Pensions","London","435","385","31810","32520"
"In post","2023","Undeclared","No function","Department for Work and Pensions","Outside London","2530","2215","27660","28120"
"In post","2023","Undeclared","No function","Department for Work and Pensions","Unknown","10","10","[c]","[c]"
"In post","2023","Undeclared","No function","Department of Health and Social Care","London","130","120","52610","48280"
"In post","2023","Undeclared","No function","Department of Health and Social Care","Outside London","165","155","45460","41280"
"In post","2023","Undeclared","No function","Department of Health and Social Care","Unknown","[c]","[c]","[c]","[c]"
"In post","2023","Undeclared","No function","Food Standards Agency","London","[c]","[c]","[c]","[c]"
"In post","2023","Undeclared","No function","Food Standards Agency","Outside London","20","20","[c]","[c]"
"In post","2023","Undeclared","No function","Foreign, Commonwealth and Development Office","London","85","85","54010","44450"
"In post","2023","Undeclared","No function","Foreign, Commonwealth and Development Office","Outside London","[c]","[c]","[c]","[c]"
"In post","2023","Undeclared","No function","Foreign, Commonwealth and Development Office","Overseas","95","95","51010","53980"
"In post","2023","Undeclared","No function","HM Land Registry","London","5","5","[c]","[c]"
"In post","2023","Undeclared","No function","HM Land Registry","Outside London","165","140","32880","34850"
"In post","2023","Undeclared","No function","HM Revenue and Customs","London","135","125","47850","42060"
"In post","2023","Undeclared","No function","HM Revenue and Customs","Outside London","960","875","34180","29730"
"In post","2023","Undeclared","No function","HM Treasury","London","55","55","63920","54980"
"In post","2023","Undeclared","No function","HM Treasury","Outside London","[c]","[c]","[c]","[c]"
"In post","2023","Undeclared","No function","Home Office","London","625","590","40490","36180"
"In post","2023","Undeclared","No function","Home Office","Outside London","1060","965","30620","27650"
"In post","2023","Undeclared","No function","Home Office","Overseas","15","15","[c]","[c]"
"In post","2023","Undeclared","No function","Home Office","Unknown","20","20","[c]","[c]"
"In post","2023","Undeclared","No function","Ministry of Defence","London","125","120","45370","45640"
"In post","2023","Undeclared","No function","Ministry of Defence","Outside London","940","905","34840","32910"
"In post","2023","Undeclared","No function","Ministry of Defence","Overseas","10","10","[c]","[c]"
"In post","2023","Undeclared","No function","Ministry of Justice","London","485","465","36110","33050"
"In post","2023","Undeclared","No function","Ministry of Justice","Outside London","1730","1605","30590","29050"
"In post","2023","Undeclared","No function","Ministry of Justice","Unknown","[c]","[c]","[c]","[c]"
"In post","2023","Undeclared","No function","National Crime Agency","London","55","55","45100","42240"
"In post","2023","Undeclared","No function","National Crime Agency","Outside London","110","105","39670","38310"
"In post","2023","Undeclared","No function","National Crime Agency","Overseas","5","5","[c]","[c]"
"In post","2023","Undeclared","No function","National Crime Agency","Unknown","[c]","[c]","[c]","[c]"
"In post","2023","Undeclared","No function","Office for Standards in Education, Children's Services and Skills","London","[c]","[c]","[c]","[c]"
"In post","2023","Undeclared","No function","Office for Standards in Education, Children's Services and Skills","Outside London","10","10","[c]","[c]"
"In post","2023","Undeclared","No function","Office of Gas and Electricity Markets","London","15","15","[c]","[c]"
"In post","2023","Undeclared","No function","Office of Gas and Electricity Markets","Outside London","15","15","[c]","[c]"
"In post","2023","Undeclared","No function","Office of Qualifications and Examinations Regulation","Outside London","[c]","[c]","[c]","[c]"
"In post","2023","Undeclared","No function","Office of Rail and Road","London","10","5","[c]","[c]"
"In post","2023","Undeclared","No function","Office of Rail and Road","Outside London","15","10","[c]","[c]"
"In post","2023","Undeclared","No function","Scottish Government","Outside London","340","315","36730","37060"
"In post","2023","Undeclared","No function","UK Statistics Authority","London","[c]","[c]","[c]","[c]"
"In post","2023","Undeclared","No function","UK Statistics Authority","Outside London","40","30","30010","24970"
"In post","2023","Undeclared","No function","Water Services Regulation Authority","London","[c]","[c]","[c]","[c]"
"In post","2023","Undeclared","Project Delivery","Cabinet Office","London","10","10","[c]","[c]"
"In post","2023","Undeclared","Project Delivery","Cabinet Office","Outside London","5","5","[c]","[c]"
"In post","2023","Undeclared","Project Delivery","Chancellor's other departments","London","[c]","[c]","[c]","[c]"
"In post","2023","Undeclared","Project Delivery","Chancellor's other departments","Outside London","[c]","[c]","[c]","[c]"
"In post","2023","Undeclared","Project Delivery","Competition and Markets Authority","London","10","10","[c]","[c]"
"In post","2023","Undeclared","Project Delivery","Competition and Markets Authority","Outside London","[c]","[c]","[c]","[c]"
"In post","2023","Undeclared","Project Delivery","Department for Business, Energy and Industrial Strategy","London","[c]","[c]","[c]","[c]"
"In post","2023","Undeclared","Project Delivery","Department for Business, Energy and Industrial Strategy","Outside London","5","5","[c]","[c]"
"In post","2023","Undeclared","Project Delivery","Department for Digital, Culture, Media and Sport","Outside London","[c]","[c]","[c]","[c]"
"In post","2023","Undeclared","Project Delivery","Department for Education","London","10","10","[c]","[c]"
"In post","2023","Undeclared","Project Delivery","Department for Education","Outside London","35","35","51430","51460"
"In post","2023","Undeclared","Project Delivery","Department for Environment, Food and Rural Affairs","Outside London","10","10","[c]","[c]"
"In post","2023","Undeclared","Project Delivery","Department for International Trade","London","[c]","[c]","[c]","[c]"
"In post","2023","Undeclared","Project Delivery","Department for Levelling Up, Housing and Communities","London","[c]","[c]","[c]","[c]"
"In post","2023","Undeclared","Project Delivery","Department for Levelling Up, Housing and Communities","Outside London","[c]","[c]","[c]","[c]"
"In post","2023","Undeclared","Project Delivery","Department for Transport","London","15","15","[c]","[c]"
"In post","2023","Undeclared","Project Delivery","Department for Transport","Outside London","10","10","[c]","[c]"
"In post","2023","Undeclared","Project Delivery","Department for Work and Pensions","London","15","10","[c]","[c]"
"In post","2023","Undeclared","Project Delivery","Department for Work and Pensions","Outside London","50","45","39320","34650"
"In post","2023","Undeclared","Project Delivery","Department of Health and Social Care","London","10","10","[c]","[c]"
"In post","2023","Undeclared","Project Delivery","Department of Health and Social Care","Outside London","[c]","[c]","[c]","[c]"
"In post","2023","Undeclared","Project Delivery","Foreign, Commonwealth and Development Office","London","20","20","[c]","[c]"
"In post","2023","Undeclared","Project Delivery","Foreign, Commonwealth and Development Office","Outside London","[c]","[c]","[c]","[c]"
"In post","2023","Undeclared","Project Delivery","Foreign, Commonwealth and Development Office","Overseas","[c]","[c]","[c]","[c]"
"In post","2023","Undeclared","Project Delivery","HM Land Registry","London","[c]","[c]","[c]","[c]"
"In post","2023","Undeclared","Project Delivery","HM Land Registry","Outside London","[c]","[c]","[c]","[c]"
"In post","2023","Undeclared","Project Delivery","HM Revenue and Customs","London","75","70","57990","65230"
"In post","2023","Undeclared","Project Delivery","HM Revenue and Customs","Outside London","150","140","44240","42510"
"In post","2023","Undeclared","Project Delivery","HM Treasury","London","5","5","[c]","[c]"
"In post","2023","Undeclared","Project Delivery","HM Treasury","Outside London","[c]","[c]","[c]","[c]"
"In post","2023","Undeclared","Project Delivery","Home Office","London","[c]","[c]","[c]","[c]"
"In post","2023","Undeclared","Project Delivery","Ministry of Defence","London","5","5","[c]","[c]"
"In post","2023","Undeclared","Project Delivery","Ministry of Defence","Outside London","360","350","46500","42950"
"In post","2023","Undeclared","Project Delivery","Ministry of Defence","Overseas","[c]","[c]","[c]","[c]"
"In post","2023","Undeclared","Project Delivery","Ministry of Justice","London","5","5","[c]","[c]"
"In post","2023","Undeclared","Project Delivery","Ministry of Justice","Outside London","5","5","[c]","[c]"
"In post","2023","Undeclared","Project Delivery","National Crime Agency","Outside London","[c]","[c]","[c]","[c]"
"In post","2023","Undeclared","Project Delivery","Northern Ireland Office","London","[c]","[c]","[c]","[c]"
"In post","2023","Undeclared","Project Delivery","Office of Gas and Electricity Markets","London","[c]","[c]","[c]","[c]"
"In post","2023","Undeclared","Project Delivery","Office of Gas and Electricity Markets","Outside London","[c]","[c]","[c]","[c]"
"In post","2023","Undeclared","Project Delivery","Scottish Government","Outside London","[c]","[c]","[c]","[c]"
"In post","2023","Undeclared","Project Delivery","UK Export Finance","London","[c]","[c]","[c]","[c]"
"In post","2023","Undeclared","Project Delivery","UK Statistics Authority","London","[c]","[c]","[c]","[c]"
"In post","2023","Undeclared","Project Delivery","UK Statistics Authority","Outside London","[c]","[c]","[c]","[c]"
"In post","2023","Undeclared","Project Delivery","Water Services Regulation Authority","London","[c]","[c]","[c]","[c]"
"In post","2023","Undeclared","Property","Cabinet Office","London","[c]","[c]","[c]","[c]"
"In post","2023","Undeclared","Property","Cabinet Office","Outside London","10","10","[c]","[c]"
"In post","2023","Undeclared","Property","Department for Education","Outside London","[c]","[c]","[c]","[c]"
"In post","2023","Undeclared","Property","Department for Environment, Food and Rural Affairs","Outside London","15","15","[c]","[c]"
"In post","2023","Undeclared","Property","Department for International Trade","London","[c]","[c]","[c]","[c]"
"In post","2023","Undeclared","Property","Department for Transport","London","[c]","[c]","[c]","[c]"
"In post","2023","Undeclared","Property","Department for Transport","Outside London","10","10","[c]","[c]"
"In post","2023","Undeclared","Property","Department for Work and Pensions","London","[c]","[c]","[c]","[c]"
"In post","2023","Undeclared","Property","Department for Work and Pensions","Outside London","10","10","[c]","[c]"
"In post","2023","Undeclared","Property","Department for Work and Pensions","Unknown","[c]","[c]","[c]","[c]"
"In post","2023","Undeclared","Property","Foreign, Commonwealth and Development Office","London","[c]","[c]","[c]","[c]"
"In post","2023","Undeclared","Property","Foreign, Commonwealth and Development Office","Outside London","5","5","[c]","[c]"
"In post","2023","Undeclared","Property","Foreign, Commonwealth and Development Office","Overseas","[c]","[c]","[c]","[c]"
"In post","2023","Undeclared","Property","HM Land Registry","Outside London","[c]","[c]","[c]","[c]"
"In post","2023","Undeclared","Property","HM Revenue and Customs","London","40","35","45910","40190"
"In post","2023","Undeclared","Property","HM Revenue and Customs","Outside London","135","125","37030","34450"
"In post","2023","Undeclared","Property","HM Treasury","London","[c]","[c]","[c]","[c]"
"In post","2023","Undeclared","Property","Home Office","London","[c]","[c]","[c]","[c]"
"In post","2023","Undeclared","Property","Home Office","Outside London","[c]","[c]","[c]","[c]"
"In post","2023","Undeclared","Property","Ministry of Defence","London","[c]","[c]","[c]","[c]"
"In post","2023","Undeclared","Property","Ministry of Defence","Outside London","65","60","35800","34300"
"In post","2023","Undeclared","Property","Ministry of Defence","Overseas","[c]","[c]","[c]","[c]"
"In post","2023","Undeclared","Property","Ministry of Justice","London","5","5","[c]","[c]"
"In post","2023","Undeclared","Property","Ministry of Justice","Outside London","10","10","[c]","[c]"
"In post","2023","Undeclared","Property","National Crime Agency","London","[c]","[c]","[c]","[c]"
"In post","2023","Undeclared","Property","National Crime Agency","Outside London","[c]","[c]","[c]","[c]"
"In post","2023","Undeclared","Property","Scottish Government","Outside London","15","15","[c]","[c]"
"In post","2023","Undeclared","Property","UK Supreme Court","London","[c]","[c]","[c]","[c]"
"In post","2023","Undeclared","Security","Attorney General's Departments","London","[c]","[c]","[c]","[c]"
"In post","2023","Undeclared","Security","Cabinet Office","London","10","10","[c]","[c]"
"In post","2023","Undeclared","Security","Cabinet Office","Outside London","35","35","34460","34320"
"In post","2023","Undeclared","Security","Cabinet Office","Unknown","[c]","[c]","[c]","[c]"
"In post","2023","Undeclared","Security","Department for Business, Energy and Industrial Strategy","London","[c]","[c]","[c]","[c]"
"In post","2023","Undeclared","Security","Department for Business, Energy and Industrial Strategy","Outside London","[c]","[c]","[c]","[c]"
"In post","2023","Undeclared","Security","Department for Digital, Culture, Media and Sport","London","[c]","[c]","[c]","[c]"
"In post","2023","Undeclared","Security","Department for Transport","London","15","15","[c]","[c]"
"In post","2023","Undeclared","Security","Department for Transport","Outside London","10","10","[c]","[c]"
"In post","2023","Undeclared","Security","Department for Work and Pensions","London","[c]","[c]","[c]","[c]"
"In post","2023","Undeclared","Security","Department for Work and Pensions","Outside London","5","5","[c]","[c]"
"In post","2023","Undeclared","Security","Department of Health and Social Care","Outside London","[c]","[c]","[c]","[c]"
"In post","2023","Undeclared","Security","Foreign, Commonwealth and Development Office","London","25","25","[c]","[c]"
"In post","2023","Undeclared","Security","Foreign, Commonwealth and Development Office","Outside London","15","15","[c]","[c]"
"In post","2023","Undeclared","Security","Foreign, Commonwealth and Development Office","Overseas","10","10","[c]","[c]"
"In post","2023","Undeclared","Security","HM Revenue and Customs","London","[c]","[c]","[c]","[c]"
"In post","2023","Undeclared","Security","HM Revenue and Customs","Outside London","10","10","[c]","[c]"
"In post","2023","Undeclared","Security","Home Office","London","15","15","[c]","[c]"
"In post","2023","Undeclared","Security","Home Office","Outside London","5","5","[c]","[c]"
"In post","2023","Undeclared","Security","Ministry of Defence","London","20","20","[c]","[c]"
"In post","2023","Undeclared","Security","Ministry of Defence","Outside London","270","265","35740","39860"
"In post","2023","Undeclared","Security","Ministry of Defence","Overseas","[c]","[c]","[c]","[c]"
"In post","2023","Undeclared","Security","Ministry of Justice","London","[c]","[c]","[c]","[c]"
"In post","2023","Undeclared","Security","Ministry of Justice","Outside London","[c]","[c]","[c]","[c]"
"In post","2023","Undeclared","Security","National Crime Agency","London","[c]","[c]","[c]","[c]"
"In post","2023","Undeclared","Security","National Crime Agency","Outside London","[c]","[c]","[c]","[c]"
"In post","2023","Undeclared","Security","Office of Gas and Electricity Markets","Outside London","[c]","[c]","[c]","[c]"
"In post","2023","Undeclared","Unknown","Attorney General's Departments","London","[c]","[c]","[c]","[c]"
"In post","2023","Undeclared","Unknown","Attorney General's Departments","Outside London","[c]","[c]","[c]","[c]"
"In post","2023","Undeclared","Unknown","Cabinet Office","London","10","10","[c]","[c]"
"In post","2023","Undeclared","Unknown","Cabinet Office","Outside London","[c]","[c]","[c]","[c]"
"In post","2023","Undeclared","Unknown","Department for Education","London","5","5","[c]","[c]"
"In post","2023","Undeclared","Unknown","Department for Education","Outside London","5","5","[c]","[c]"
"In post","2023","Undeclared","Unknown","Department for Work and Pensions","London","20","20","[c]","[c]"
"In post","2023","Undeclared","Unknown","Department for Work and Pensions","Outside London","20","20","[c]","[c]"
"In post","2023","Undeclared","Unknown","Department of Health and Social Care","London","[c]","[c]","[c]","[c]"
"In post","2023","Undeclared","Unknown","Foreign, Commonwealth and Development Office","London","5","5","[c]","[c]"
"In post","2023","Undeclared","Unknown","Foreign, Commonwealth and Development Office","Outside London","[c]","[c]","[c]","[c]"
"In post","2023","Undeclared","Unknown","Foreign, Commonwealth and Development Office","Overseas","[c]","[c]","[c]","[c]"
"In post","2023","Undeclared","Unknown","Ministry of Defence","Outside London","175","165","45870","49260"
"In post","2023","Undeclared","Unknown","Northern Ireland Office","London","[c]","[c]","[c]","[c]"
"In post","2023","Undeclared","Unknown","Northern Ireland Office","Outside London","[c]","[c]","[c]","[c]"
"In post","2023","Undeclared","Unknown","Office of Gas and Electricity Markets","London","[c]","[c]","[c]","[c]"
"In post","2023","Undeclared","Unknown","Office of Gas and Electricity Markets","Outside London","[c]","[c]","[c]","[c]"
"In post","2023","Undeclared","Unknown","Office of the Secretary of State for Scotland","London","[c]","[c]","[c]","[c]"
"In post","2023","Undeclared","Unknown","Scottish Government","Outside London","235","225","45080","38530"
"In post","2023","Undeclared","Unknown","Welsh Government","London","[c]","[c]","[c]","[c]"
"In post","2023","Undeclared","Unknown","Welsh Government","Outside London","240","230","45460","41700"
"In post","2023","Unknown","Analysis","Attorney General's Departments","London","[c]","[c]","[c]","[c]"
"In post","2023","Unknown","Analysis","Cabinet Office","London","5","5","[c]","[c]"
"In post","2023","Unknown","Analysis","Cabinet Office","Outside London","[c]","[c]","[c]","[c]"
"In post","2023","Unknown","Analysis","Chancellor's other departments","London","10","10","[c]","[c]"
"In post","2023","Unknown","Analysis","Chancellor's other departments","Outside London","[c]","[c]","[c]","[c]"
"In post","2023","Unknown","Analysis","Charity Commission","London","[c]","[c]","[c]","[c]"
"In post","2023","Unknown","Analysis","Charity Commission","Outside London","[c]","[c]","[c]","[c]"
"In post","2023","Unknown","Analysis","Competition and Markets Authority","London","5","5","[c]","[c]"
"In post","2023","Unknown","Analysis","Department for Business, Energy and Industrial Strategy","London","25","25","[c]","[c]"
"In post","2023","Unknown","Analysis","Department for Business, Energy and Industrial Strategy","Outside London","15","15","[c]","[c]"
"In post","2023","Unknown","Analysis","Department for Digital, Culture, Media and Sport","London","15","15","[c]","[c]"
"In post","2023","Unknown","Analysis","Department for Digital, Culture, Media and Sport","Outside London","[c]","[c]","[c]","[c]"
"In post","2023","Unknown","Analysis","Department for Education","London","10","10","[c]","[c]"
"In post","2023","Unknown","Analysis","Department for Education","Outside London","15","15","[c]","[c]"
"In post","2023","Unknown","Analysis","Department for Environment, Food and Rural Affairs","Outside London","30","30","[c]","[c]"
"In post","2023","Unknown","Analysis","Department for International Trade","London","55","55","48660","43350"
"In post","2023","Unknown","Analysis","Department for International Trade","Outside London","[c]","[c]","[c]","[c]"
"In post","2023","Unknown","Analysis","Department for Levelling Up, Housing and Communities","London","10","10","[c]","[c]"
"In post","2023","Unknown","Analysis","Department for Levelling Up, Housing and Communities","Outside London","5","5","[c]","[c]"
"In post","2023","Unknown","Analysis","Department for Transport","London","65","65","47970","55190"
"In post","2023","Unknown","Analysis","Department for Transport","Outside London","15","15","[c]","[c]"
"In post","2023","Unknown","Analysis","Department for Work and Pensions","London","15","15","[c]","[c]"
"In post","2023","Unknown","Analysis","Department for Work and Pensions","Outside London","30","30","41430","38470"
"In post","2023","Unknown","Analysis","Department of Health and Social Care","London","15","15","[c]","[c]"
"In post","2023","Unknown","Analysis","Department of Health and Social Care","Outside London","5","5","[c]","[c]"
"In post","2023","Unknown","Analysis","Estyn","Outside London","[c]","[c]","[c]","[c]"
"In post","2023","Unknown","Analysis","Food Standards Agency","London","[c]","[c]","[c]","[c]"
"In post","2023","Unknown","Analysis","Food Standards Agency","Outside London","5","5","[c]","[c]"
"In post","2023","Unknown","Analysis","Foreign, Commonwealth and Development Office","London","10","10","[c]","[c]"
"In post","2023","Unknown","Analysis","Foreign, Commonwealth and Development Office","Outside London","[c]","[c]","[c]","[c]"
"In post","2023","Unknown","Analysis","HM Land Registry","London","[c]","[c]","[c]","[c]"
"In post","2023","Unknown","Analysis","HM Land Registry","Outside London","5","5","[c]","[c]"
"In post","2023","Unknown","Analysis","HM Revenue and Customs","London","45","45","47430","45170"
"In post","2023","Unknown","Analysis","HM Revenue and Customs","Outside London","45","45","40800","41780"
"In post","2023","Unknown","Analysis","Home Office","London","150","145","39240","36710"
"In post","2023","Unknown","Analysis","Home Office","Outside London","15","15","[c]","[c]"
"In post","2023","Unknown","Analysis","Ministry of Defence","London","20","20","[c]","[c]"
"In post","2023","Unknown","Analysis","Ministry of Defence","Outside London","125","120","35970","33830"
"In post","2023","Unknown","Analysis","Ministry of Justice","London","125","120","45510","43650"
"In post","2023","Unknown","Analysis","Ministry of Justice","Outside London","35","35","36910","37680"
"In post","2023","Unknown","Analysis","Office for Standards in Education, Children's Services and Skills","London","[c]","[c]","[c]","[c]"
"In post","2023","Unknown","Analysis","Office for Standards in Education, Children's Services and Skills","Outside London","5","5","[c]","[c]"
"In post","2023","Unknown","Analysis","Office of Gas and Electricity Markets","London","[c]","[c]","[c]","[c]"
"In post","2023","Unknown","Analysis","Office of Gas and Electricity Markets","Outside London","[c]","[c]","[c]","[c]"
"In post","2023","Unknown","Analysis","Scottish Government","Outside London","[c]","[c]","[c]","[c]"
"In post","2023","Unknown","Analysis","UK Statistics Authority","London","15","15","[c]","[c]"
"In post","2023","Unknown","Analysis","UK Statistics Authority","Outside London","205","200","38280","37760"
"In post","2023","Unknown","Analysis","Welsh Government","Outside London","5","5","[c]","[c]"
"In post","2023","Unknown","Commercial","Attorney General's Departments","London","[c]","[c]","[c]","[c]"
"In post","2023","Unknown","Commercial","Attorney General's Departments","Outside London","[c]","[c]","[c]","[c]"
"In post","2023","Unknown","Commercial","Cabinet Office","London","70","65","59020","57790"
"In post","2023","Unknown","Commercial","Cabinet Office","Outside London","85","80","53470","44220"
"In post","2023","Unknown","Commercial","Cabinet Office","Unknown","[c]","[c]","[c]","[c]"
"In post","2023","Unknown","Commercial","Charity Commission","Outside London","[c]","[c]","[c]","[c]"
"In post","2023","Unknown","Commercial","Competition and Markets Authority","London","[c]","[c]","[c]","[c]"
"In post","2023","Unknown","Commercial","Department for Business, Energy and Industrial Strategy","London","[c]","[c]","[c]","[c]"
"In post","2023","Unknown","Commercial","Department for Business, Energy and Industrial Strategy","Outside London","20","20","[c]","[c]"
"In post","2023","Unknown","Commercial","Department for Digital, Culture, Media and Sport","London","[c]","[c]","[c]","[c]"
"In post","2023","Unknown","Commercial","Department for Digital, Culture, Media and Sport","Outside London","[c]","[c]","[c]","[c]"
"In post","2023","Unknown","Commercial","Department for Education","Outside London","15","15","[c]","[c]"
"In post","2023","Unknown","Commercial","Department for Environment, Food and Rural Affairs","London","[c]","[c]","[c]","[c]"
"In post","2023","Unknown","Commercial","Department for Environment, Food and Rural Affairs","Outside London","15","15","[c]","[c]"
"In post","2023","Unknown","Commercial","Department for International Trade","London","[c]","[c]","[c]","[c]"
"In post","2023","Unknown","Commercial","Department for International Trade","Outside London","[c]","[c]","[c]","[c]"
"In post","2023","Unknown","Commercial","Department for Levelling Up, Housing and Communities","London","[c]","[c]","[c]","[c]"
"In post","2023","Unknown","Commercial","Department for Levelling Up, Housing and Communities","Outside London","[c]","[c]","[c]","[c]"
"In post","2023","Unknown","Commercial","Department for Transport","London","20","20","[c]","[c]"
"In post","2023","Unknown","Commercial","Department for Transport","Outside London","20","20","[c]","[c]"
"In post","2023","Unknown","Commercial","Department for Work and Pensions","Outside London","5","5","[c]","[c]"
"In post","2023","Unknown","Commercial","Department of Health and Social Care","London","20","20","[c]","[c]"
"In post","2023","Unknown","Commercial","Department of Health and Social Care","Outside London","25","25","[c]","[c]"
"In post","2023","Unknown","Commercial","Food Standards Agency","London","[c]","[c]","[c]","[c]"
"In post","2023","Unknown","Commercial","Food Standards Agency","Outside London","[c]","[c]","[c]","[c]"
"In post","2023","Unknown","Commercial","Foreign, Commonwealth and Development Office","London","10","10","[c]","[c]"
"In post","2023","Unknown","Commercial","Foreign, Commonwealth and Development Office","Outside London","15","15","[c]","[c]"
"In post","2023","Unknown","Commercial","HM Land Registry","London","[c]","[c]","[c]","[c]"
"In post","2023","Unknown","Commercial","HM Land Registry","Outside London","[c]","[c]","[c]","[c]"
"In post","2023","Unknown","Commercial","HM Revenue and Customs","London","[c]","[c]","[c]","[c]"
"In post","2023","Unknown","Commercial","HM Revenue and Customs","Outside London","20","20","[c]","[c]"
"In post","2023","Unknown","Commercial","Home Office","London","15","15","[c]","[c]"
"In post","2023","Unknown","Commercial","Home Office","Outside London","15","15","[c]","[c]"
"In post","2023","Unknown","Commercial","Ministry of Defence","London","10","10","[c]","[c]"
"In post","2023","Unknown","Commercial","Ministry of Defence","Outside London","205","205","35460","33550"
"In post","2023","Unknown","Commercial","Ministry of Defence","Overseas","[c]","[c]","[c]","[c]"
"In post","2023","Unknown","Commercial","Ministry of Justice","London","10","10","[c]","[c]"
"In post","2023","Unknown","Commercial","Ministry of Justice","Outside London","20","20","[c]","[c]"
"In post","2023","Unknown","Commercial","Ministry of Justice","Unknown","[c]","[c]","[c]","[c]"
"In post","2023","Unknown","Commercial","National Crime Agency","London","[c]","[c]","[c]","[c]"
"In post","2023","Unknown","Commercial","National Crime Agency","Outside London","[c]","[c]","[c]","[c]"
"In post","2023","Unknown","Commercial","Scottish Government","Outside London","50","50","31840","28490"
"In post","2023","Unknown","Commercial","The National Archives","London","5","5","[c]","[c]"
"In post","2023","Unknown","Commercial","UK Statistics Authority","Outside London","[c]","[c]","[c]","[c]"
"In post","2023","Unknown","Communications","Attorney General's Departments","London","10","10","[c]","[c]"
"In post","2023","Unknown","Communications","Cabinet Office","London","75","75","51090","46530"
"In post","2023","Unknown","Communications","Cabinet Office","Outside London","[c]","[c]","[c]","[c]"
"In post","2023","Unknown","Communications","Cabinet Office","Unknown","[c]","[c]","[c]","[c]"
"In post","2023","Unknown","Communications","Charity Commission","London","5","5","[c]","[c]"
"In post","2023","Unknown","Communications","Charity Commission","Outside London","[c]","[c]","[c]","[c]"
"In post","2023","Unknown","Communications","Competition and Markets Authority","London","[c]","[c]","[c]","[c]"
"In post","2023","Unknown","Communications","Department for Business, Energy and Industrial Strategy","London","40","40","46080","44340"
"In post","2023","Unknown","Communications","Department for Business, Energy and Industrial Strategy","Outside London","20","15","[c]","[c]"
"In post","2023","Unknown","Communications","Department for Digital, Culture, Media and Sport","London","5","5","[c]","[c]"
"In post","2023","Unknown","Communications","Department for Digital, Culture, Media and Sport","Outside London","[c]","[c]","[c]","[c]"
"In post","2023","Unknown","Communications","Department for Education","London","10","10","[c]","[c]"
"In post","2023","Unknown","Communications","Department for Education","Outside London","15","15","[c]","[c]"
"In post","2023","Unknown","Communications","Department for Environment, Food and Rural Affairs","London","30","30","[c]","[c]"
"In post","2023","Unknown","Communications","Department for Environment, Food and Rural Affairs","Outside London","25","25","[c]","[c]"
"In post","2023","Unknown","Communications","Department for Environment, Food and Rural Affairs","Unknown","[c]","[c]","[c]","[c]"
"In post","2023","Unknown","Communications","Department for International Trade","London","30","30","47280","41720"
"In post","2023","Unknown","Communications","Department for International Trade","Outside London","[c]","[c]","[c]","[c]"
"In post","2023","Unknown","Communications","Department for Levelling Up, Housing and Communities","London","20","20","[c]","[c]"
"In post","2023","Unknown","Communications","Department for Levelling Up, Housing and Communities","Outside London","[c]","[c]","[c]","[c]"
"In post","2023","Unknown","Communications","Department for Transport","London","40","40","46710","43750"
"In post","2023","Unknown","Communications","Department for Transport","Outside London","20","20","[c]","[c]"
"In post","2023","Unknown","Communications","Department for Work and Pensions","London","20","20","[c]","[c]"
"In post","2023","Unknown","Communications","Department for Work and Pensions","Outside London","10","10","[c]","[c]"
"In post","2023","Unknown","Communications","Department of Health and Social Care","London","30","30","50790","48040"
"In post","2023","Unknown","Communications","Department of Health and Social Care","Outside London","[c]","[c]","[c]","[c]"
"In post","2023","Unknown","Communications","Food Standards Agency","London","[c]","[c]","[c]","[c]"
"In post","2023","Unknown","Communications","Food Standards Agency","Outside London","10","10","[c]","[c]"
"In post","2023","Unknown","Communications","Foreign, Commonwealth and Development Office","London","30","30","47830","45010"
"In post","2023","Unknown","Communications","Foreign, Commonwealth and Development Office","Outside London","[c]","[c]","[c]","[c]"
"In post","2023","Unknown","Communications","HM Land Registry","London","[c]","[c]","[c]","[c]"
"In post","2023","Unknown","Communications","HM Land Registry","Outside London","[c]","[c]","[c]","[c]"
"In post","2023","Unknown","Communications","HM Revenue and Customs","London","15","15","[c]","[c]"
"In post","2023","Unknown","Communications","HM Revenue and Customs","Outside London","30","25","[c]","[c]"
"In post","2023","Unknown","Communications","Home Office","London","40","40","44800","43930"
"In post","2023","Unknown","Communications","Home Office","Outside London","5","5","[c]","[c]"
"In post","2023","Unknown","Communications","Ministry of Defence","London","30","30","47040","42050"
"In post","2023","Unknown","Communications","Ministry of Defence","Outside London","50","45","39490","34500"
"In post","2023","Unknown","Communications","Ministry of Justice","London","50","50","45310","43650"
"In post","2023","Unknown","Communications","Ministry of Justice","Outside London","15","15","[c]","[c]"
"In post","2023","Unknown","Communications","National Crime Agency","London","[c]","[c]","[c]","[c]"
"In post","2023","Unknown","Communications","National Crime Agency","Outside London","[c]","[c]","[c]","[c]"
"In post","2023","Unknown","Communications","Northern Ireland Office","London","[c]","[c]","[c]","[c]"
"In post","2023","Unknown","Communications","Northern Ireland Office","Outside London","[c]","[c]","[c]","[c]"
"In post","2023","Unknown","Communications","Office of Gas and Electricity Markets","London","[c]","[c]","[c]","[c]"
"In post","2023","Unknown","Communications","Office of Rail and Road","Outside London","[c]","[c]","[c]","[c]"
"In post","2023","Unknown","Communications","Office of the Secretary of State for Scotland","London","5","5","[c]","[c]"
"In post","2023","Unknown","Communications","Office of the Secretary of State for Scotland","Outside London","[c]","[c]","[c]","[c]"
"In post","2023","Unknown","Communications","Office of the Secretary of State for Wales","Outside London","[c]","[c]","[c]","[c]"
"In post","2023","Unknown","Communications","Scottish Government","Outside London","[c]","[c]","[c]","[c]"
"In post","2023","Unknown","Communications","The National Archives","London","5","5","[c]","[c]"
"In post","2023","Unknown","Communications","UK Statistics Authority","London","[c]","[c]","[c]","[c]"
"In post","2023","Unknown","Communications","UK Statistics Authority","Outside London","15","15","[c]","[c]"
"In post","2023","Unknown","Communications","Welsh Government","Outside London","[c]","[c]","[c]","[c]"
"In post","2023","Unknown","Counter Fraud","Attorney General's Departments","London","35","35","53240","41680"
"In post","2023","Unknown","Counter Fraud","Cabinet Office","London","10","10","[c]","[c]"
"In post","2023","Unknown","Counter Fraud","Cabinet Office","Outside London","5","5","[c]","[c]"
"In post","2023","Unknown","Counter Fraud","Cabinet Office","Unknown","[c]","[c]","[c]","[c]"
"In post","2023","Unknown","Counter Fraud","Department for Business, Energy and Industrial Strategy","London","20","20","[c]","[c]"
"In post","2023","Unknown","Counter Fraud","Department for Business, Energy and Industrial Strategy","Outside London","70","70","33600","34870"
"In post","2023","Unknown","Counter Fraud","Department for Digital, Culture, Media and Sport","London","[c]","[c]","[c]","[c]"
"In post","2023","Unknown","Counter Fraud","Department for Digital, Culture, Media and Sport","Outside London","[c]","[c]","[c]","[c]"
"In post","2023","Unknown","Counter Fraud","Department for Transport","London","[c]","[c]","[c]","[c]"
"In post","2023","Unknown","Counter Fraud","Department for Transport","Outside London","5","5","[c]","[c]"
"In post","2023","Unknown","Counter Fraud","Department for Work and Pensions","London","50","45","34110","32520"
"In post","2023","Unknown","Counter Fraud","Department for Work and Pensions","Outside London","230","210","29120","28120"
"In post","2023","Unknown","Counter Fraud","Food Standards Agency","Outside London","[c]","[c]","[c]","[c]"
"In post","2023","Unknown","Counter Fraud","HM Land Registry","Outside London","[c]","[c]","[c]","[c]"
"In post","2023","Unknown","Counter Fraud","HM Revenue and Customs","London","405","390","38130","34850"
"In post","2023","Unknown","Counter Fraud","HM Revenue and Customs","Outside London","1225","1160","33180","28130"
"In post","2023","Unknown","Counter Fraud","Ministry of Defence","London","[c]","[c]","[c]","[c]"
"In post","2023","Unknown","Debt","Department for Work and Pensions","Outside London","135","125","22870","21690"
"In post","2023","Unknown","Debt","HM Revenue and Customs","London","130","120","28600","26920"
"In post","2023","Unknown","Debt","HM Revenue and Customs","Outside London","1280","1195","23570","22520"
"In post","2023","Unknown","Digital, Data & Technology","Attorney General's Departments","London","15","15","[c]","[c]"
"In post","2023","Unknown","Digital, Data & Technology","Attorney General's Departments","Outside London","10","10","[c]","[c]"
"In post","2023","Unknown","Digital, Data & Technology","Cabinet Office","London","105","100","55370","56430"
"In post","2023","Unknown","Digital, Data & Technology","Cabinet Office","Outside London","50","50","47430","50990"
"In post","2023","Unknown","Digital, Data & Technology","Cabinet Office","Unknown","[c]","[c]","[c]","[c]"
"In post","2023","Unknown","Digital, Data & Technology","Chancellor's other departments","London","[c]","[c]","[c]","[c]"
"In post","2023","Unknown","Digital, Data & Technology","Charity Commission","London","[c]","[c]","[c]","[c]"
"In post","2023","Unknown","Digital, Data & Technology","Charity Commission","Outside London","10","10","[c]","[c]"
"In post","2023","Unknown","Digital, Data & Technology","Competition and Markets Authority","London","[c]","[c]","[c]","[c]"
"In post","2023","Unknown","Digital, Data & Technology","Department for Business, Energy and Industrial Strategy","London","15","15","[c]","[c]"
"In post","2023","Unknown","Digital, Data & Technology","Department for Business, Energy and Industrial Strategy","Outside London","325","310","40750","38360"
"In post","2023","Unknown","Digital, Data & Technology","Department for Business, Energy and Industrial Strategy","Overseas","5","5","[c]","[c]"
"In post","2023","Unknown","Digital, Data & Technology","Department for Digital, Culture, Media and Sport","London","[c]","[c]","[c]","[c]"
"In post","2023","Unknown","Digital, Data & Technology","Department for Education","London","25","25","[c]","[c]"
"In post","2023","Unknown","Digital, Data & Technology","Department for Education","Outside London","85","80","43060","39310"
"In post","2023","Unknown","Digital, Data & Technology","Department for Environment, Food and Rural Affairs","London","20","15","[c]","[c]"
"In post","2023","Unknown","Digital, Data & Technology","Department for Environment, Food and Rural Affairs","Outside London","80","80","41770","38210"
"In post","2023","Unknown","Digital, Data & Technology","Department for International Trade","London","40","35","54150","55370"
"In post","2023","Unknown","Digital, Data & Technology","Department for International Trade","Outside London","5","5","[c]","[c]"
"In post","2023","Unknown","Digital, Data & Technology","Department for Levelling Up, Housing and Communities","London","20","20","[c]","[c]"
"In post","2023","Unknown","Digital, Data & Technology","Department for Levelling Up, Housing and Communities","Outside London","10","10","[c]","[c]"
"In post","2023","Unknown","Digital, Data & Technology","Department for Transport","London","20","20","[c]","[c]"
"In post","2023","Unknown","Digital, Data & Technology","Department for Transport","Outside London","150","150","41150","38760"
"In post","2023","Unknown","Digital, Data & Technology","Department for Work and Pensions","London","35","35","49320","43760"
"In post","2023","Unknown","Digital, Data & Technology","Department for Work and Pensions","Outside London","395","385","43960","38840"
"In post","2023","Unknown","Digital, Data & Technology","Department for Work and Pensions","Unknown","[c]","[c]","[c]","[c]"
"In post","2023","Unknown","Digital, Data & Technology","Department of Health and Social Care","London","60","60","49950","41870"
"In post","2023","Unknown","Digital, Data & Technology","Department of Health and Social Care","Outside London","50","50","48430","49590"
"In post","2023","Unknown","Digital, Data & Technology","Food Standards Agency","Outside London","[c]","[c]","[c]","[c]"
"In post","2023","Unknown","Digital, Data & Technology","Foreign, Commonwealth and Development Office","London","30","30","46460","43600"
"In post","2023","Unknown","Digital, Data & Technology","Foreign, Commonwealth and Development Office","Outside London","100","100","42280","39550"
"In post","2023","Unknown","Digital, Data & Technology","HM Land Registry","London","15","15","[c]","[c]"
"In post","2023","Unknown","Digital, Data & Technology","HM Land Registry","Outside London","140","140","36400","34850"
"In post","2023","Unknown","Digital, Data & Technology","HM Revenue and Customs","London","80","80","51900","42060"
"In post","2023","Unknown","Digital, Data & Technology","HM Revenue and Customs","Outside London","640","625","40050","35000"
"In post","2023","Unknown","Digital, Data & Technology","Home Office","London","280","275","44330","37860"
"In post","2023","Unknown","Digital, Data & Technology","Home Office","Outside London","230","225","44270","39210"
"In post","2023","Unknown","Digital, Data & Technology","Home Office","Unknown","[c]","[c]","[c]","[c]"
"In post","2023","Unknown","Digital, Data & Technology","Ministry of Defence","London","30","30","44790","42540"
"In post","2023","Unknown","Digital, Data & Technology","Ministry of Defence","Outside London","300","290","37320","33990"
"In post","2023","Unknown","Digital, Data & Technology","Ministry of Defence","Overseas","[c]","[c]","[c]","[c]"
"In post","2023","Unknown","Digital, Data & Technology","Ministry of Defence","Unknown","[c]","[c]","[c]","[c]"
"In post","2023","Unknown","Digital, Data & Technology","Ministry of Justice","London","135","135","49740","45860"
"In post","2023","Unknown","Digital, Data & Technology","Ministry of Justice","Outside London","140","140","43550","38000"
"In post","2023","Unknown","Digital, Data & Technology","National Crime Agency","London","5","5","[c]","[c]"
"In post","2023","Unknown","Digital, Data & Technology","National Crime Agency","Outside London","10","10","[c]","[c]"
"In post","2023","Unknown","Digital, Data & Technology","Northern Ireland Office","London","[c]","[c]","[c]","[c]"
"In post","2023","Unknown","Digital, Data & Technology","Northern Ireland Office","Outside London","[c]","[c]","[c]","[c]"
"In post","2023","Unknown","Digital, Data & Technology","Office for Standards in Education, Children's Services and Skills","London","[c]","[c]","[c]","[c]"
"In post","2023","Unknown","Digital, Data & Technology","Office for Standards in Education, Children's Services and Skills","Outside London","[c]","[c]","[c]","[c]"
"In post","2023","Unknown","Digital, Data & Technology","Office of Gas and Electricity Markets","London","[c]","[c]","[c]","[c]"
"In post","2023","Unknown","Digital, Data & Technology","Office of Gas and Electricity Markets","Outside London","[c]","[c]","[c]","[c]"
"In post","2023","Unknown","Digital, Data & Technology","Scottish Government","Outside London","90","90","40600","35310"
"In post","2023","Unknown","Digital, Data & Technology","The National Archives","London","15","15","[c]","[c]"
"In post","2023","Unknown","Digital, Data & Technology","UK Statistics Authority","London","5","5","[c]","[c]"
"In post","2023","Unknown","Digital, Data & Technology","UK Statistics Authority","Outside London","160","155","41740","37760"
"In post","2023","Unknown","Digital, Data & Technology","Welsh Government","Outside London","10","10","[c]","[c]"
"In post","2023","Unknown","Finance","Attorney General's Departments","London","10","10","[c]","[c]"
"In post","2023","Unknown","Finance","Attorney General's Departments","Outside London","5","5","[c]","[c]"
"In post","2023","Unknown","Finance","Cabinet Office","London","10","10","[c]","[c]"
"In post","2023","Unknown","Finance","Charity Commission","Outside London","[c]","[c]","[c]","[c]"
"In post","2023","Unknown","Finance","Department for Business, Energy and Industrial Strategy","London","5","5","[c]","[c]"
"In post","2023","Unknown","Finance","Department for Business, Energy and Industrial Strategy","Outside London","30","30","35680","31200"
"In post","2023","Unknown","Finance","Department for Digital, Culture, Media and Sport","London","5","5","[c]","[c]"
"In post","2023","Unknown","Finance","Department for Digital, Culture, Media and Sport","Outside London","[c]","[c]","[c]","[c]"
"In post","2023","Unknown","Finance","Department for Education","London","5","5","[c]","[c]"
"In post","2023","Unknown","Finance","Department for Education","Outside London","30","30","[c]","[c]"
"In post","2023","Unknown","Finance","Department for Environment, Food and Rural Affairs","London","10","5","[c]","[c]"
"In post","2023","Unknown","Finance","Department for Environment, Food and Rural Affairs","Outside London","30","30","41790","38290"
"In post","2023","Unknown","Finance","Department for Environment, Food and Rural Affairs","Unknown","[c]","[c]","[c]","[c]"
"In post","2023","Unknown","Finance","Department for International Trade","London","15","15","[c]","[c]"
"In post","2023","Unknown","Finance","Department for Levelling Up, Housing and Communities","London","[c]","[c]","[c]","[c]"
"In post","2023","Unknown","Finance","Department for Levelling Up, Housing and Communities","Outside London","5","5","[c]","[c]"
"In post","2023","Unknown","Finance","Department for Transport","London","10","10","[c]","[c]"
"In post","2023","Unknown","Finance","Department for Transport","Outside London","25","25","[c]","[c]"
"In post","2023","Unknown","Finance","Department for Work and Pensions","London","30","25","[c]","[c]"
"In post","2023","Unknown","Finance","Department for Work and Pensions","Outside London","80","80","39810","38470"
"In post","2023","Unknown","Finance","Department for Work and Pensions","Unknown","[c]","[c]","[c]","[c]"
"In post","2023","Unknown","Finance","Department of Health and Social Care","London","55","55","48560","54030"
"In post","2023","Unknown","Finance","Department of Health and Social Care","Outside London","30","30","[c]","[c]"
"In post","2023","Unknown","Finance","Food Standards Agency","London","[c]","[c]","[c]","[c]"
"In post","2023","Unknown","Finance","Food Standards Agency","Outside London","10","10","[c]","[c]"
"In post","2023","Unknown","Finance","Foreign, Commonwealth and Development Office","London","55","55","51830","53500"
"In post","2023","Unknown","Finance","Foreign, Commonwealth and Development Office","Outside London","75","75","34100","26900"
"In post","2023","Unknown","Finance","Foreign, Commonwealth and Development Office","Overseas","[c]","[c]","[c]","[c]"
"In post","2023","Unknown","Finance","HM Land Registry","London","5","5","[c]","[c]"
"In post","2023","Unknown","Finance","HM Land Registry","Outside London","[c]","[c]","[c]","[c]"
"In post","2023","Unknown","Finance","HM Revenue and Customs","London","110","105","48590","45170"
"In post","2023","Unknown","Finance","HM Revenue and Customs","Outside London","415","370","29770","22520"
"In post","2023","Unknown","Finance","Home Office","London","15","15","[c]","[c]"
"In post","2023","Unknown","Finance","Home Office","Outside London","15","15","[c]","[c]"
"In post","2023","Unknown","Finance","Ministry of Defence","London","25","25","[c]","[c]"
"In post","2023","Unknown","Finance","Ministry of Defence","Outside London","155","150","34900","29040"
"In post","2023","Unknown","Finance","Ministry of Defence","Overseas","[c]","[c]","[c]","[c]"
"In post","2023","Unknown","Finance","Ministry of Justice","London","40","40","48010","43650"
"In post","2023","Unknown","Finance","Ministry of Justice","Outside London","60","60","38760","37680"
"In post","2023","Unknown","Finance","National Crime Agency","London","[c]","[c]","[c]","[c]"
"In post","2023","Unknown","Finance","National Crime Agency","Outside London","[c]","[c]","[c]","[c]"
"In post","2023","Unknown","Finance","Northern Ireland Office","Outside London","[c]","[c]","[c]","[c]"
"In post","2023","Unknown","Finance","Office of the Secretary of State for Scotland","London","[c]","[c]","[c]","[c]"
"In post","2023","Unknown","Finance","Scottish Government","Outside London","65","65","35410","29910"
"In post","2023","Unknown","Finance","The National Archives","London","[c]","[c]","[c]","[c]"
"In post","2023","Unknown","Finance","UK Statistics Authority","Outside London","10","10","[c]","[c]"
"In post","2023","Unknown","Finance","Welsh Government","Outside London","10","10","[c]","[c]"
"In post","2023","Unknown","Grants Management","Department for Environment, Food and Rural Affairs","Outside London","490","450","25740","22150"
"In post","2023","Unknown","Grants Management","Home Office","London","10","10","[c]","[c]"
"In post","2023","Unknown","Grants Management","Home Office","Outside London","[c]","[c]","[c]","[c]"
"In post","2023","Unknown","Human Resources","Attorney General's Departments","London","25","25","[c]","[c]"
"In post","2023","Unknown","Human Resources","Attorney General's Departments","Outside London","5","5","[c]","[c]"
"In post","2023","Unknown","Human Resources","Cabinet Office","London","40","40","48740","41870"
"In post","2023","Unknown","Human Resources","Cabinet Office","Outside London","35","35","31650","33020"
"In post","2023","Unknown","Human Resources","Cabinet Office","Unknown","[c]","[c]","[c]","[c]"
"In post","2023","Unknown","Human Resources","Charity Commission","Outside London","[c]","[c]","[c]","[c]"
"In post","2023","Unknown","Human Resources","Department for Business, Energy and Industrial Strategy","London","[c]","[c]","[c]","[c]"
"In post","2023","Unknown","Human Resources","Department for Business, Energy and Industrial Strategy","Outside London","20","20","[c]","[c]"
"In post","2023","Unknown","Human Resources","Department for Digital, Culture, Media and Sport","London","[c]","[c]","[c]","[c]"
"In post","2023","Unknown","Human Resources","Department for Digital, Culture, Media and Sport","Outside London","[c]","[c]","[c]","[c]"
"In post","2023","Unknown","Human Resources","Department for Education","London","[c]","[c]","[c]","[c]"
"In post","2023","Unknown","Human Resources","Department for Education","Outside London","10","10","[c]","[c]"
"In post","2023","Unknown","Human Resources","Department for Environment, Food and Rural Affairs","London","5","5","[c]","[c]"
"In post","2023","Unknown","Human Resources","Department for Environment, Food and Rural Affairs","Outside London","25","20","[c]","[c]"
"In post","2023","Unknown","Human Resources","Department for International Trade","London","20","20","[c]","[c]"
"In post","2023","Unknown","Human Resources","Department for International Trade","Outside London","[c]","[c]","[c]","[c]"
"In post","2023","Unknown","Human Resources","Department for Levelling Up, Housing and Communities","London","[c]","[c]","[c]","[c]"
"In post","2023","Unknown","Human Resources","Department for Levelling Up, Housing and Communities","Outside London","5","5","[c]","[c]"
"In post","2023","Unknown","Human Resources","Department for Transport","London","10","10","[c]","[c]"
"In post","2023","Unknown","Human Resources","Department for Transport","Outside London","35","35","37110","31860"
"In post","2023","Unknown","Human Resources","Department for Work and Pensions","London","20","20","[c]","[c]"
"In post","2023","Unknown","Human Resources","Department for Work and Pensions","Outside London","50","50","38500","34170"
"In post","2023","Unknown","Human Resources","Department of Health and Social Care","London","35","35","39250","34190"
"In post","2023","Unknown","Human Resources","Department of Health and Social Care","Outside London","30","25","[c]","[c]"
"In post","2023","Unknown","Human Resources","Food Standards Agency","London","[c]","[c]","[c]","[c]"
"In post","2023","Unknown","Human Resources","Food Standards Agency","Outside London","[c]","[c]","[c]","[c]"
"In post","2023","Unknown","Human Resources","Foreign, Commonwealth and Development Office","London","40","40","47360","42800"
"In post","2023","Unknown","Human Resources","Foreign, Commonwealth and Development Office","Outside London","15","15","[c]","[c]"
"In post","2023","Unknown","Human Resources","HM Land Registry","London","[c]","[c]","[c]","[c]"
"In post","2023","Unknown","Human Resources","HM Land Registry","Outside London","10","10","[c]","[c]"
"In post","2023","Unknown","Human Resources","HM Revenue and Customs","London","30","25","[c]","[c]"
"In post","2023","Unknown","Human Resources","HM Revenue and Customs","Outside London","205","195","35430","34400"
"In post","2023","Unknown","Human Resources","Home Office","London","35","35","48130","43210"
"In post","2023","Unknown","Human Resources","Home Office","Outside London","35","35","41230","39190"
"In post","2023","Unknown","Human Resources","Ministry of Defence","London","25","25","[c]","[c]"
"In post","2023","Unknown","Human Resources","Ministry of Defence","Outside London","315","305","32930","30560"
"In post","2023","Unknown","Human Resources","Ministry of Defence","Overseas","170","165","57610","57220"
"In post","2023","Unknown","Human Resources","Ministry of Justice","London","35","35","43940","35890"
"In post","2023","Unknown","Human Resources","Ministry of Justice","Outside London","115","115","34510","31270"
"In post","2023","Unknown","Human Resources","Ministry of Justice","Unknown","[c]","[c]","[c]","[c]"
"In post","2023","Unknown","Human Resources","National Crime Agency","London","[c]","[c]","[c]","[c]"
"In post","2023","Unknown","Human Resources","National Crime Agency","Outside London","10","10","[c]","[c]"
"In post","2023","Unknown","Human Resources","National Crime Agency","Unknown","[c]","[c]","[c]","[c]"
"In post","2023","Unknown","Human Resources","Office for Standards in Education, Children's Services and Skills","Outside London","[c]","[c]","[c]","[c]"
"In post","2023","Unknown","Human Resources","Scottish Government","Outside London","70","70","37980","38770"
"In post","2023","Unknown","Human Resources","The National Archives","London","5","5","[c]","[c]"
"In post","2023","Unknown","Human Resources","UK Statistics Authority","Outside London","25","20","[c]","[c]"
"In post","2023","Unknown","Human Resources","Welsh Government","Outside London","[c]","[c]","[c]","[c]"
"In post","2023","Unknown","Internal Audit","Department for Business, Energy and Industrial Strategy","Outside London","[c]","[c]","[c]","[c]"
"In post","2023","Unknown","Internal Audit","Foreign, Commonwealth and Development Office","London","[c]","[c]","[c]","[c]"
"In post","2023","Unknown","Internal Audit","Foreign, Commonwealth and Development Office","Outside London","10","10","[c]","[c]"
"In post","2023","Unknown","Internal Audit","HM Revenue and Customs","London","[c]","[c]","[c]","[c]"
"In post","2023","Unknown","Internal Audit","HM Revenue and Customs","Outside London","[c]","[c]","[c]","[c]"
"In post","2023","Unknown","Internal Audit","Ministry of Defence","London","[c]","[c]","[c]","[c]"
"In post","2023","Unknown","Internal Audit","Ministry of Defence","Outside London","[c]","[c]","[c]","[c]"
"In post","2023","Unknown","Internal Audit","Ministry of Defence","Overseas","[c]","[c]","[c]","[c]"
"In post","2023","Unknown","Internal Audit","Ministry of Justice","London","[c]","[c]","[c]","[c]"
"In post","2023","Unknown","Internal Audit","Ministry of Justice","Outside London","[c]","[c]","[c]","[c]"
"In post","2023","Unknown","Internal Audit","Scottish Government","Outside London","[c]","[c]","[c]","[c]"
"In post","2023","Unknown","Legal","Attorney General's Departments","London","460","430","55420","57080"
"In post","2023","Unknown","Legal","Attorney General's Departments","Outside London","420","385","44720","49050"
"In post","2023","Unknown","Legal","Attorney General's Departments","Overseas","[c]","[c]","[c]","[c]"
"In post","2023","Unknown","Legal","Cabinet Office","London","10","10","[c]","[c]"
"In post","2023","Unknown","Legal","Charity Commission","London","10","10","[c]","[c]"
"In post","2023","Unknown","Legal","Charity Commission","Outside London","[c]","[c]","[c]","[c]"
"In post","2023","Unknown","Legal","Competition and Markets Authority","London","[c]","[c]","[c]","[c]"
"In post","2023","Unknown","Legal","Competition and Markets Authority","Outside London","[c]","[c]","[c]","[c]"
"In post","2023","Unknown","Legal","Department for Business, Energy and Industrial Strategy","London","15","15","[c]","[c]"
"In post","2023","Unknown","Legal","Department for Business, Energy and Industrial Strategy","Outside London","15","15","[c]","[c]"
"In post","2023","Unknown","Legal","Department for Education","London","[c]","[c]","[c]","[c]"
"In post","2023","Unknown","Legal","Department for Education","Outside London","[c]","[c]","[c]","[c]"
"In post","2023","Unknown","Legal","Department for Transport","Outside London","[c]","[c]","[c]","[c]"
"In post","2023","Unknown","Legal","Department for Work and Pensions","Outside London","10","10","[c]","[c]"
"In post","2023","Unknown","Legal","Department of Health and Social Care","London","[c]","[c]","[c]","[c]"
"In post","2023","Unknown","Legal","Department of Health and Social Care","Outside London","[c]","[c]","[c]","[c]"
"In post","2023","Unknown","Legal","Food Standards Agency","London","[c]","[c]","[c]","[c]"
"In post","2023","Unknown","Legal","Food Standards Agency","Outside London","[c]","[c]","[c]","[c]"
"In post","2023","Unknown","Legal","Foreign, Commonwealth and Development Office","London","30","30","[c]","[c]"
"In post","2023","Unknown","Legal","Foreign, Commonwealth and Development Office","Outside London","[c]","[c]","[c]","[c]"
"In post","2023","Unknown","Legal","HM Land Registry","London","5","5","[c]","[c]"
"In post","2023","Unknown","Legal","HM Land Registry","Outside London","50","45","45080","47520"
"In post","2023","Unknown","Legal","HM Revenue and Customs","London","125","120","45760","39790"
"In post","2023","Unknown","Legal","HM Revenue and Customs","Outside London","165","155","35420","34400"
"In post","2023","Unknown","Legal","Ministry of Defence","London","[c]","[c]","[c]","[c]"
"In post","2023","Unknown","Legal","Ministry of Defence","Outside London","[c]","[c]","[c]","[c]"
"In post","2023","Unknown","Legal","Ministry of Defence","Overseas","[c]","[c]","[c]","[c]"
"In post","2023","Unknown","Legal","Ministry of Justice","London","15","15","[c]","[c]"
"In post","2023","Unknown","Legal","Ministry of Justice","Outside London","35","35","29300","25830"
"In post","2023","Unknown","Legal","National Crime Agency","London","5","5","[c]","[c]"
"In post","2023","Unknown","Legal","National Crime Agency","Outside London","[c]","[c]","[c]","[c]"
"In post","2023","Unknown","Legal","Office for Standards in Education, Children's Services and Skills","London","[c]","[c]","[c]","[c]"
"In post","2023","Unknown","Legal","Office of Gas and Electricity Markets","London","[c]","[c]","[c]","[c]"
"In post","2023","Unknown","Legal","Office of Gas and Electricity Markets","Outside London","[c]","[c]","[c]","[c]"
"In post","2023","Unknown","Legal","Scottish Government","Outside London","40","35","49390","48410"
"In post","2023","Unknown","Legal","The National Archives","London","[c]","[c]","[c]","[c]"
"In post","2023","Unknown","Legal","UK Supreme Court","London","[c]","[c]","[c]","[c]"
"In post","2023","Unknown","Legal","Welsh Government","London","[c]","[c]","[c]","[c]"
"In post","2023","Unknown","Legal","Welsh Government","Outside London","[c]","[c]","[c]","[c]"
"In post","2023","Unknown","No function","Attorney General's Departments","London","5","5","[c]","[c]"
"In post","2023","Unknown","No function","Cabinet Office","London","385","380","56500","56430"
"In post","2023","Unknown","No function","Cabinet Office","Outside London","30","25","[c]","[c]"
"In post","2023","Unknown","No function","Cabinet Office","Unknown","20","15","[c]","[c]"
"In post","2023","Unknown","No function","Chancellor's other departments","London","[c]","[c]","[c]","[c]"
"In post","2023","Unknown","No function","Charity Commission","London","10","10","[c]","[c]"
"In post","2023","Unknown","No function","Charity Commission","Outside London","65","60","29400","25300"
"In post","2023","Unknown","No function","Department for Business, Energy and Industrial Strategy","London","520","510","49130","45590"
"In post","2023","Unknown","No function","Department for Business, Energy and Industrial Strategy","Outside London","860","815","32080","26900"
"In post","2023","Unknown","No function","Department for Digital, Culture, Media and Sport","London","100","100","46890","49900"
"In post","2023","Unknown","No function","Department for Digital, Culture, Media and Sport","Outside London","10","10","[c]","[c]"
"In post","2023","Unknown","No function","Department for Education","London","150","145","50510","44120"
"In post","2023","Unknown","No function","Department for Education","Outside London","150","145","38240","37590"
"In post","2023","Unknown","No function","Department for Environment, Food and Rural Affairs","London","285","280","46450","40260"
"In post","2023","Unknown","No function","Department for Environment, Food and Rural Affairs","Outside London","420","395","35710","30990"
"In post","2023","Unknown","No function","Department for Environment, Food and Rural Affairs","Unknown","[c]","[c]","[c]","[c]"
"In post","2023","Unknown","No function","Department for International Trade","London","490","485","48510","41750"
"In post","2023","Unknown","No function","Department for International Trade","Outside London","120","115","43270","42480"
"In post","2023","Unknown","No function","Department for International Trade","Overseas","55","55","56110","54590"
"In post","2023","Unknown","No function","Department for Levelling Up, Housing and Communities","London","190","185","49360","40800"
"In post","2023","Unknown","No function","Department for Levelling Up, Housing and Communities","Outside London","145","135","39610","34500"
"In post","2023","Unknown","No function","Department for Transport","London","420","405","45670","43320"
"In post","2023","Unknown","No function","Department for Transport","Outside London","1540","1435","26680","26780"
"In post","2023","Unknown","No function","Department for Work and Pensions","London","400","375","35780","32520"
"In post","2023","Unknown","No function","Department for Work and Pensions","Outside London","3075","2780","27460","28120"
"In post","2023","Unknown","No function","Department for Work and Pensions","Unknown","20","20","[c]","[c]"
"In post","2023","Unknown","No function","Department of Health and Social Care","London","900","865","48120","42100"
"In post","2023","Unknown","No function","Department of Health and Social Care","Outside London","610","585","43100","38120"
"In post","2023","Unknown","No function","Food Standards Agency","London","20","20","[c]","[c]"
"In post","2023","Unknown","No function","Food Standards Agency","Outside London","115","110","35290","31260"
"In post","2023","Unknown","No function","Foreign, Commonwealth and Development Office","London","450","450","49120","46730"
"In post","2023","Unknown","No function","Foreign, Commonwealth and Development Office","Outside London","40","35","42400","39450"
"In post","2023","Unknown","No function","Foreign, Commonwealth and Development Office","Overseas","265","265","54520","54590"
"In post","2023","Unknown","No function","HM Land Registry","London","40","40","37080","31680"
"In post","2023","Unknown","No function","HM Land Registry","Outside London","900","850","26160","23390"
"In post","2023","Unknown","No function","HM Revenue and Customs","London","605","580","43220","39790"
"In post","2023","Unknown","No function","HM Revenue and Customs","Outside London","7775","7205","28040","22520"
"In post","2023","Unknown","No function","Home Office","London","2455","2410","35600","29890"
"In post","2023","Unknown","No function","Home Office","Outside London","6870","6570","25860","25750"
"In post","2023","Unknown","No function","Home Office","Overseas","15","15","[c]","[c]"
"In post","2023","Unknown","No function","Home Office","Unknown","50","45","27830","25750"
"In post","2023","Unknown","No function","Ministry of Defence","London","355","350","44370","42540"
"In post","2023","Unknown","No function","Ministry of Defence","Outside London","1905","1805","32400","27140"
"In post","2023","Unknown","No function","Ministry of Defence","Overseas","30","30","[c]","[c]"
"In post","2023","Unknown","No function","Ministry of Defence","Unknown","[c]","[c]","[c]","[c]"
"In post","2023","Unknown","No function","Ministry of Justice","London","2230","2145","34900","33800"
"In post","2023","Unknown","No function","Ministry of Justice","Outside London","9195","8640","28030","28880"
"In post","2023","Unknown","No function","Ministry of Justice","Unknown","30","25","[c]","[c]"
"In post","2023","Unknown","No function","National Crime Agency","London","115","110","46480","44070"
"In post","2023","Unknown","No function","National Crime Agency","Outside London","300","290","41470","40090"
"In post","2023","Unknown","No function","National Crime Agency","Overseas","15","15","[c]","[c]"
"In post","2023","Unknown","No function","National Crime Agency","Unknown","15","15","[c]","[c]"
"In post","2023","Unknown","No function","Office for Standards in Education, Children's Services and Skills","London","10","10","[c]","[c]"
"In post","2023","Unknown","No function","Office for Standards in Education, Children's Services and Skills","Outside London","55","55","52990","52750"
"In post","2023","Unknown","No function","Office of Gas and Electricity Markets","London","10","10","[c]","[c]"
"In post","2023","Unknown","No function","Office of Gas and Electricity Markets","Outside London","5","5","[c]","[c]"
"In post","2023","Unknown","No function","Office of Rail and Road","Outside London","[c]","[c]","[c]","[c]"
"In post","2023","Unknown","No function","Office of the Secretary of State for Scotland","London","10","10","[c]","[c]"
"In post","2023","Unknown","No function","Office of the Secretary of State for Scotland","Outside London","[c]","[c]","[c]","[c]"
"In post","2023","Unknown","No function","Office of the Secretary of State for Wales","London","[c]","[c]","[c]","[c]"
"In post","2023","Unknown","No function","Office of the Secretary of State for Wales","Outside London","5","5","[c]","[c]"
"In post","2023","Unknown","No function","Scottish Government","Outside London","3520","3265","31430","31290"
"In post","2023","Unknown","No function","The National Archives","London","70","70","35660","31610"
"In post","2023","Unknown","No function","The National Archives","Outside London","[c]","[c]","[c]","[c]"
"In post","2023","Unknown","No function","UK Statistics Authority","London","10","10","[c]","[c]"
"In post","2023","Unknown","No function","UK Statistics Authority","Outside London","410","330","25430","21200"
"In post","2023","Unknown","No function","Welsh Government","Outside London","35","35","43690","39690"
"In post","2023","Unknown","Project Delivery","Attorney General's Departments","London","[c]","[c]","[c]","[c]"
"In post","2023","Unknown","Project Delivery","Attorney General's Departments","Outside London","[c]","[c]","[c]","[c]"
"In post","2023","Unknown","Project Delivery","Cabinet Office","London","20","20","[c]","[c]"
"In post","2023","Unknown","Project Delivery","Cabinet Office","Outside London","15","15","[c]","[c]"
"In post","2023","Unknown","Project Delivery","Cabinet Office","Unknown","[c]","[c]","[c]","[c]"
"In post","2023","Unknown","Project Delivery","Chancellor's other departments","London","[c]","[c]","[c]","[c]"
"In post","2023","Unknown","Project Delivery","Competition and Markets Authority","London","20","20","[c]","[c]"
"In post","2023","Unknown","Project Delivery","Department for Business, Energy and Industrial Strategy","London","50","50","47290","43650"
"In post","2023","Unknown","Project Delivery","Department for Business, Energy and Industrial Strategy","Outside London","85","85","40420","41150"
"In post","2023","Unknown","Project Delivery","Department for Digital, Culture, Media and Sport","London","5","5","[c]","[c]"
"In post","2023","Unknown","Project Delivery","Department for Digital, Culture, Media and Sport","Outside London","5","5","[c]","[c]"
"In post","2023","Unknown","Project Delivery","Department for Education","London","30","30","52920","55020"
"In post","2023","Unknown","Project Delivery","Department for Education","Outside London","55","55","49910","51360"
"In post","2023","Unknown","Project Delivery","Department for Environment, Food and Rural Affairs","London","[c]","[c]","[c]","[c]"
"In post","2023","Unknown","Project Delivery","Department for Environment, Food and Rural Affairs","Outside London","45","45","36830","37300"
"In post","2023","Unknown","Project Delivery","Department for International Trade","London","20","20","[c]","[c]"
"In post","2023","Unknown","Project Delivery","Department for International Trade","Outside London","[c]","[c]","[c]","[c]"
"In post","2023","Unknown","Project Delivery","Department for Levelling Up, Housing and Communities","London","10","10","[c]","[c]"
"In post","2023","Unknown","Project Delivery","Department for Levelling Up, Housing and Communities","Outside London","10","10","[c]","[c]"
"In post","2023","Unknown","Project Delivery","Department for Transport","London","50","50","51390","55190"
"In post","2023","Unknown","Project Delivery","Department for Transport","Outside London","15","15","[c]","[c]"
"In post","2023","Unknown","Project Delivery","Department for Work and Pensions","London","15","15","[c]","[c]"
"In post","2023","Unknown","Project Delivery","Department for Work and Pensions","Outside London","35","35","36710","34870"
"In post","2023","Unknown","Project Delivery","Department of Health and Social Care","London","[c]","[c]","[c]","[c]"
"In post","2023","Unknown","Project Delivery","Department of Health and Social Care","Outside London","[c]","[c]","[c]","[c]"
"In post","2023","Unknown","Project Delivery","Food Standards Agency","London","[c]","[c]","[c]","[c]"
"In post","2023","Unknown","Project Delivery","Food Standards Agency","Outside London","5","5","[c]","[c]"
"In post","2023","Unknown","Project Delivery","Foreign, Commonwealth and Development Office","London","220","215","51120","53500"
"In post","2023","Unknown","Project Delivery","Foreign, Commonwealth and Development Office","Outside London","35","30","41840","39450"
"In post","2023","Unknown","Project Delivery","Foreign, Commonwealth and Development Office","Overseas","10","10","[c]","[c]"
"In post","2023","Unknown","Project Delivery","HM Land Registry","London","[c]","[c]","[c]","[c]"
"In post","2023","Unknown","Project Delivery","HM Land Registry","Outside London","35","35","36510","39520"
"In post","2023","Unknown","Project Delivery","HM Revenue and Customs","London","235","225","54680","47820"
"In post","2023","Unknown","Project Delivery","HM Revenue and Customs","Outside London","530","510","42080","41780"
"In post","2023","Unknown","Project Delivery","Home Office","London","10","10","[c]","[c]"
"In post","2023","Unknown","Project Delivery","Home Office","Outside London","[c]","[c]","[c]","[c]"
"In post","2023","Unknown","Project Delivery","Ministry of Defence","London","45","40","53330","45750"
"In post","2023","Unknown","Project Delivery","Ministry of Defence","Outside London","580","560","38640","34850"
"In post","2023","Unknown","Project Delivery","Ministry of Defence","Overseas","10","10","[c]","[c]"
"In post","2023","Unknown","Project Delivery","Ministry of Justice","London","35","35","40980","35460"
"In post","2023","Unknown","Project Delivery","Ministry of Justice","Outside London","30","30","[c]","[c]"
"In post","2023","Unknown","Project Delivery","National Crime Agency","London","[c]","[c]","[c]","[c]"
"In post","2023","Unknown","Project Delivery","National Crime Agency","Outside London","[c]","[c]","[c]","[c]"
"In post","2023","Unknown","Project Delivery","Northern Ireland Office","London","[c]","[c]","[c]","[c]"
"In post","2023","Unknown","Project Delivery","Northern Ireland Office","Outside London","[c]","[c]","[c]","[c]"
"In post","2023","Unknown","Project Delivery","Office of Gas and Electricity Markets","London","[c]","[c]","[c]","[c]"
"In post","2023","Unknown","Project Delivery","Scottish Government","Outside London","5","5","[c]","[c]"
"In post","2023","Unknown","Project Delivery","UK Statistics Authority","London","[c]","[c]","[c]","[c]"
"In post","2023","Unknown","Project Delivery","UK Statistics Authority","Outside London","25","25","[c]","[c]"
"In post","2023","Unknown","Project Delivery","Welsh Government","Outside London","[c]","[c]","[c]","[c]"
"In post","2023","Unknown","Property","Attorney General's Departments","London","[c]","[c]","[c]","[c]"
"In post","2023","Unknown","Property","Attorney General's Departments","Outside London","[c]","[c]","[c]","[c]"
"In post","2023","Unknown","Property","Cabinet Office","London","20","20","[c]","[c]"
"In post","2023","Unknown","Property","Cabinet Office","Outside London","30","30","[c]","[c]"
"In post","2023","Unknown","Property","Department for Business, Energy and Industrial Strategy","Outside London","15","15","[c]","[c]"
"In post","2023","Unknown","Property","Department for Environment, Food and Rural Affairs","London","5","5","[c]","[c]"
"In post","2023","Unknown","Property","Department for Environment, Food and Rural Affairs","Outside London","30","30","35230","30320"
"In post","2023","Unknown","Property","Department for International Trade","London","[c]","[c]","[c]","[c]"
"In post","2023","Unknown","Property","Department for International Trade","Outside London","[c]","[c]","[c]","[c]"
"In post","2023","Unknown","Property","Department for Transport","London","[c]","[c]","[c]","[c]"
"In post","2023","Unknown","Property","Department for Transport","Outside London","10","10","[c]","[c]"
"In post","2023","Unknown","Property","Department for Work and Pensions","London","5","5","[c]","[c]"
"In post","2023","Unknown","Property","Department for Work and Pensions","Outside London","15","10","[c]","[c]"
"In post","2023","Unknown","Property","Department for Work and Pensions","Unknown","5","5","[c]","[c]"
"In post","2023","Unknown","Property","Department of Health and Social Care","London","[c]","[c]","[c]","[c]"
"In post","2023","Unknown","Property","Department of Health and Social Care","Outside London","[c]","[c]","[c]","[c]"
"In post","2023","Unknown","Property","Foreign, Commonwealth and Development Office","Outside London","15","15","[c]","[c]"
"In post","2023","Unknown","Property","Foreign, Commonwealth and Development Office","Overseas","[c]","[c]","[c]","[c]"
"In post","2023","Unknown","Property","HM Land Registry","London","[c]","[c]","[c]","[c]"
"In post","2023","Unknown","Property","HM Land Registry","Outside London","[c]","[c]","[c]","[c]"
"In post","2023","Unknown","Property","HM Revenue and Customs","London","170","165","38950","32630"
"In post","2023","Unknown","Property","HM Revenue and Customs","Outside London","805","755","30310","26890"
"In post","2023","Unknown","Property","Home Office","London","[c]","[c]","[c]","[c]"
"In post","2023","Unknown","Property","Home Office","Outside London","[c]","[c]","[c]","[c]"
"In post","2023","Unknown","Property","Ministry of Defence","London","5","5","[c]","[c]"
"In post","2023","Unknown","Property","Ministry of Defence","Outside London","200","195","28610","21580"
"In post","2023","Unknown","Property","Ministry of Defence","Overseas","5","5","[c]","[c]"
"In post","2023","Unknown","Property","Ministry of Justice","London","40","40","43990","43650"
"In post","2023","Unknown","Property","Ministry of Justice","Outside London","40","40","40460","37680"
"In post","2023","Unknown","Property","National Crime Agency","London","[c]","[c]","[c]","[c]"
"In post","2023","Unknown","Property","Office for Standards in Education, Children's Services and Skills","Outside London","[c]","[c]","[c]","[c]"
"In post","2023","Unknown","Property","Scottish Government","Outside London","155","150","32710","31800"
"In post","2023","Unknown","Property","The National Archives","London","[c]","[c]","[c]","[c]"
"In post","2023","Unknown","Property","UK Supreme Court","London","[c]","[c]","[c]","[c]"
"In post","2023","Unknown","Security","Attorney General's Departments","London","[c]","[c]","[c]","[c]"
"In post","2023","Unknown","Security","Cabinet Office","London","30","30","37120","28370"
"In post","2023","Unknown","Security","Cabinet Office","Outside London","155","145","29520","27110"
"In post","2023","Unknown","Security","Cabinet Office","Unknown","30","30","26950","24470"
"In post","2023","Unknown","Security","Department for Business, Energy and Industrial Strategy","London","[c]","[c]","[c]","[c]"
"In post","2023","Unknown","Security","Department for Business, Energy and Industrial Strategy","Outside London","10","10","[c]","[c]"
"In post","2023","Unknown","Security","Department for Digital, Culture, Media and Sport","London","[c]","[c]","[c]","[c]"
"In post","2023","Unknown","Security","Department for International Trade","London","5","5","[c]","[c]"
"In post","2023","Unknown","Security","Department for Levelling Up, Housing and Communities","London","[c]","[c]","[c]","[c]"
"In post","2023","Unknown","Security","Department for Transport","London","20","20","[c]","[c]"
"In post","2023","Unknown","Security","Department for Transport","Outside London","15","15","[c]","[c]"
"In post","2023","Unknown","Security","Department for Work and Pensions","London","[c]","[c]","[c]","[c]"
"In post","2023","Unknown","Security","Department for Work and Pensions","Outside London","5","5","[c]","[c]"
"In post","2023","Unknown","Security","Department of Health and Social Care","London","[c]","[c]","[c]","[c]"
"In post","2023","Unknown","Security","Department of Health and Social Care","Outside London","[c]","[c]","[c]","[c]"
"In post","2023","Unknown","Security","Food Standards Agency","Outside London","[c]","[c]","[c]","[c]"
"In post","2023","Unknown","Security","Foreign, Commonwealth and Development Office","London","75","75","47090","41960"
"In post","2023","Unknown","Security","Foreign, Commonwealth and Development Office","Outside London","10","10","[c]","[c]"
"In post","2023","Unknown","Security","Foreign, Commonwealth and Development Office","Overseas","10","10","[c]","[c]"
"In post","2023","Unknown","Security","HM Revenue and Customs","London","5","5","[c]","[c]"
"In post","2023","Unknown","Security","HM Revenue and Customs","Outside London","40","35","42750","38570"
"In post","2023","Unknown","Security","Home Office","London","20","20","[c]","[c]"
"In post","2023","Unknown","Security","Home Office","Outside London","15","15","[c]","[c]"
"In post","2023","Unknown","Security","Home Office","Overseas","[c]","[c]","[c]","[c]"
"In post","2023","Unknown","Security","Ministry of Defence","London","65","65","37720","36530"
"In post","2023","Unknown","Security","Ministry of Defence","Outside London","1005","995","31440","27500"
"In post","2023","Unknown","Security","Ministry of Defence","Overseas","[c]","[c]","[c]","[c]"
"In post","2023","Unknown","Security","Ministry of Justice","London","15","15","[c]","[c]"
"In post","2023","Unknown","Security","Ministry of Justice","Outside London","10","5","[c]","[c]"
"In post","2023","Unknown","Security","National Crime Agency","Outside London","5","5","[c]","[c]"
"In post","2023","Unknown","Security","Scottish Government","Outside London","[c]","[c]","[c]","[c]"
"In post","2023","Unknown","Security","UK Statistics Authority","London","[c]","[c]","[c]","[c]"
"In post","2023","Unknown","Security","UK Statistics Authority","Outside London","5","5","[c]","[c]"
"In post","2023","Unknown","Unknown","Attorney General's Departments","London","[c]","[c]","[c]","[c]"
"In post","2023","Unknown","Unknown","Attorney General's Departments","Outside London","[c]","[c]","[c]","[c]"
"In post","2023","Unknown","Unknown","Cabinet Office","London","30","30","30800","30130"
"In post","2023","Unknown","Unknown","Cabinet Office","Outside London","5","5","[c]","[c]"
"In post","2023","Unknown","Unknown","Department for Business, Energy and Industrial Strategy","Outside London","[c]","[c]","[c]","[c]"
"In post","2023","Unknown","Unknown","Department for Digital, Culture, Media and Sport","London","[c]","[c]","[c]","[c]"
"In post","2023","Unknown","Unknown","Department for Education","London","10","10","[c]","[c]"
"In post","2023","Unknown","Unknown","Department for Education","Outside London","20","20","[c]","[c]"
"In post","2023","Unknown","Unknown","Department for International Trade","London","5","5","[c]","[c]"
"In post","2023","Unknown","Unknown","Department for International Trade","Outside London","[c]","[c]","[c]","[c]"
"In post","2023","Unknown","Unknown","Department for Work and Pensions","London","50","50","50230","43760"
"In post","2023","Unknown","Unknown","Department for Work and Pensions","Outside London","70","65","34890","31280"
"In post","2023","Unknown","Unknown","Department for Work and Pensions","Unknown","[c]","[c]","[c]","[c]"
"In post","2023","Unknown","Unknown","Department of Health and Social Care","London","15","15","[c]","[c]"
"In post","2023","Unknown","Unknown","Department of Health and Social Care","Outside London","[c]","[c]","[c]","[c]"
"In post","2023","Unknown","Unknown","Foreign, Commonwealth and Development Office","London","25","25","[c]","[c]"
"In post","2023","Unknown","Unknown","Foreign, Commonwealth and Development Office","Outside London","5","5","[c]","[c]"
"In post","2023","Unknown","Unknown","Foreign, Commonwealth and Development Office","Overseas","5","5","[c]","[c]"
"In post","2023","Unknown","Unknown","HM Revenue and Customs","Outside London","5","5","[c]","[c]"
"In post","2023","Unknown","Unknown","Ministry of Defence","London","25","25","[c]","[c]"
"In post","2023","Unknown","Unknown","Ministry of Defence","Outside London","260","255","35840","30650"
"In post","2023","Unknown","Unknown","Ministry of Defence","Unknown","1695","1695","41950","40010"
"In post","2023","Unknown","Unknown","Northern Ireland Office","London","20","20","[c]","[c]"
"In post","2023","Unknown","Unknown","Northern Ireland Office","Outside London","10","10","[c]","[c]"
"In post","2023","Unknown","Unknown","Office of Gas and Electricity Markets","London","5","5","[c]","[c]"
"In post","2023","Unknown","Unknown","Office of Gas and Electricity Markets","Outside London","[c]","[c]","[c]","[c]"
"In post","2023","Unknown","Unknown","Office of the Secretary of State for Scotland","London","10","10","[c]","[c]"
"In post","2023","Unknown","Unknown","Office of the Secretary of State for Scotland","Outside London","35","35","45960","52360"
"In post","2023","Unknown","Unknown","Scottish Government","London","10","10","[c]","[c]"
"In post","2023","Unknown","Unknown","Scottish Government","Outside London","4755","4570","36520","30440"
"In post","2023","Unknown","Unknown","Scottish Government","Overseas","5","5","[c]","[c]"
"In post","2023","Unknown","Unknown","Welsh Government","London","[c]","[c]","[c]","[c]"
"In post","2023","Unknown","Unknown","Welsh Government","Outside London","145","135","38250","31210"
"In post","2023","Unknown","Unknown","Welsh Government","Overseas","[c]","[c]","[c]","[c]"
"In post","2023","White","Analysis","Attorney General's Departments","London","[c]","[c]","[c]","[c]"
"In post","2023","White","Analysis","Attorney General's Departments","Outside London","[c]","[c]","[c]","[c]"
"In post","2023","White","Analysis","Cabinet Office","London","65","65","34610","32960"
"In post","2023","White","Analysis","Cabinet Office","Outside London","35","35","33490","32960"
"In post","2023","White","Analysis","Cabinet Office","Unknown","[c]","[c]","[c]","[c]"
"In post","2023","White","Analysis","Chancellor's other departments","London","130","120","77090","73350"
"In post","2023","White","Analysis","Chancellor's other departments","Outside London","15","15","[c]","[c]"
"In post","2023","White","Analysis","Charity Commission","London","[c]","[c]","[c]","[c]"
"In post","2023","White","Analysis","Charity Commission","Outside London","10","10","[c]","[c]"
"In post","2023","White","Analysis","Competition and Markets Authority","London","100","95","65160","57790"
"In post","2023","White","Analysis","Competition and Markets Authority","Outside London","15","15","[c]","[c]"
"In post","2023","White","Analysis","Department for Business, Energy and Industrial Strategy","London","135","130","44950","38300"
"In post","2023","White","Analysis","Department for Business, Energy and Industrial Strategy","Outside London","85","85","39170","36780"
"In post","2023","White","Analysis","Department for Digital, Culture, Media and Sport","London","80","80","52400","57030"
"In post","2023","White","Analysis","Department for Digital, Culture, Media and Sport","Outside London","15","15","[c]","[c]"
"In post","2023","White","Analysis","Department for Education","London","145","135","51650","47410"
"In post","2023","White","Analysis","Department for Education","Outside London","310","295","44090","43250"
"In post","2023","White","Analysis","Department for Environment, Food and Rural Affairs","Outside London","470","450","35600","30820"
"In post","2023","White","Analysis","Department for International Trade","London","145","140","49050","55370"
"In post","2023","White","Analysis","Department for International Trade","Outside London","5","5","[c]","[c]"
"In post","2023","White","Analysis","Department for Levelling Up, Housing and Communities","London","155","150","50440","54630"
"In post","2023","White","Analysis","Department for Levelling Up, Housing and Communities","Outside London","40","40","45030","44760"
"In post","2023","White","Analysis","Department for Transport","London","195","190","53140","55740"
"In post","2023","White","Analysis","Department for Transport","Outside London","65","65","36140","33850"
"In post","2023","White","Analysis","Department for Work and Pensions","London","155","150","52580","48790"
"In post","2023","White","Analysis","Department for Work and Pensions","Outside London","375","350","43450","38470"
"In post","2023","White","Analysis","Department for Work and Pensions","Unknown","[c]","[c]","[c]","[c]"
"In post","2023","White","Analysis","Department of Health and Social Care","London","75","70","49500","54090"
"In post","2023","White","Analysis","Department of Health and Social Care","Outside London","75","75","49240","50830"
"In post","2023","White","Analysis","Estyn","Outside London","[c]","[c]","[c]","[c]"
"In post","2023","White","Analysis","Food Standards Agency","London","10","10","[c]","[c]"
"In post","2023","White","Analysis","Food Standards Agency","Outside London","25","25","[c]","[c]"
"In post","2023","White","Analysis","Foreign, Commonwealth and Development Office","London","25","20","[c]","[c]"
"In post","2023","White","Analysis","Foreign, Commonwealth and Development Office","Outside London","[c]","[c]","[c]","[c]"
"In post","2023","White","Analysis","Foreign, Commonwealth and Development Office","Overseas","[c]","[c]","[c]","[c]"
"In post","2023","White","Analysis","HM Land Registry","London","5","5","[c]","[c]"
"In post","2023","White","Analysis","HM Land Registry","Outside London","15","15","[c]","[c]"
"In post","2023","White","Analysis","HM Revenue and Customs","London","270","260","55730","48570"
"In post","2023","White","Analysis","HM Revenue and Customs","Outside London","300","285","45420","42140"
"In post","2023","White","Analysis","HM Treasury","London","150","150","49250","54000"
"In post","2023","White","Analysis","HM Treasury","Outside London","10","10","[c]","[c]"
"In post","2023","White","Analysis","Home Office","London","250","240","51710","46240"
"In post","2023","White","Analysis","Home Office","Outside London","80","75","40450","39090"
"In post","2023","White","Analysis","Ministry of Defence","London","85","85","49390","46540"
"In post","2023","White","Analysis","Ministry of Defence","Outside London","960","920","44490","42540"
"In post","2023","White","Analysis","Ministry of Defence","Overseas","[c]","[c]","[c]","[c]"
"In post","2023","White","Analysis","Ministry of Justice","London","305","295","51810","51770"
"In post","2023","White","Analysis","Ministry of Justice","Outside London","140","135","39850","37680"
"In post","2023","White","Analysis","Ministry of Justice","Unknown","[c]","[c]","[c]","[c]"
"In post","2023","White","Analysis","Office for Standards in Education, Children's Services and Skills","London","20","20","[c]","[c]"
"In post","2023","White","Analysis","Office for Standards in Education, Children's Services and Skills","Outside London","115","110","42420","40650"
"In post","2023","White","Analysis","Office of Gas and Electricity Markets","London","55","55","51630","48310"
"In post","2023","White","Analysis","Office of Gas and Electricity Markets","Outside London","45","45","45790","42810"
"In post","2023","White","Analysis","Office of Rail and Road","London","20","20","[c]","[c]"
"In post","2023","White","Analysis","Office of Rail and Road","Outside London","20","20","[c]","[c]"
"In post","2023","White","Analysis","Scottish Government","Outside London","15","15","[c]","[c]"
"In post","2023","White","Analysis","UK Export Finance","London","15","15","[c]","[c]"
"In post","2023","White","Analysis","UK Statistics Authority","London","140","135","48070","42330"
"In post","2023","White","Analysis","UK Statistics Authority","Outside London","1380","1315","39150","37760"
"In post","2023","White","Analysis","Water Services Regulation Authority","London","20","20","[c]","[c]"
"In post","2023","White","Analysis","Water Services Regulation Authority","Outside London","15","15","[c]","[c]"
"In post","2023","White","Analysis","Welsh Government","Outside London","[c]","[c]","[c]","[c]"
"In post","2023","White","Commercial","Attorney General's Departments","London","10","10","[c]","[c]"
"In post","2023","White","Commercial","Attorney General's Departments","Outside London","25","25","[c]","[c]"
"In post","2023","White","Commercial","Cabinet Office","London","580","570","74280","66530"
"In post","2023","White","Commercial","Cabinet Office","Outside London","1090","1070","60490","57970"
"In post","2023","White","Commercial","Cabinet Office","Unknown","5","5","[c]","[c]"
"In post","2023","White","Commercial","Chancellor's other departments","London","5","5","[c]","[c]"
"In post","2023","White","Commercial","Chancellor's other departments","Outside London","10","10","[c]","[c]"
"In post","2023","White","Commercial","Charity Commission","Outside London","[c]","[c]","[c]","[c]"
"In post","2023","White","Commercial","Competition and Markets Authority","London","[c]","[c]","[c]","[c]"
"In post","2023","White","Commercial","Competition and Markets Authority","Outside London","[c]","[c]","[c]","[c]"
"In post","2023","White","Commercial","Department for Business, Energy and Industrial Strategy","London","15","15","[c]","[c]"
"In post","2023","White","Commercial","Department for Business, Energy and Industrial Strategy","Outside London","175","165","43240","45150"
"In post","2023","White","Commercial","Department for Digital, Culture, Media and Sport","London","15","15","[c]","[c]"
"In post","2023","White","Commercial","Department for Digital, Culture, Media and Sport","Outside London","5","5","[c]","[c]"
"In post","2023","White","Commercial","Department for Education","London","10","10","[c]","[c]"
"In post","2023","White","Commercial","Department for Education","Outside London","205","200","43400","39090"
"In post","2023","White","Commercial","Department for Environment, Food and Rural Affairs","London","10","5","[c]","[c]"
"In post","2023","White","Commercial","Department for Environment, Food and Rural Affairs","Outside London","175","165","37020","37300"
"In post","2023","White","Commercial","Department for International Trade","London","20","20","[c]","[c]"
"In post","2023","White","Commercial","Department for International Trade","Outside London","[c]","[c]","[c]","[c]"
"In post","2023","White","Commercial","Department for Levelling Up, Housing and Communities","London","20","20","[c]","[c]"
"In post","2023","White","Commercial","Department for Levelling Up, Housing and Communities","Outside London","10","10","[c]","[c]"
"In post","2023","White","Commercial","Department for Transport","London","65","65","58280","56340"
"In post","2023","White","Commercial","Department for Transport","Outside London","225","205","35460","31660"
"In post","2023","White","Commercial","Department for Work and Pensions","London","[c]","[c]","[c]","[c]"
"In post","2023","White","Commercial","Department for Work and Pensions","Outside London","80","75","37100","34170"
"In post","2023","White","Commercial","Department of Health and Social Care","London","55","55","48950","50130"
"In post","2023","White","Commercial","Department of Health and Social Care","Outside London","80","80","44850","39220"
"In post","2023","White","Commercial","Estyn","Outside London","[c]","[c]","[c]","[c]"
"In post","2023","White","Commercial","Food Standards Agency","London","[c]","[c]","[c]","[c]"
"In post","2023","White","Commercial","Food Standards Agency","Outside London","15","15","[c]","[c]"
"In post","2023","White","Commercial","Foreign, Commonwealth and Development Office","London","20","20","[c]","[c]"
"In post","2023","White","Commercial","Foreign, Commonwealth and Development Office","Outside London","105","100","41000","39450"
"In post","2023","White","Commercial","Foreign, Commonwealth and Development Office","Overseas","5","5","[c]","[c]"
"In post","2023","White","Commercial","HM Land Registry","London","[c]","[c]","[c]","[c]"
"In post","2023","White","Commercial","HM Land Registry","Outside London","10","10","[c]","[c]"
"In post","2023","White","Commercial","HM Revenue and Customs","London","[c]","[c]","[c]","[c]"
"In post","2023","White","Commercial","HM Revenue and Customs","Outside London","90","85","39850","41780"
"In post","2023","White","Commercial","HM Treasury","London","[c]","[c]","[c]","[c]"
"In post","2023","White","Commercial","HM Treasury","Outside London","[c]","[c]","[c]","[c]"
"In post","2023","White","Commercial","Home Office","London","20","20","[c]","[c]"
"In post","2023","White","Commercial","Home Office","Outside London","35","35","38370","39190"
"In post","2023","White","Commercial","Ministry of Defence","London","35","35","43170","38680"
"In post","2023","White","Commercial","Ministry of Defence","Outside London","1740","1665","39890","36140"
"In post","2023","White","Commercial","Ministry of Defence","Overseas","20","20","[c]","[c]"
"In post","2023","White","Commercial","Ministry of Justice","London","55","55","42060","43650"
"In post","2023","White","Commercial","Ministry of Justice","Outside London","135","130","33590","31270"
"In post","2023","White","Commercial","Ministry of Justice","Unknown","[c]","[c]","[c]","[c]"
"In post","2023","White","Commercial","National Crime Agency","London","[c]","[c]","[c]","[c]"
"In post","2023","White","Commercial","National Crime Agency","Outside London","15","15","[c]","[c]"
"In post","2023","White","Commercial","Office for Standards in Education, Children's Services and Skills","Outside London","15","15","[c]","[c]"
"In post","2023","White","Commercial","Office of Qualifications and Examinations Regulation","Outside London","[c]","[c]","[c]","[c]"
"In post","2023","White","Commercial","Office of Rail and Road","London","[c]","[c]","[c]","[c]"
"In post","2023","White","Commercial","Scottish Government","Outside London","50","50","39820","37060"
"In post","2023","White","Commercial","The National Archives","London","20","20","[c]","[c]"
"In post","2023","White","Commercial","UK Export Finance","London","125","125","55930","52000"
"In post","2023","White","Commercial","UK Export Finance","Outside London","20","20","[c]","[c]"
"In post","2023","White","Commercial","UK Statistics Authority","London","[c]","[c]","[c]","[c]"
"In post","2023","White","Commercial","UK Statistics Authority","Outside London","30","30","43440","38140"
"In post","2023","White","Commercial","Water Services Regulation Authority","Outside London","[c]","[c]","[c]","[c]"
"In post","2023","White","Communications","Attorney General's Departments","London","45","45","46240","40540"
"In post","2023","White","Communications","Attorney General's Departments","Outside London","20","20","[c]","[c]"
"In post","2023","White","Communications","Cabinet Office","London","125","125","54470","55790"
"In post","2023","White","Communications","Cabinet Office","Outside London","20","20","[c]","[c]"
"In post","2023","White","Communications","Cabinet Office","Unknown","[c]","[c]","[c]","[c]"
"In post","2023","White","Communications","Chancellor's other departments","London","20","20","[c]","[c]"
"In post","2023","White","Communications","Chancellor's other departments","Outside London","[c]","[c]","[c]","[c]"
"In post","2023","White","Communications","Charity Commission","London","5","5","[c]","[c]"
"In post","2023","White","Communications","Charity Commission","Outside London","10","10","[c]","[c]"
"In post","2023","White","Communications","Competition and Markets Authority","London","15","15","[c]","[c]"
"In post","2023","White","Communications","Competition and Markets Authority","Outside London","[c]","[c]","[c]","[c]"
"In post","2023","White","Communications","Department for Business, Energy and Industrial Strategy","London","65","60","52150","47040"
"In post","2023","White","Communications","Department for Business, Energy and Industrial Strategy","Outside London","105","100","39130","37750"
"In post","2023","White","Communications","Department for Digital, Culture, Media and Sport","London","40","40","56370","58760"
"In post","2023","White","Communications","Department for Digital, Culture, Media and Sport","Outside London","10","10","[c]","[c]"
"In post","2023","White","Communications","Department for Education","London","90","85","48850","46600"
"In post","2023","White","Communications","Department for Education","Outside London","130","120","38190","37590"
"In post","2023","White","Communications","Department for Environment, Food and Rural Affairs","London","65","60","46750","40490"
"In post","2023","White","Communications","Department for Environment, Food and Rural Affairs","Outside London","145","135","37690","37300"
"In post","2023","White","Communications","Department for Environment, Food and Rural Affairs","Unknown","[c]","[c]","[c]","[c]"
"In post","2023","White","Communications","Department for International Trade","London","50","45","50330","43460"
"In post","2023","White","Communications","Department for International Trade","Outside London","[c]","[c]","[c]","[c]"
"In post","2023","White","Communications","Department for Levelling Up, Housing and Communities","London","45","45","48670","43180"
"In post","2023","White","Communications","Department for Levelling Up, Housing and Communities","Outside London","15","15","[c]","[c]"
"In post","2023","White","Communications","Department for Transport","London","25","25","[c]","[c]"
"In post","2023","White","Communications","Department for Transport","Outside London","115","105","33910","31350"
"In post","2023","White","Communications","Department for Work and Pensions","London","70","65","48390","48790"
"In post","2023","White","Communications","Department for Work and Pensions","Outside London","115","105","42480","40790"
"In post","2023","White","Communications","Department of Health and Social Care","London","125","120","50720","43690"
"In post","2023","White","Communications","Department of Health and Social Care","Outside London","20","20","[c]","[c]"
"In post","2023","White","Communications","Estyn","Outside London","10","5","[c]","[c]"
"In post","2023","White","Communications","Food Standards Agency","London","10","10","[c]","[c]"
"In post","2023","White","Communications","Food Standards Agency","Outside London","25","25","[c]","[c]"
"In post","2023","White","Communications","Foreign, Commonwealth and Development Office","London","70","65","52340","48070"
"In post","2023","White","Communications","Foreign, Commonwealth and Development Office","Outside London","15","15","[c]","[c]"
"In post","2023","White","Communications","HM Land Registry","London","5","5","[c]","[c]"
"In post","2023","White","Communications","HM Land Registry","Outside London","10","10","[c]","[c]"
"In post","2023","White","Communications","HM Revenue and Customs","London","60","60","55400","48230"
"In post","2023","White","Communications","HM Revenue and Customs","Outside London","145","140","44710","42510"
"In post","2023","White","Communications","HM Treasury","London","30","25","[c]","[c]"
"In post","2023","White","Communications","HM Treasury","Outside London","5","5","[c]","[c]"
"In post","2023","White","Communications","Home Office","London","55","55","54360","59290"
"In post","2023","White","Communications","Home Office","Outside London","5","5","[c]","[c]"
"In post","2023","White","Communications","Ministry of Defence","London","65","65","49580","48540"
"In post","2023","White","Communications","Ministry of Defence","Outside London","410","390","34820","33990"
"In post","2023","White","Communications","Ministry of Defence","Overseas","[c]","[c]","[c]","[c]"
"In post","2023","White","Communications","Ministry of Justice","London","80","80","49510","43820"
"In post","2023","White","Communications","Ministry of Justice","Outside London","55","55","42080","41360"
"In post","2023","White","Communications","National Crime Agency","London","10","10","[c]","[c]"
"In post","2023","White","Communications","National Crime Agency","Outside London","15","15","[c]","[c]"
"In post","2023","White","Communications","Northern Ireland Office","London","[c]","[c]","[c]","[c]"
"In post","2023","White","Communications","Northern Ireland Office","Outside London","[c]","[c]","[c]","[c]"
"In post","2023","White","Communications","Office for Standards in Education, Children's Services and Skills","London","20","20","[c]","[c]"
"In post","2023","White","Communications","Office for Standards in Education, Children's Services and Skills","Outside London","10","10","[c]","[c]"
"In post","2023","White","Communications","Office of Gas and Electricity Markets","London","25","25","[c]","[c]"
"In post","2023","White","Communications","Office of Gas and Electricity Markets","Outside London","25","25","[c]","[c]"
"In post","2023","White","Communications","Office of Qualifications and Examinations Regulation","Outside London","10","10","[c]","[c]"
"In post","2023","White","Communications","Office of Rail and Road","London","10","5","[c]","[c]"
"In post","2023","White","Communications","Office of Rail and Road","Outside London","[c]","[c]","[c]","[c]"
"In post","2023","White","Communications","Office of the Secretary of State for Scotland","London","[c]","[c]","[c]","[c]"
"In post","2023","White","Communications","Office of the Secretary of State for Scotland","Outside London","[c]","[c]","[c]","[c]"
"In post","2023","White","Communications","Office of the Secretary of State for Wales","London","[c]","[c]","[c]","[c]"
"In post","2023","White","Communications","Office of the Secretary of State for Wales","Outside London","[c]","[c]","[c]","[c]"
"In post","2023","White","Communications","Scottish Government","Outside London","35","35","42580","39590"
"In post","2023","White","Communications","The National Archives","London","10","10","[c]","[c]"
"In post","2023","White","Communications","UK Export Finance","London","50","50","61540","55700"
"In post","2023","White","Communications","UK Export Finance","Outside London","[c]","[c]","[c]","[c]"
"In post","2023","White","Communications","UK Statistics Authority","London","5","5","[c]","[c]"
"In post","2023","White","Communications","UK Statistics Authority","Outside London","50","45","39670","37760"
"In post","2023","White","Communications","UK Supreme Court","London","5","5","[c]","[c]"
"In post","2023","White","Communications","Water Services Regulation Authority","London","[c]","[c]","[c]","[c]"
"In post","2023","White","Communications","Water Services Regulation Authority","Outside London","5","5","[c]","[c]"
"In post","2023","White","Communications","Welsh Government","Outside London","[c]","[c]","[c]","[c]"
"In post","2023","White","Counter Fraud","Attorney General's Departments","London","155","155","48460","41680"
"In post","2023","White","Counter Fraud","Cabinet Office","London","45","45","55710","56430"
"In post","2023","White","Counter Fraud","Cabinet Office","Outside London","50","45","45620","38820"
"In post","2023","White","Counter Fraud","Cabinet Office","Unknown","10","10","[c]","[c]"
"In post","2023","White","Counter Fraud","Chancellor's other departments","Outside London","[c]","[c]","[c]","[c]"
"In post","2023","White","Counter Fraud","Department for Business, Energy and Industrial Strategy","London","25","25","[c]","[c]"
"In post","2023","White","Counter Fraud","Department for Business, Energy and Industrial Strategy","Outside London","285","265","33240","31620"
"In post","2023","White","Counter Fraud","Department for Digital, Culture, Media and Sport","London","[c]","[c]","[c]","[c]"
"In post","2023","White","Counter Fraud","Department for Digital, Culture, Media and Sport","Outside London","[c]","[c]","[c]","[c]"
"In post","2023","White","Counter Fraud","Department for Levelling Up, Housing and Communities","Outside London","[c]","[c]","[c]","[c]"
"In post","2023","White","Counter Fraud","Department for Transport","London","[c]","[c]","[c]","[c]"
"In post","2023","White","Counter Fraud","Department for Transport","Outside London","30","30","[c]","[c]"
"In post","2023","White","Counter Fraud","Department for Work and Pensions","London","280","260","33680","32520"
"In post","2023","White","Counter Fraud","Department for Work and Pensions","Outside London","4365","3915","28870","28120"
"In post","2023","White","Counter Fraud","Department for Work and Pensions","Unknown","[c]","[c]","[c]","[c]"
"In post","2023","White","Counter Fraud","Food Standards Agency","London","[c]","[c]","[c]","[c]"
"In post","2023","White","Counter Fraud","Food Standards Agency","Outside London","35","35","39200","34230"
"In post","2023","White","Counter Fraud","HM Land Registry","Outside London","[c]","[c]","[c]","[c]"
"In post","2023","White","Counter Fraud","HM Revenue and Customs","London","1025","980","43550","39790"
"In post","2023","White","Counter Fraud","HM Revenue and Customs","Outside London","5270","4940","36030","34700"
"In post","2023","White","Counter Fraud","Home Office","London","[c]","[c]","[c]","[c]"
"In post","2023","White","Counter Fraud","Home Office","Outside London","[c]","[c]","[c]","[c]"
"In post","2023","White","Counter Fraud","Ministry of Defence","London","10","10","[c]","[c]"
"In post","2023","White","Counter Fraud","Ministry of Defence","Outside London","5","5","[c]","[c]"
"In post","2023","White","Counter Fraud","Ministry of Justice","London","[c]","[c]","[c]","[c]"
"In post","2023","White","Counter Fraud","Ministry of Justice","Outside London","[c]","[c]","[c]","[c]"
"In post","2023","White","Debt","Department for Work and Pensions","London","10","10","[c]","[c]"
"In post","2023","White","Debt","Department for Work and Pensions","Outside London","1820","1565","23410","21690"
"In post","2023","White","Debt","Department for Work and Pensions","Unknown","5","5","[c]","[c]"
"In post","2023","White","Debt","HM Revenue and Customs","London","170","155","31700","26920"
"In post","2023","White","Debt","HM Revenue and Customs","Outside London","2435","2225","25840","22520"
"In post","2023","White","Debt","UK Export Finance","London","[c]","[c]","[c]","[c]"
"In post","2023","White","Digital, Data & Technology","Attorney General's Departments","London","80","80","49810","43740"
"In post","2023","White","Digital, Data & Technology","Attorney General's Departments","Outside London","130","130","40460","38940"
"In post","2023","White","Digital, Data & Technology","Cabinet Office","London","510","500","54620","56430"
"In post","2023","White","Digital, Data & Technology","Cabinet Office","Outside London","375","370","44820","40450"
"In post","2023","White","Digital, Data & Technology","Cabinet Office","Unknown","[c]","[c]","[c]","[c]"
"In post","2023","White","Digital, Data & Technology","Chancellor's other departments","London","5","5","[c]","[c]"
"In post","2023","White","Digital, Data & Technology","Chancellor's other departments","Outside London","[c]","[c]","[c]","[c]"
"In post","2023","White","Digital, Data & Technology","Charity Commission","London","[c]","[c]","[c]","[c]"
"In post","2023","White","Digital, Data & Technology","Charity Commission","Outside London","40","40","38300","38800"
"In post","2023","White","Digital, Data & Technology","Competition and Markets Authority","London","30","30","59730","58910"
"In post","2023","White","Digital, Data & Technology","Competition and Markets Authority","Outside London","5","5","[c]","[c]"
"In post","2023","White","Digital, Data & Technology","Department for Business, Energy and Industrial Strategy","London","115","115","48240","42470"
"In post","2023","White","Digital, Data & Technology","Department for Business, Energy and Industrial Strategy","Outside London","1580","1515","40320","39650"
"In post","2023","White","Digital, Data & Technology","Department for Business, Energy and Industrial Strategy","Overseas","25","25","[c]","[c]"
"In post","2023","White","Digital, Data & Technology","Department for Digital, Culture, Media and Sport","London","15","15","[c]","[c]"
"In post","2023","White","Digital, Data & Technology","Department for Digital, Culture, Media and Sport","Outside London","5","5","[c]","[c]"
"In post","2023","White","Digital, Data & Technology","Department for Education","London","80","80","54340","55020"
"In post","2023","White","Digital, Data & Technology","Department for Education","Outside London","615","600","42360","37880"
"In post","2023","White","Digital, Data & Technology","Department for Environment, Food and Rural Affairs","London","80","80","49550","54330"
"In post","2023","White","Digital, Data & Technology","Department for Environment, Food and Rural Affairs","Outside London","655","635","43220","49400"
"In post","2023","White","Digital, Data & Technology","Department for International Trade","London","80","80","54740","52590"
"In post","2023","White","Digital, Data & Technology","Department for International Trade","Outside London","40","40","46030","39700"
"In post","2023","White","Digital, Data & Technology","Department for Levelling Up, Housing and Communities","London","60","55","58720","54630"
"In post","2023","White","Digital, Data & Technology","Department for Levelling Up, Housing and Communities","Outside London","75","75","44550","42280"
"In post","2023","White","Digital, Data & Technology","Department for Transport","London","30","30","[c]","[c]"
"In post","2023","White","Digital, Data & Technology","Department for Transport","Outside London","840","820","41760","39820"
"In post","2023","White","Digital, Data & Technology","Department for Work and Pensions","London","115","110","51830","44240"
"In post","2023","White","Digital, Data & Technology","Department for Work and Pensions","Outside London","3145","2995","43020","38470"
"In post","2023","White","Digital, Data & Technology","Department for Work and Pensions","Unknown","15","15","[c]","[c]"
"In post","2023","White","Digital, Data & Technology","Department of Health and Social Care","London","120","115","51170","53400"
"In post","2023","White","Digital, Data & Technology","Department of Health and Social Care","Outside London","105","100","50050","49590"
"In post","2023","White","Digital, Data & Technology","Food Standards Agency","London","5","5","[c]","[c]"
"In post","2023","White","Digital, Data & Technology","Food Standards Agency","Outside London","40","40","46540","40960"
"In post","2023","White","Digital, Data & Technology","Foreign, Commonwealth and Development Office","London","65","60","53620","53690"
"In post","2023","White","Digital, Data & Technology","Foreign, Commonwealth and Development Office","Outside London","215","215","44090","42550"
"In post","2023","White","Digital, Data & Technology","Foreign, Commonwealth and Development Office","Overseas","[c]","[c]","[c]","[c]"
"In post","2023","White","Digital, Data & Technology","HM Land Registry","London","15","15","[c]","[c]"
"In post","2023","White","Digital, Data & Technology","HM Land Registry","Outside London","450","420","40260","39460"
"In post","2023","White","Digital, Data & Technology","HM Revenue and Customs","London","255","250","52720","45950"
"In post","2023","White","Digital, Data & Technology","HM Revenue and Customs","Outside London","2275","2205","43650","42140"
"In post","2023","White","Digital, Data & Technology","HM Treasury","London","15","15","[c]","[c]"
"In post","2023","White","Digital, Data & Technology","HM Treasury","Outside London","10","10","[c]","[c]"
"In post","2023","White","Digital, Data & Technology","Home Office","London","345","335","54550","52860"
"In post","2023","White","Digital, Data & Technology","Home Office","Outside London","390","380","45350","41940"
"In post","2023","White","Digital, Data & Technology","Home Office","Unknown","[c]","[c]","[c]","[c]"
"In post","2023","White","Digital, Data & Technology","Ministry of Defence","London","185","180","42820","38020"
"In post","2023","White","Digital, Data & Technology","Ministry of Defence","Outside London","2360","2305","36250","33990"
"In post","2023","White","Digital, Data & Technology","Ministry of Defence","Overseas","30","30","41240","43140"
"In post","2023","White","Digital, Data & Technology","Ministry of Defence","Unknown","[c]","[c]","[c]","[c]"
"In post","2023","White","Digital, Data & Technology","Ministry of Justice","London","315","305","54080","55720"
"In post","2023","White","Digital, Data & Technology","Ministry of Justice","Outside London","490","480","44040","37840"
"In post","2023","White","Digital, Data & Technology","Ministry of Justice","Unknown","[c]","[c]","[c]","[c]"
"In post","2023","White","Digital, Data & Technology","National Crime Agency","London","60","60","54070","50980"
"In post","2023","White","Digital, Data & Technology","National Crime Agency","Outside London","140","135","42030","38640"
"In post","2023","White","Digital, Data & Technology","National Crime Agency","Unknown","[c]","[c]","[c]","[c]"
"In post","2023","White","Digital, Data & Technology","Northern Ireland Office","London","[c]","[c]","[c]","[c]"
"In post","2023","White","Digital, Data & Technology","Northern Ireland Office","Outside London","[c]","[c]","[c]","[c]"
"In post","2023","White","Digital, Data & Technology","Office for Standards in Education, Children's Services and Skills","London","15","10","[c]","[c]"
"In post","2023","White","Digital, Data & Technology","Office for Standards in Education, Children's Services and Skills","Outside London","70","70","46590","41050"
"In post","2023","White","Digital, Data & Technology","Office of Gas and Electricity Markets","London","40","40","54190","46200"
"In post","2023","White","Digital, Data & Technology","Office of Gas and Electricity Markets","Outside London","45","45","48200","43890"
"In post","2023","White","Digital, Data & Technology","Office of Qualifications and Examinations Regulation","Outside London","20","20","[c]","[c]"
"In post","2023","White","Digital, Data & Technology","Office of Rail and Road","London","[c]","[c]","[c]","[c]"
"In post","2023","White","Digital, Data & Technology","Office of Rail and Road","Outside London","[c]","[c]","[c]","[c]"
"In post","2023","White","Digital, Data & Technology","Scottish Government","Outside London","130","130","43440","39590"
"In post","2023","White","Digital, Data & Technology","The National Archives","London","95","90","43070","44980"
"In post","2023","White","Digital, Data & Technology","UK Export Finance","London","30","30","62350","64380"
"In post","2023","White","Digital, Data & Technology","UK Statistics Authority","London","20","20","[c]","[c]"
"In post","2023","White","Digital, Data & Technology","UK Statistics Authority","Outside London","585","565","43130","39200"
"In post","2023","White","Digital, Data & Technology","UK Supreme Court","London","[c]","[c]","[c]","[c]"
"In post","2023","White","Digital, Data & Technology","Water Services Regulation Authority","London","5","5","[c]","[c]"
"In post","2023","White","Digital, Data & Technology","Water Services Regulation Authority","Outside London","15","15","[c]","[c]"
"In post","2023","White","Digital, Data & Technology","Welsh Government","Outside London","[c]","[c]","[c]","[c]"
"In post","2023","White","Finance","Attorney General's Departments","London","40","40","49430","40540"
"In post","2023","White","Finance","Attorney General's Departments","Outside London","65","60","34450","31180"
"In post","2023","White","Finance","Cabinet Office","London","85","85","40900","32960"
"In post","2023","White","Finance","Cabinet Office","Outside London","70","70","41580","33020"
"In post","2023","White","Finance","Cabinet Office","Unknown","[c]","[c]","[c]","[c]"
"In post","2023","White","Finance","Chancellor's other departments","London","10","10","[c]","[c]"
"In post","2023","White","Finance","Charity Commission","Outside London","5","5","[c]","[c]"
"In post","2023","White","Finance","Competition and Markets Authority","London","5","5","[c]","[c]"
"In post","2023","White","Finance","Competition and Markets Authority","Outside London","[c]","[c]","[c]","[c]"
"In post","2023","White","Finance","Department for Business, Energy and Industrial Strategy","London","75","70","58410","59620"
"In post","2023","White","Finance","Department for Business, Energy and Industrial Strategy","Outside London","150","145","38950","33820"
"In post","2023","White","Finance","Department for Digital, Culture, Media and Sport","London","45","45","60140","58030"
"In post","2023","White","Finance","Department for Digital, Culture, Media and Sport","Outside London","15","15","[c]","[c]"
"In post","2023","White","Finance","Department for Education","London","50","45","63910","63940"
"In post","2023","White","Finance","Department for Education","Outside London","400","385","44300","38800"
"In post","2023","White","Finance","Department for Environment, Food and Rural Affairs","London","30","30","55860","54330"
"In post","2023","White","Finance","Department for Environment, Food and Rural Affairs","Outside London","300","290","42610","37710"
"In post","2023","White","Finance","Department for Environment, Food and Rural Affairs","Unknown","[c]","[c]","[c]","[c]"
"In post","2023","White","Finance","Department for International Trade","London","30","30","[c]","[c]"
"In post","2023","White","Finance","Department for International Trade","Outside London","[c]","[c]","[c]","[c]"
"In post","2023","White","Finance","Department for Levelling Up, Housing and Communities","London","45","40","54590","54630"
"In post","2023","White","Finance","Department for Levelling Up, Housing and Communities","Outside London","50","50","48300","48310"
"In post","2023","White","Finance","Department for Transport","London","50","50","61570","60990"
"In post","2023","White","Finance","Department for Transport","Outside London","250","240","36510","32240"
"In post","2023","White","Finance","Department for Work and Pensions","London","160","150","50790","43760"
"In post","2023","White","Finance","Department for Work and Pensions","Outside London","1450","1345","38930","38470"
"In post","2023","White","Finance","Department for Work and Pensions","Unknown","5","5","[c]","[c]"
"In post","2023","White","Finance","Department of Health and Social Care","London","85","85","53920","54660"
"In post","2023","White","Finance","Department of Health and Social Care","Outside London","145","140","43940","39090"
"In post","2023","White","Finance","Estyn","Outside London","5","5","[c]","[c]"
"In post","2023","White","Finance","Food Standards Agency","London","[c]","[c]","[c]","[c]"
"In post","2023","White","Finance","Food Standards Agency","Outside London","35","35","44630","38380"
"In post","2023","White","Finance","Foreign, Commonwealth and Development Office","London","100","100","54170","54290"
"In post","2023","White","Finance","Foreign, Commonwealth and Development Office","Outside London","275","260","35570","28540"
"In post","2023","White","Finance","Foreign, Commonwealth and Development Office","Overseas","10","10","[c]","[c]"
"In post","2023","White","Finance","HM Land Registry","London","20","20","[c]","[c]"
"In post","2023","White","Finance","HM Land Registry","Outside London","10","10","[c]","[c]"
"In post","2023","White","Finance","HM Revenue and Customs","London","255","245","52180","45960"
"In post","2023","White","Finance","HM Revenue and Customs","Outside London","1770","1575","33490","28130"
"In post","2023","White","Finance","HM Treasury","London","45","45","52660","54090"
"In post","2023","White","Finance","HM Treasury","Outside London","20","20","[c]","[c]"
"In post","2023","White","Finance","Home Office","London","75","70","61460","59510"
"In post","2023","White","Finance","Home Office","Outside London","75","75","44470","39190"
"In post","2023","White","Finance","Ministry of Defence","London","120","120","53600","46470"
"In post","2023","White","Finance","Ministry of Defence","Outside London","1655","1590","40320","34580"
"In post","2023","White","Finance","Ministry of Defence","Overseas","25","25","[c]","[c]"
"In post","2023","White","Finance","Ministry of Justice","London","150","145","53740","55720"
"In post","2023","White","Finance","Ministry of Justice","Outside London","275","265","40770","38450"
"In post","2023","White","Finance","Ministry of Justice","Unknown","[c]","[c]","[c]","[c]"
"In post","2023","White","Finance","National Crime Agency","London","[c]","[c]","[c]","[c]"
"In post","2023","White","Finance","National Crime Agency","Outside London","45","40","40040","38640"
"In post","2023","White","Finance","Northern Ireland Office","London","[c]","[c]","[c]","[c]"
"In post","2023","White","Finance","Northern Ireland Office","Outside London","5","5","[c]","[c]"
"In post","2023","White","Finance","Office for Standards in Education, Children's Services and Skills","London","[c]","[c]","[c]","[c]"
"In post","2023","White","Finance","Office for Standards in Education, Children's Services and Skills","Outside London","25","25","[c]","[c]"
"In post","2023","White","Finance","Office of Gas and Electricity Markets","London","10","10","[c]","[c]"
"In post","2023","White","Finance","Office of Gas and Electricity Markets","Outside London","20","20","[c]","[c]"
"In post","2023","White","Finance","Office of Qualifications and Examinations Regulation","Outside London","5","5","[c]","[c]"
"In post","2023","White","Finance","Office of Rail and Road","London","[c]","[c]","[c]","[c]"
"In post","2023","White","Finance","Office of Rail and Road","Outside London","[c]","[c]","[c]","[c]"
"In post","2023","White","Finance","Office of the Secretary of State for Scotland","London","[c]","[c]","[c]","[c]"
"In post","2023","White","Finance","Office of the Secretary of State for Wales","London","[c]","[c]","[c]","[c]"
"In post","2023","White","Finance","Scottish Government","Outside London","90","85","38470","36800"
"In post","2023","White","Finance","The National Archives","London","5","5","[c]","[c]"
"In post","2023","White","Finance","UK Export Finance","London","25","25","[c]","[c]"
"In post","2023","White","Finance","UK Statistics Authority","London","[c]","[c]","[c]","[c]"
"In post","2023","White","Finance","UK Statistics Authority","Outside London","45","40","42150","37690"
"In post","2023","White","Finance","UK Supreme Court","London","[c]","[c]","[c]","[c]"
"In post","2023","White","Finance","Water Services Regulation Authority","London","[c]","[c]","[c]","[c]"
"In post","2023","White","Finance","Water Services Regulation Authority","Outside London","15","15","[c]","[c]"
"In post","2023","White","Finance","Welsh Government","Outside London","[c]","[c]","[c]","[c]"
"In post","2023","White","Grants Management","Department for Environment, Food and Rural Affairs","London","[c]","[c]","[c]","[c]"
"In post","2023","White","Grants Management","Department for Environment, Food and Rural Affairs","Outside London","1785","1645","26160","22150"
"In post","2023","White","Grants Management","Department of Health and Social Care","London","[c]","[c]","[c]","[c]"
"In post","2023","White","Grants Management","Department of Health and Social Care","Outside London","[c]","[c]","[c]","[c]"
"In post","2023","White","Grants Management","Home Office","London","25","25","[c]","[c]"
"In post","2023","White","Grants Management","Home Office","Outside London","[c]","[c]","[c]","[c]"
"In post","2023","White","Grants Management","The National Archives","London","5","5","[c]","[c]"
"In post","2023","White","Human Resources","Attorney General's Departments","London","70","65","48090","41340"
"In post","2023","White","Human Resources","Attorney General's Departments","Outside London","115","115","37420","32520"
"In post","2023","White","Human Resources","Cabinet Office","London","195","185","53920","56430"
"In post","2023","White","Human Resources","Cabinet Office","Outside London","515","480","36460","33020"
"In post","2023","White","Human Resources","Cabinet Office","Unknown","15","15","[c]","[c]"
"In post","2023","White","Human Resources","Chancellor's other departments","London","10","10","[c]","[c]"
"In post","2023","White","Human Resources","Chancellor's other departments","Outside London","[c]","[c]","[c]","[c]"
"In post","2023","White","Human Resources","Charity Commission","Outside London","15","15","[c]","[c]"
"In post","2023","White","Human Resources","Competition and Markets Authority","London","20","20","[c]","[c]"
"In post","2023","White","Human Resources","Competition and Markets Authority","Outside London","[c]","[c]","[c]","[c]"
"In post","2023","White","Human Resources","Department for Business, Energy and Industrial Strategy","London","75","70","54340","55350"
"In post","2023","White","Human Resources","Department for Business, Energy and Industrial Strategy","Outside London","255","240","40220","37420"
"In post","2023","White","Human Resources","Department for Digital, Culture, Media and Sport","London","35","30","51230","43790"
"In post","2023","White","Human Resources","Department for Digital, Culture, Media and Sport","Outside London","15","15","[c]","[c]"
"In post","2023","White","Human Resources","Department for Education","London","20","20","[c]","[c]"
"In post","2023","White","Human Resources","Department for Education","Outside London","140","130","39690","37590"
"In post","2023","White","Human Resources","Department for Environment, Food and Rural Affairs","London","30","30","[c]","[c]"
"In post","2023","White","Human Resources","Department for Environment, Food and Rural Affairs","Outside London","205","195","44210","40410"
"In post","2023","White","Human Resources","Department for International Trade","London","50","50","49230","53540"
"In post","2023","White","Human Resources","Department for International Trade","Outside London","20","20","[c]","[c]"
"In post","2023","White","Human Resources","Department for Levelling Up, Housing and Communities","London","20","20","[c]","[c]"
"In post","2023","White","Human Resources","Department for Levelling Up, Housing and Communities","Outside London","60","55","38250","33450"
"In post","2023","White","Human Resources","Department for Transport","London","45","45","53930","55190"
"In post","2023","White","Human Resources","Department for Transport","Outside London","315","295","36660","33080"
"In post","2023","White","Human Resources","Department for Work and Pensions","London","130","120","45390","39780"
"In post","2023","White","Human Resources","Department for Work and Pensions","Outside London","1180","1090","35590","34170"
"In post","2023","White","Human Resources","Department for Work and Pensions","Unknown","10","5","[c]","[c]"
"In post","2023","White","Human Resources","Department of Health and Social Care","London","85","85","50640","53400"
"In post","2023","White","Human Resources","Department of Health and Social Care","Outside London","90","85","43790","38970"
"In post","2023","White","Human Resources","Estyn","Outside London","[c]","[c]","[c]","[c]"
"In post","2023","White","Human Resources","Food Standards Agency","London","[c]","[c]","[c]","[c]"
"In post","2023","White","Human Resources","Food Standards Agency","Outside London","40","35","42140","38100"
"In post","2023","White","Human Resources","Foreign, Commonwealth and Development Office","London","180","180","52680","50060"
"In post","2023","White","Human Resources","Foreign, Commonwealth and Development Office","Outside London","80","70","42730","34950"
"In post","2023","White","Human Resources","Foreign, Commonwealth and Development Office","Overseas","5","5","[c]","[c]"
"In post","2023","White","Human Resources","HM Land Registry","London","5","5","[c]","[c]"
"In post","2023","White","Human Resources","HM Land Registry","Outside London","75","65","39280","34850"
"In post","2023","White","Human Resources","HM Revenue and Customs","London","105","100","61760","65230"
"In post","2023","White","Human Resources","HM Revenue and Customs","Outside London","1080","1010","40290","35000"
"In post","2023","White","Human Resources","HM Treasury","London","50","45","49810","53550"
"In post","2023","White","Human Resources","HM Treasury","Outside London","50","50","35480","30510"
"In post","2023","White","Human Resources","HM Treasury","Unknown","[c]","[c]","[c]","[c]"
"In post","2023","White","Human Resources","Home Office","London","135","130","53240","59110"
"In post","2023","White","Human Resources","Home Office","Outside London","120","115","42860","39190"
"In post","2023","White","Human Resources","Ministry of Defence","London","185","175","49960","45750"
"In post","2023","White","Human Resources","Ministry of Defence","Outside London","3155","3050","33780","31750"
"In post","2023","White","Human Resources","Ministry of Defence","Overseas","60","60","57870","56000"
"In post","2023","White","Human Resources","Ministry of Defence","Unknown","[c]","[c]","[c]","[c]"
"In post","2023","White","Human Resources","Ministry of Justice","London","220","215","52100","48070"
"In post","2023","White","Human Resources","Ministry of Justice","Outside London","810","780","39510","37680"
"In post","2023","White","Human Resources","Ministry of Justice","Unknown","[c]","[c]","[c]","[c]"
"In post","2023","White","Human Resources","National Crime Agency","London","35","35","50070","49650"
"In post","2023","White","Human Resources","National Crime Agency","Outside London","120","110","41290","39270"
"In post","2023","White","Human Resources","National Crime Agency","Unknown","[c]","[c]","[c]","[c]"
"In post","2023","White","Human Resources","Northern Ireland Office","London","[c]","[c]","[c]","[c]"
"In post","2023","White","Human Resources","Office for Standards in Education, Children's Services and Skills","London","[c]","[c]","[c]","[c]"
"In post","2023","White","Human Resources","Office for Standards in Education, Children's Services and Skills","Outside London","65","65","40160","33130"
"In post","2023","White","Human Resources","Office of Gas and Electricity Markets","London","10","10","[c]","[c]"
"In post","2023","White","Human Resources","Office of Gas and Electricity Markets","Outside London","35","35","37680","36580"
"In post","2023","White","Human Resources","Office of Qualifications and Examinations Regulation","Outside London","10","10","[c]","[c]"
"In post","2023","White","Human Resources","Office of Rail and Road","London","[c]","[c]","[c]","[c]"
"In post","2023","White","Human Resources","Office of Rail and Road","Outside London","[c]","[c]","[c]","[c]"
"In post","2023","White","Human Resources","Office of the Secretary of State for Wales","London","[c]","[c]","[c]","[c]"
"In post","2023","White","Human Resources","Office of the Secretary of State for Wales","Outside London","[c]","[c]","[c]","[c]"
"In post","2023","White","Human Resources","Scottish Government","Outside London","205","195","39390","37060"
"In post","2023","White","Human Resources","The National Archives","London","10","10","[c]","[c]"
"In post","2023","White","Human Resources","UK Export Finance","London","25","20","[c]","[c]"
"In post","2023","White","Human Resources","UK Statistics Authority","London","[c]","[c]","[c]","[c]"
"In post","2023","White","Human Resources","UK Statistics Authority","Outside London","165","150","36350","31660"
"In post","2023","White","Human Resources","UK Supreme Court","London","[c]","[c]","[c]","[c]"
"In post","2023","White","Human Resources","Water Services Regulation Authority","Outside London","10","10","[c]","[c]"
"In post","2023","White","Human Resources","Welsh Government","Outside London","[c]","[c]","[c]","[c]"
"In post","2023","White","Internal Audit","Department for Business, Energy and Industrial Strategy","Outside London","5","5","[c]","[c]"
"In post","2023","White","Internal Audit","Department for Education","Outside London","[c]","[c]","[c]","[c]"
"In post","2023","White","Internal Audit","Department for Transport","Outside London","15","15","[c]","[c]"
"In post","2023","White","Internal Audit","Food Standards Agency","London","[c]","[c]","[c]","[c]"
"In post","2023","White","Internal Audit","Food Standards Agency","Outside London","10","10","[c]","[c]"
"In post","2023","White","Internal Audit","Foreign, Commonwealth and Development Office","London","10","10","[c]","[c]"
"In post","2023","White","Internal Audit","Foreign, Commonwealth and Development Office","Outside London","45","45","42990","41660"
"In post","2023","White","Internal Audit","HM Land Registry","London","[c]","[c]","[c]","[c]"
"In post","2023","White","Internal Audit","HM Land Registry","Outside London","5","5","[c]","[c]"
"In post","2023","White","Internal Audit","HM Revenue and Customs","London","5","5","[c]","[c]"
"In post","2023","White","Internal Audit","HM Revenue and Customs","Outside London","35","30","50980","44930"
"In post","2023","White","Internal Audit","HM Treasury","London","60","60","59690","55680"
"In post","2023","White","Internal Audit","HM Treasury","Outside London","160","150","50980","48780"
"In post","2023","White","Internal Audit","HM Treasury","Unknown","15","15","[c]","[c]"
"In post","2023","White","Internal Audit","Ministry of Defence","London","5","5","[c]","[c]"
"In post","2023","White","Internal Audit","Ministry of Defence","Outside London","90","85","37340","34330"
"In post","2023","White","Internal Audit","Ministry of Defence","Overseas","[c]","[c]","[c]","[c]"
"In post","2023","White","Internal Audit","Ministry of Justice","London","5","5","[c]","[c]"
"In post","2023","White","Internal Audit","Ministry of Justice","Outside London","40","40","52190","53200"
"In post","2023","White","Internal Audit","Scottish Government","Outside London","5","5","[c]","[c]"
"In post","2023","White","Internal Audit","UK Export Finance","London","[c]","[c]","[c]","[c]"
"In post","2023","White","Internal Audit","UK Statistics Authority","Outside London","[c]","[c]","[c]","[c]"
"In post","2023","White","Legal","Attorney General's Departments","London","2130","1990","55300","54120"
"In post","2023","White","Legal","Attorney General's Departments","Outside London","4175","3880","41640","38760"
"In post","2023","White","Legal","Attorney General's Departments","Overseas","[c]","[c]","[c]","[c]"
"In post","2023","White","Legal","Cabinet Office","London","45","40","81060","81600"
"In post","2023","White","Legal","Charity Commission","London","[c]","[c]","[c]","[c]"
"In post","2023","White","Legal","Charity Commission","Outside London","5","5","[c]","[c]"
"In post","2023","White","Legal","Competition and Markets Authority","London","110","105","74670","73510"
"In post","2023","White","Legal","Competition and Markets Authority","Outside London","15","10","[c]","[c]"
"In post","2023","White","Legal","Department for Business, Energy and Industrial Strategy","London","10","10","[c]","[c]"
"In post","2023","White","Legal","Department for Business, Energy and Industrial Strategy","Outside London","70","65","49040","45150"
"In post","2023","White","Legal","Department for Education","London","10","10","[c]","[c]"
"In post","2023","White","Legal","Department for Education","Outside London","50","45","56100","62540"
"In post","2023","White","Legal","Department for Transport","Outside London","15","15","[c]","[c]"
"In post","2023","White","Legal","Department for Work and Pensions","London","[c]","[c]","[c]","[c]"
"In post","2023","White","Legal","Department for Work and Pensions","Outside London","70","65","37590","34170"
"In post","2023","White","Legal","Department for Work and Pensions","Unknown","[c]","[c]","[c]","[c]"
"In post","2023","White","Legal","Department of Health and Social Care","London","35","30","53640","54460"
"In post","2023","White","Legal","Department of Health and Social Care","Outside London","50","45","50750","50610"
"In post","2023","White","Legal","Food Standards Agency","London","[c]","[c]","[c]","[c]"
"In post","2023","White","Legal","Food Standards Agency","Outside London","10","10","[c]","[c]"
"In post","2023","White","Legal","Foreign, Commonwealth and Development Office","London","70","60","63350","65080"
"In post","2023","White","Legal","Foreign, Commonwealth and Development Office","Outside London","50","40","48160","54660"
"In post","2023","White","Legal","HM Land Registry","London","25","20","[c]","[c]"
"In post","2023","White","Legal","HM Land Registry","Outside London","175","160","50820","57880"
"In post","2023","White","Legal","HM Revenue and Customs","London","215","205","63870","65230"
"In post","2023","White","Legal","HM Revenue and Customs","Outside London","670","615","40680","35000"
"In post","2023","White","Legal","HM Treasury","London","[c]","[c]","[c]","[c]"
"In post","2023","White","Legal","Ministry of Defence","London","5","5","[c]","[c]"
"In post","2023","White","Legal","Ministry of Defence","Outside London","20","20","[c]","[c]"
"In post","2023","White","Legal","Ministry of Defence","Overseas","[c]","[c]","[c]","[c]"
"In post","2023","White","Legal","Ministry of Justice","London","15","15","[c]","[c]"
"In post","2023","White","Legal","Ministry of Justice","Outside London","40","40","33530","26630"
"In post","2023","White","Legal","Ministry of Justice","Unknown","[c]","[c]","[c]","[c]"
"In post","2023","White","Legal","National Crime Agency","London","25","25","[c]","[c]"
"In post","2023","White","Legal","National Crime Agency","Outside London","[c]","[c]","[c]","[c]"
"In post","2023","White","Legal","Office for Standards in Education, Children's Services and Skills","London","15","15","[c]","[c]"
"In post","2023","White","Legal","Office for Standards in Education, Children's Services and Skills","Outside London","[c]","[c]","[c]","[c]"
"In post","2023","White","Legal","Office of Gas and Electricity Markets","London","40","40","65580","66300"
"In post","2023","White","Legal","Office of Gas and Electricity Markets","Outside London","20","20","[c]","[c]"
"In post","2023","White","Legal","Office of Qualifications and Examinations Regulation","Outside London","10","10","[c]","[c]"
"In post","2023","White","Legal","Office of Rail and Road","London","5","5","[c]","[c]"
"In post","2023","White","Legal","Office of Rail and Road","Outside London","[c]","[c]","[c]","[c]"
"In post","2023","White","Legal","Scottish Government","Outside London","655","620","61750","58850"
"In post","2023","White","Legal","The National Archives","London","[c]","[c]","[c]","[c]"
"In post","2023","White","Legal","UK Export Finance","London","20","20","[c]","[c]"
"In post","2023","White","Legal","UK Supreme Court","London","30","30","[c]","[c]"
"In post","2023","White","Legal","Water Services Regulation Authority","London","[c]","[c]","[c]","[c]"
"In post","2023","White","Legal","Water Services Regulation Authority","Outside London","5","5","[c]","[c]"
"In post","2023","White","Legal","Welsh Government","London","[c]","[c]","[c]","[c]"
"In post","2023","White","Legal","Welsh Government","Outside London","[c]","[c]","[c]","[c]"
"In post","2023","White","No function","Attorney General's Departments","London","35","35","50220","42000"
"In post","2023","White","No function","Cabinet Office","London","935","920","52850","56430"
"In post","2023","White","No function","Cabinet Office","Outside London","250","245","43700","40620"
"In post","2023","White","No function","Cabinet Office","Unknown","25","25","[c]","[c]"
"In post","2023","White","No function","Chancellor's other departments","London","25","25","[c]","[c]"
"In post","2023","White","No function","Chancellor's other departments","Outside London","20","20","[c]","[c]"
"In post","2023","White","No function","Charity Commission","London","30","30","43920","38800"
"In post","2023","White","No function","Charity Commission","Outside London","210","200","32950","30170"
"In post","2023","White","No function","Department for Business, Energy and Industrial Strategy","London","2845","2765","54030","55120"
"In post","2023","White","No function","Department for Business, Energy and Industrial Strategy","Outside London","2975","2785","36490","31750"
"In post","2023","White","No function","Department for Digital, Culture, Media and Sport","London","865","845","51150","53030"
"In post","2023","White","No function","Department for Digital, Culture, Media and Sport","Outside London","115","115","40950","35620"
"In post","2023","White","No function","Department for Education","London","810","770","55660","55380"
"In post","2023","White","No function","Department for Education","Outside London","1975","1890","42570","37590"
"In post","2023","White","No function","Department for Environment, Food and Rural Affairs","London","1485","1435","47680","41400"
"In post","2023","White","No function","Department for Environment, Food and Rural Affairs","Outside London","3740","3570","35430","30990"
"In post","2023","White","No function","Department for Environment, Food and Rural Affairs","Unknown","[c]","[c]","[c]","[c]"
"In post","2023","White","No function","Department for International Trade","London","985","975","51040","51370"
"In post","2023","White","No function","Department for International Trade","Outside London","360","350","42910","39760"
"In post","2023","White","No function","Department for International Trade","Overseas","90","90","58520","57560"
"In post","2023","White","No function","Department for Levelling Up, Housing and Communities","London","1005","980","53060","54630"
"In post","2023","White","No function","Department for Levelling Up, Housing and Communities","Outside London","1225","1150","45350","43740"
"In post","2023","White","No function","Department for Transport","London","1165","1125","51520","47410"
"In post","2023","White","No function","Department for Transport","Outside London","7450","6680","28100","26960"
"In post","2023","White","No function","Department for Transport","Overseas","15","15","[c]","[c]"
"In post","2023","White","No function","Department for Transport","Unknown","[c]","[c]","[c]","[c]"
"In post","2023","White","No function","Department for Work and Pensions","London","1645","1530","35980","32520"
"In post","2023","White","No function","Department for Work and Pensions","Outside London","47495","41805","27570","28120"
"In post","2023","White","No function","Department for Work and Pensions","Unknown","160","150","29230","28120"
"In post","2023","White","No function","Department of Health and Social Care","London","1775","1700","53870","53400"
"In post","2023","White","No function","Department of Health and Social Care","Outside London","2455","2305","45420","40110"
"In post","2023","White","No function","Department of Health and Social Care","Overseas","[c]","[c]","[c]","[c]"
"In post","2023","White","No function","Department of Health and Social Care","Unknown","[c]","[c]","[c]","[c]"
"In post","2023","White","No function","Food Standards Agency","London","85","80","46910","41780"
"In post","2023","White","No function","Food Standards Agency","Outside London","800","765","36630","31260"
"In post","2023","White","No function","Food Standards Agency","Overseas","[c]","[c]","[c]","[c]"
"In post","2023","White","No function","Foreign, Commonwealth and Development Office","London","1225","1200","53810","54960"
"In post","2023","White","No function","Foreign, Commonwealth and Development Office","Outside London","135","125","47560","49960"
"In post","2023","White","No function","Foreign, Commonwealth and Development Office","Overseas","1320","1315","54350","54590"
"In post","2023","White","No function","HM Land Registry","London","125","115","38050","38410"
"In post","2023","White","No function","HM Land Registry","Outside London","3765","3330","30260","28080"
"In post","2023","White","No function","HM Revenue and Customs","London","1310","1230","48600","42060"
"In post","2023","White","No function","HM Revenue and Customs","Outside London","20795","18985","32280","28130"
"In post","2023","White","No function","HM Treasury","London","1070","1050","50740","54090"
"In post","2023","White","No function","HM Treasury","Outside London","190","185","42240","33210"
"In post","2023","White","No function","HM Treasury","Unknown","[c]","[c]","[c]","[c]"
"In post","2023","White","No function","Home Office","London","4745","4510","45640","43000"
"In post","2023","White","No function","Home Office","Outside London","16760","15530","29540","26180"
"In post","2023","White","No function","Home Office","Overseas","85","85","[c]","[c]"
"In post","2023","White","No function","Home Office","Unknown","105","95","29830","27130"
"In post","2023","White","No function","Ministry of Defence","London","1510","1475","45470","44040"
"In post","2023","White","No function","Ministry of Defence","Outside London","16960","16205","32800","28370"
"In post","2023","White","No function","Ministry of Defence","Overseas","190","190","56770","54580"
"In post","2023","White","No function","Ministry of Defence","Unknown","20","20","[c]","[c]"
"In post","2023","White","No function","Ministry of Justice","London","5745","5460","39780","35580"
"In post","2023","White","No function","Ministry of Justice","Outside London","55220","51385","30970","29050"
"In post","2023","White","No function","Ministry of Justice","Unknown","60","60","27200","25830"
"In post","2023","White","No function","National Crime Agency","London","870","855","47970","45230"
"In post","2023","White","No function","National Crime Agency","Outside London","2605","2535","40350","38310"
"In post","2023","White","No function","National Crime Agency","Overseas","100","100","48140","47380"
"In post","2023","White","No function","National Crime Agency","Unknown","75","70","47720","47380"
"In post","2023","White","No function","Office for Standards in Education, Children's Services and Skills","London","140","135","59180","52750"
"In post","2023","White","No function","Office for Standards in Education, Children's Services and Skills","Outside London","1175","1140","55560","52750"
"In post","2023","White","No function","Office of Gas and Electricity Markets","London","220","215","51820","48330"
"In post","2023","White","No function","Office of Gas and Electricity Markets","Outside London","295","295","35340","30950"
"In post","2023","White","No function","Office of Qualifications and Examinations Regulation","Outside London","200","195","47080","43690"
"In post","2023","White","No function","Office of Rail and Road","London","95","90","62650","62120"
"In post","2023","White","No function","Office of Rail and Road","Outside London","95","90","54740","53480"
"In post","2023","White","No function","Office of the Secretary of State for Scotland","London","[c]","[c]","[c]","[c]"
"In post","2023","White","No function","Office of the Secretary of State for Scotland","Outside London","[c]","[c]","[c]","[c]"
"In post","2023","White","No function","Office of the Secretary of State for Wales","London","10","10","[c]","[c]"
"In post","2023","White","No function","Office of the Secretary of State for Wales","Outside London","10","10","[c]","[c]"
"In post","2023","White","No function","Scottish Government","Outside London","4160","3895","33100","31970"
"In post","2023","White","No function","The National Archives","London","225","215","36010","31450"
"In post","2023","White","No function","The National Archives","Outside London","[c]","[c]","[c]","[c]"
"In post","2023","White","No function","UK Statistics Authority","London","30","30","51430","42370"
"In post","2023","White","No function","UK Statistics Authority","Outside London","1910","1555","28430","24280"
"In post","2023","White","No function","Water Services Regulation Authority","London","20","20","[c]","[c]"
"In post","2023","White","No function","Water Services Regulation Authority","Outside London","60","55","52820","51130"
"In post","2023","White","No function","Welsh Government","Outside London","[c]","[c]","[c]","[c]"
"In post","2023","White","Project Delivery","Attorney General's Departments","London","10","10","[c]","[c]"
"In post","2023","White","Project Delivery","Attorney General's Departments","Outside London","[c]","[c]","[c]","[c]"
"In post","2023","White","Project Delivery","Cabinet Office","London","215","210","49820","32960"
"In post","2023","White","Project Delivery","Cabinet Office","Outside London","110","110","41680","31060"
"In post","2023","White","Project Delivery","Cabinet Office","Unknown","[c]","[c]","[c]","[c]"
"In post","2023","White","Project Delivery","Chancellor's other departments","London","10","10","[c]","[c]"
"In post","2023","White","Project Delivery","Chancellor's other departments","Outside London","10","10","[c]","[c]"
"In post","2023","White","Project Delivery","Charity Commission","London","[c]","[c]","[c]","[c]"
"In post","2023","White","Project Delivery","Charity Commission","Outside London","5","5","[c]","[c]"
"In post","2023","White","Project Delivery","Competition and Markets Authority","London","235","225","67350","63140"
"In post","2023","White","Project Delivery","Competition and Markets Authority","Outside London","60","55","59340","56190"
"In post","2023","White","Project Delivery","Department for Business, Energy and Industrial Strategy","London","110","105","53380","54710"
"In post","2023","White","Project Delivery","Department for Business, Energy and Industrial Strategy","Outside London","555","530","41520","41240"
"In post","2023","White","Project Delivery","Department for Digital, Culture, Media and Sport","London","50","45","53830","53230"
"In post","2023","White","Project Delivery","Department for Digital, Culture, Media and Sport","Outside London","30","30","45520","48370"
"In post","2023","White","Project Delivery","Department for Education","London","210","200","54500","55160"
"In post","2023","White","Project Delivery","Department for Education","Outside London","685","665","46840","51360"
"In post","2023","White","Project Delivery","Department for Environment, Food and Rural Affairs","London","[c]","[c]","[c]","[c]"
"In post","2023","White","Project Delivery","Department for Environment, Food and Rural Affairs","Outside London","265","245","34850","30350"
"In post","2023","White","Project Delivery","Department for International Trade","London","35","30","55300","55370"
"In post","2023","White","Project Delivery","Department for International Trade","Outside London","20","20","[c]","[c]"
"In post","2023","White","Project Delivery","Department for Levelling Up, Housing and Communities","London","65","60","49180","43000"
"In post","2023","White","Project Delivery","Department for Levelling Up, Housing and Communities","Outside London","70","65","47060","49700"
"In post","2023","White","Project Delivery","Department for Transport","London","215","215","60880","56340"
"In post","2023","White","Project Delivery","Department for Transport","Outside London","125","120","40480","33850"
"In post","2023","White","Project Delivery","Department for Work and Pensions","London","110","105","50480","43760"
"In post","2023","White","Project Delivery","Department for Work and Pensions","Outside London","1050","945","39270","34970"
"In post","2023","White","Project Delivery","Department for Work and Pensions","Unknown","10","10","[c]","[c]"
"In post","2023","White","Project Delivery","Department of Health and Social Care","London","270","260","57640","54460"
"In post","2023","White","Project Delivery","Department of Health and Social Care","Outside London","160","160","48680","46110"
"In post","2023","White","Project Delivery","Estyn","Outside London","95","90","66720","78500"
"In post","2023","White","Project Delivery","Food Standards Agency","London","[c]","[c]","[c]","[c]"
"In post","2023","White","Project Delivery","Food Standards Agency","Outside London","25","25","[c]","[c]"
"In post","2023","White","Project Delivery","Foreign, Commonwealth and Development Office","London","430","415","56520","57620"
"In post","2023","White","Project Delivery","Foreign, Commonwealth and Development Office","Outside London","180","170","42990","39450"
"In post","2023","White","Project Delivery","Foreign, Commonwealth and Development Office","Overseas","55","55","53590","54440"
"In post","2023","White","Project Delivery","HM Land Registry","London","5","5","[c]","[c]"
"In post","2023","White","Project Delivery","HM Land Registry","Outside London","130","130","39680","39520"
"In post","2023","White","Project Delivery","HM Revenue and Customs","London","700","655","61560","65230"
"In post","2023","White","Project Delivery","HM Revenue and Customs","Outside London","3015","2870","45780","42510"
"In post","2023","White","Project Delivery","HM Treasury","London","15","15","[c]","[c]"
"In post","2023","White","Project Delivery","HM Treasury","Outside London","10","10","[c]","[c]"
"In post","2023","White","Project Delivery","Home Office","London","10","10","[c]","[c]"
"In post","2023","White","Project Delivery","Home Office","Outside London","15","15","[c]","[c]"
"In post","2023","White","Project Delivery","Ministry of Defence","London","195","195","56940","58360"
"In post","2023","White","Project Delivery","Ministry of Defence","Outside London","6095","5900","43470","41200"
"In post","2023","White","Project Delivery","Ministry of Defence","Overseas","55","55","62670","61970"
"In post","2023","White","Project Delivery","Ministry of Defence","Unknown","[c]","[c]","[c]","[c]"
"In post","2023","White","Project Delivery","Ministry of Justice","London","100","100","48690","43650"
"In post","2023","White","Project Delivery","Ministry of Justice","Outside London","140","140","42380","37680"
"In post","2023","White","Project Delivery","National Crime Agency","London","15","15","[c]","[c]"
"In post","2023","White","Project Delivery","National Crime Agency","Outside London","65","60","43290","40770"
"In post","2023","White","Project Delivery","Northern Ireland Office","London","[c]","[c]","[c]","[c]"
"In post","2023","White","Project Delivery","Northern Ireland Office","Outside London","[c]","[c]","[c]","[c]"
"In post","2023","White","Project Delivery","Office of Gas and Electricity Markets","London","20","20","[c]","[c]"
"In post","2023","White","Project Delivery","Office of Gas and Electricity Markets","Outside London","15","15","[c]","[c]"
"In post","2023","White","Project Delivery","Office of Qualifications and Examinations Regulation","Outside London","[c]","[c]","[c]","[c]"
"In post","2023","White","Project Delivery","Office of Rail and Road","London","[c]","[c]","[c]","[c]"
"In post","2023","White","Project Delivery","Scottish Government","Outside London","25","25","[c]","[c]"
"In post","2023","White","Project Delivery","UK Export Finance","London","5","5","[c]","[c]"
"In post","2023","White","Project Delivery","UK Statistics Authority","London","5","5","[c]","[c]"
"In post","2023","White","Project Delivery","UK Statistics Authority","Outside London","230","220","43130","37760"
"In post","2023","White","Project Delivery","Water Services Regulation Authority","London","[c]","[c]","[c]","[c]"
"In post","2023","White","Project Delivery","Water Services Regulation Authority","Outside London","10","10","[c]","[c]"
"In post","2023","White","Project Delivery","Welsh Government","Outside London","[c]","[c]","[c]","[c]"
"In post","2023","White","Property","Attorney General's Departments","London","[c]","[c]","[c]","[c]"
"In post","2023","White","Property","Attorney General's Departments","Outside London","[c]","[c]","[c]","[c]"
"In post","2023","White","Property","Cabinet Office","London","110","105","54590","56150"
"In post","2023","White","Property","Cabinet Office","Outside London","260","255","49120","51020"
"In post","2023","White","Property","Cabinet Office","Unknown","[c]","[c]","[c]","[c]"
"In post","2023","White","Property","Chancellor's other departments","London","[c]","[c]","[c]","[c]"
"In post","2023","White","Property","Charity Commission","Outside London","[c]","[c]","[c]","[c]"
"In post","2023","White","Property","Competition and Markets Authority","London","[c]","[c]","[c]","[c]"
"In post","2023","White","Property","Department for Business, Energy and Industrial Strategy","London","10","10","[c]","[c]"
"In post","2023","White","Property","Department for Business, Energy and Industrial Strategy","Outside London","45","45","35660","30540"
"In post","2023","White","Property","Department for Education","London","[c]","[c]","[c]","[c]"
"In post","2023","White","Property","Department for Education","Outside London","5","5","[c]","[c]"
"In post","2023","White","Property","Department for Environment, Food and Rural Affairs","London","20","20","[c]","[c]"
"In post","2023","White","Property","Department for Environment, Food and Rural Affairs","Outside London","320","305","40440","37300"
"In post","2023","White","Property","Department for International Trade","London","[c]","[c]","[c]","[c]"
"In post","2023","White","Property","Department for International Trade","Outside London","[c]","[c]","[c]","[c]"
"In post","2023","White","Property","Department for Levelling Up, Housing and Communities","London","[c]","[c]","[c]","[c]"
"In post","2023","White","Property","Department for Levelling Up, Housing and Communities","Outside London","[c]","[c]","[c]","[c]"
"In post","2023","White","Property","Department for Transport","London","15","15","[c]","[c]"
"In post","2023","White","Property","Department for Transport","Outside London","115","105","33750","31660"
"In post","2023","White","Property","Department for Work and Pensions","London","30","30","51000","43760"
"In post","2023","White","Property","Department for Work and Pensions","Outside London","180","170","42570","38470"
"In post","2023","White","Property","Department for Work and Pensions","Unknown","30","30","48330","44640"
"In post","2023","White","Property","Department of Health and Social Care","London","15","10","[c]","[c]"
"In post","2023","White","Property","Department of Health and Social Care","Outside London","25","25","[c]","[c]"
"In post","2023","White","Property","Estyn","Outside London","[c]","[c]","[c]","[c]"
"In post","2023","White","Property","Food Standards Agency","London","[c]","[c]","[c]","[c]"
"In post","2023","White","Property","Foreign, Commonwealth and Development Office","London","50","50","57280","61580"
"In post","2023","White","Property","Foreign, Commonwealth and Development Office","Outside London","135","135","38840","35250"
"In post","2023","White","Property","Foreign, Commonwealth and Development Office","Overseas","20","20","[c]","[c]"
"In post","2023","White","Property","HM Land Registry","London","[c]","[c]","[c]","[c]"
"In post","2023","White","Property","HM Land Registry","Outside London","10","10","[c]","[c]"
"In post","2023","White","Property","HM Revenue and Customs","London","230","215","44960","39790"
"In post","2023","White","Property","HM Revenue and Customs","Outside London","2190","2050","36080","32410"
"In post","2023","White","Property","HM Treasury","London","[c]","[c]","[c]","[c]"
"In post","2023","White","Property","Home Office","London","15","15","[c]","[c]"
"In post","2023","White","Property","Home Office","Outside London","35","30","29120","22400"
"In post","2023","White","Property","Ministry of Defence","London","40","40","35920","32340"
"In post","2023","White","Property","Ministry of Defence","Outside London","1655","1610","33920","33990"
"In post","2023","White","Property","Ministry of Defence","Overseas","35","35","46610","44380"
"In post","2023","White","Property","Ministry of Defence","Unknown","[c]","[c]","[c]","[c]"
"In post","2023","White","Property","Ministry of Justice","London","95","95","51030","48070"
"In post","2023","White","Property","Ministry of Justice","Outside London","300","295","41180","38520"
"In post","2023","White","Property","Ministry of Justice","Unknown","[c]","[c]","[c]","[c]"
"In post","2023","White","Property","National Crime Agency","London","10","10","[c]","[c]"
"In post","2023","White","Property","National Crime Agency","Outside London","20","20","[c]","[c]"
"In post","2023","White","Property","Office for Standards in Education, Children's Services and Skills","London","[c]","[c]","[c]","[c]"
"In post","2023","White","Property","Office for Standards in Education, Children's Services and Skills","Outside London","5","5","[c]","[c]"
"In post","2023","White","Property","Office of Gas and Electricity Markets","London","5","5","[c]","[c]"
"In post","2023","White","Property","Office of Gas and Electricity Markets","Outside London","10","10","[c]","[c]"
"In post","2023","White","Property","Office of Qualifications and Examinations Regulation","Outside London","[c]","[c]","[c]","[c]"
"In post","2023","White","Property","Office of Rail and Road","London","[c]","[c]","[c]","[c]"
"In post","2023","White","Property","Scottish Government","Outside London","95","95","39090","38030"
"In post","2023","White","Property","The National Archives","London","10","10","[c]","[c]"
"In post","2023","White","Property","UK Statistics Authority","London","[c]","[c]","[c]","[c]"
"In post","2023","White","Property","UK Statistics Authority","Outside London","10","10","[c]","[c]"
"In post","2023","White","Property","UK Supreme Court","London","[c]","[c]","[c]","[c]"
"In post","2023","White","Property","Water Services Regulation Authority","Outside London","[c]","[c]","[c]","[c]"
"In post","2023","White","Security","Attorney General's Departments","London","5","5","[c]","[c]"
"In post","2023","White","Security","Attorney General's Departments","Outside London","[c]","[c]","[c]","[c]"
"In post","2023","White","Security","Cabinet Office","London","80","80","51640","43530"
"In post","2023","White","Security","Cabinet Office","Outside London","600","570","32650","32640"
"In post","2023","White","Security","Cabinet Office","Unknown","20","20","[c]","[c]"
"In post","2023","White","Security","Chancellor's other departments","London","[c]","[c]","[c]","[c]"
"In post","2023","White","Security","Chancellor's other departments","Outside London","[c]","[c]","[c]","[c]"
"In post","2023","White","Security","Charity Commission","London","[c]","[c]","[c]","[c]"
"In post","2023","White","Security","Charity Commission","Outside London","[c]","[c]","[c]","[c]"
"In post","2023","White","Security","Competition and Markets Authority","London","[c]","[c]","[c]","[c]"
"In post","2023","White","Security","Department for Business, Energy and Industrial Strategy","London","10","10","[c]","[c]"
"In post","2023","White","Security","Department for Business, Energy and Industrial Strategy","Outside London","35","35","44460","43700"
"In post","2023","White","Security","Department for Digital, Culture, Media and Sport","London","5","5","[c]","[c]"
"In post","2023","White","Security","Department for Digital, Culture, Media and Sport","Outside London","[c]","[c]","[c]","[c]"
"In post","2023","White","Security","Department for Education","London","[c]","[c]","[c]","[c]"
"In post","2023","White","Security","Department for Education","Outside London","10","10","[c]","[c]"
"In post","2023","White","Security","Department for International Trade","London","10","10","[c]","[c]"
"In post","2023","White","Security","Department for International Trade","Outside London","[c]","[c]","[c]","[c]"
"In post","2023","White","Security","Department for Levelling Up, Housing and Communities","London","5","5","[c]","[c]"
"In post","2023","White","Security","Department for Levelling Up, Housing and Communities","Outside London","[c]","[c]","[c]","[c]"
"In post","2023","White","Security","Department for Transport","London","60","60","50800","45590"
"In post","2023","White","Security","Department for Transport","Outside London","125","120","31350","27260"
"In post","2023","White","Security","Department for Work and Pensions","London","5","5","[c]","[c]"
"In post","2023","White","Security","Department for Work and Pensions","Outside London","115","105","31860","28120"
"In post","2023","White","Security","Department for Work and Pensions","Unknown","[c]","[c]","[c]","[c]"
"In post","2023","White","Security","Department of Health and Social Care","London","5","5","[c]","[c]"
"In post","2023","White","Security","Department of Health and Social Care","Outside London","25","25","[c]","[c]"
"In post","2023","White","Security","Estyn","Outside London","[c]","[c]","[c]","[c]"
"In post","2023","White","Security","Food Standards Agency","London","[c]","[c]","[c]","[c]"
"In post","2023","White","Security","Food Standards Agency","Outside London","5","5","[c]","[c]"
"In post","2023","White","Security","Foreign, Commonwealth and Development Office","London","340","335","52460","49550"
"In post","2023","White","Security","Foreign, Commonwealth and Development Office","Outside London","200","195","37280","34950"
"In post","2023","White","Security","Foreign, Commonwealth and Development Office","Overseas","90","90","41800","40890"
"In post","2023","White","Security","HM Revenue and Customs","London","30","25","[c]","[c]"
"In post","2023","White","Security","HM Revenue and Customs","Outside London","110","105","44370","42510"
"In post","2023","White","Security","Home Office","London","100","95","37750","36180"
"In post","2023","White","Security","Home Office","Outside London","80","75","29400","26260"
"In post","2023","White","Security","Home Office","Overseas","[c]","[c]","[c]","[c]"
"In post","2023","White","Security","Ministry of Defence","London","235","235","40130","37940"
"In post","2023","White","Security","Ministry of Defence","Outside London","4695","4580","31680","27500"
"In post","2023","White","Security","Ministry of Defence","Overseas","20","20","[c]","[c]"
"In post","2023","White","Security","Ministry of Defence","Unknown","[c]","[c]","[c]","[c]"
"In post","2023","White","Security","Ministry of Justice","London","30","30","51330","51770"
"In post","2023","White","Security","Ministry of Justice","Outside London","30","30","37270","31300"
"In post","2023","White","Security","National Crime Agency","London","35","30","46240","42660"
"In post","2023","White","Security","National Crime Agency","Outside London","35","35","39830","38640"
"In post","2023","White","Security","National Crime Agency","Unknown","[c]","[c]","[c]","[c]"
"In post","2023","White","Security","Northern Ireland Office","Outside London","[c]","[c]","[c]","[c]"
"In post","2023","White","Security","Office of Gas and Electricity Markets","London","5","5","[c]","[c]"
"In post","2023","White","Security","Office of Gas and Electricity Markets","Outside London","10","10","[c]","[c]"
"In post","2023","White","Security","Scottish Government","Outside London","10","10","[c]","[c]"
"In post","2023","White","Security","UK Export Finance","London","[c]","[c]","[c]","[c]"
"In post","2023","White","Security","UK Statistics Authority","London","[c]","[c]","[c]","[c]"
"In post","2023","White","Security","UK Statistics Authority","Outside London","45","45","39720","32790"
"In post","2023","White","Security","Water Services Regulation Authority","Outside London","[c]","[c]","[c]","[c]"
"In post","2023","White","Unknown","Attorney General's Departments","London","20","20","[c]","[c]"
"In post","2023","White","Unknown","Attorney General's Departments","Outside London","20","20","[c]","[c]"
"In post","2023","White","Unknown","Cabinet Office","London","485","480","30630","30130"
"In post","2023","White","Unknown","Cabinet Office","Outside London","145","145","30510","30130"
"In post","2023","White","Unknown","Cabinet Office","Unknown","[c]","[c]","[c]","[c]"
"In post","2023","White","Unknown","Department for Business, Energy and Industrial Strategy","Outside London","20","20","[c]","[c]"
"In post","2023","White","Unknown","Department for Digital, Culture, Media and Sport","London","[c]","[c]","[c]","[c]"
"In post","2023","White","Unknown","Department for Education","London","30","30","[c]","[c]"
"In post","2023","White","Unknown","Department for Education","Outside London","100","100","45960","51460"
"In post","2023","White","Unknown","Department for International Trade","London","5","5","[c]","[c]"
"In post","2023","White","Unknown","Department for International Trade","Outside London","5","5","[c]","[c]"
"In post","2023","White","Unknown","Department for Work and Pensions","London","340","320","52750","48790"
"In post","2023","White","Unknown","Department for Work and Pensions","Outside London","505","475","36750","34170"
"In post","2023","White","Unknown","Department for Work and Pensions","Unknown","10","10","[c]","[c]"
"In post","2023","White","Unknown","Department of Health and Social Care","London","55","50","53190","54460"
"In post","2023","White","Unknown","Department of Health and Social Care","Outside London","15","15","[c]","[c]"
"In post","2023","White","Unknown","Food Standards Agency","Outside London","[c]","[c]","[c]","[c]"
"In post","2023","White","Unknown","Foreign, Commonwealth and Development Office","London","120","115","52510","53500"
"In post","2023","White","Unknown","Foreign, Commonwealth and Development Office","Outside London","45","45","34370","28540"
"In post","2023","White","Unknown","Foreign, Commonwealth and Development Office","Overseas","20","20","[c]","[c]"
"In post","2023","White","Unknown","HM Revenue and Customs","London","[c]","[c]","[c]","[c]"
"In post","2023","White","Unknown","HM Revenue and Customs","Outside London","10","10","[c]","[c]"
"In post","2023","White","Unknown","Ministry of Defence","London","[c]","[c]","[c]","[c]"
"In post","2023","White","Unknown","Ministry of Defence","Outside London","1770","1705","43430","39890"
"In post","2023","White","Unknown","Ministry of Defence","Unknown","[c]","[c]","[c]","[c]"
"In post","2023","White","Unknown","Northern Ireland Office","London","45","45","54900","55720"
"In post","2023","White","Unknown","Northern Ireland Office","Outside London","45","45","37810","37680"
"In post","2023","White","Unknown","Office of Gas and Electricity Markets","London","55","55","50030","46480"
"In post","2023","White","Unknown","Office of Gas and Electricity Markets","Outside London","50","50","38200","32340"
"In post","2023","White","Unknown","Office of the Secretary of State for Scotland","London","10","10","[c]","[c]"
"In post","2023","White","Unknown","Office of the Secretary of State for Scotland","Outside London","40","40","58930","65280"
"In post","2023","White","Unknown","Scottish Government","London","10","10","[c]","[c]"
"In post","2023","White","Unknown","Scottish Government","Outside London","11990","11470","43480","38330"
"In post","2023","White","Unknown","Scottish Government","Overseas","15","15","[c]","[c]"
"In post","2023","White","Unknown","Welsh Government","London","10","10","[c]","[c]"
"In post","2023","White","Unknown","Welsh Government","Outside London","5380","5080","43790","39690"
"In post","2023","White","Unknown","Welsh Government","Overseas","10","10","[c]","[c]"
"Leaver CS","2023","Asian","Analysis","Cabinet Office","London","[c]","[c]","[c]","[c]"
"Leaver CS","2023","Asian","Analysis","Cabinet Office","Outside London","[c]","[c]","[c]","[c]"
"Leaver CS","2023","Asian","Analysis","Cabinet Office","Unknown","[c]","[c]","[c]","[c]"
"Leaver CS","2023","Asian","Analysis","Chancellor's other departments","London","5","[c]","[c]","[c]"
"Leaver CS","2023","Asian","Analysis","Chancellor's other departments","Outside London","[c]","[c]","[c]","[c]"
"Leaver CS","2023","Asian","Analysis","Competition and Markets Authority","London","5","[c]","[c]","[c]"
"Leaver CS","2023","Asian","Analysis","Competition and Markets Authority","Outside London","[c]","[c]","[c]","[c]"
"Leaver CS","2023","Asian","Analysis","Department for Business, Energy and Industrial Strategy","London","[c]","[c]","[c]","[c]"
"Leaver CS","2023","Asian","Analysis","Department for Business, Energy and Industrial Strategy","Outside London","[c]","[c]","[c]","[c]"
"Leaver CS","2023","Asian","Analysis","Department for Digital, Culture, Media and Sport","London","[c]","[c]","[c]","[c]"
"Leaver CS","2023","Asian","Analysis","Department for Education","London","[c]","[c]","[c]","[c]"
"Leaver CS","2023","Asian","Analysis","Department for Education","Outside London","[c]","[c]","[c]","[c]"
"Leaver CS","2023","Asian","Analysis","Department for Environment, Food and Rural Affairs","Outside London","[c]","[c]","[c]","[c]"
"Leaver CS","2023","Asian","Analysis","Department for International Trade","London","5","[c]","[c]","[c]"
"Leaver CS","2023","Asian","Analysis","Department for Levelling Up, Housing and Communities","London","5","[c]","[c]","[c]"
"Leaver CS","2023","Asian","Analysis","Department for Levelling Up, Housing and Communities","Outside London","[c]","[c]","[c]","[c]"
"Leaver CS","2023","Asian","Analysis","Department for Transport","Outside London","[c]","[c]","[c]","[c]"
"Leaver CS","2023","Asian","Analysis","Department for Work and Pensions","London","[c]","[c]","[c]","[c]"
"Leaver CS","2023","Asian","Analysis","Department for Work and Pensions","Outside London","[c]","[c]","[c]","[c]"
"Leaver CS","2023","Asian","Analysis","Department for Work and Pensions","Unknown","[c]","[c]","[c]","[c]"
"Leaver CS","2023","Asian","Analysis","Department of Health and Social Care","London","[c]","[c]","[c]","[c]"
"Leaver CS","2023","Asian","Analysis","Estyn","Outside London","[c]","[c]","[c]","[c]"
"Leaver CS","2023","Asian","Analysis","Food Standards Agency","London","[c]","[c]","[c]","[c]"
"Leaver CS","2023","Asian","Analysis","Food Standards Agency","Outside London","[c]","[c]","[c]","[c]"
"Leaver CS","2023","Asian","Analysis","Foreign, Commonwealth and Development Office","Outside London","[c]","[c]","[c]","[c]"
"Leaver CS","2023","Asian","Analysis","HM Land Registry","London","[c]","[c]","[c]","[c]"
"Leaver CS","2023","Asian","Analysis","HM Land Registry","Outside London","[c]","[c]","[c]","[c]"
"Leaver CS","2023","Asian","Analysis","HM Revenue and Customs","London","[c]","[c]","[c]","[c]"
"Leaver CS","2023","Asian","Analysis","HM Revenue and Customs","Outside London","[c]","[c]","[c]","[c]"
"Leaver CS","2023","Asian","Analysis","HM Treasury","London","10","[c]","[c]","[c]"
"Leaver CS","2023","Asian","Analysis","HM Treasury","Outside London","[c]","[c]","[c]","[c]"
"Leaver CS","2023","Asian","Analysis","Home Office","London","[c]","[c]","[c]","[c]"
"Leaver CS","2023","Asian","Analysis","Home Office","Outside London","[c]","[c]","[c]","[c]"
"Leaver CS","2023","Asian","Analysis","Ministry of Defence","London","[c]","[c]","[c]","[c]"
"Leaver CS","2023","Asian","Analysis","Ministry of Defence","Outside London","10","[c]","[c]","[c]"
"Leaver CS","2023","Asian","Analysis","Ministry of Justice","London","[c]","[c]","[c]","[c]"
"Leaver CS","2023","Asian","Analysis","Ministry of Justice","Outside London","[c]","[c]","[c]","[c]"
"Leaver CS","2023","Asian","Analysis","Ministry of Justice","Unknown","[c]","[c]","[c]","[c]"
"Leaver CS","2023","Asian","Analysis","Office for Standards in Education, Children's Services and Skills","London","[c]","[c]","[c]","[c]"
"Leaver CS","2023","Asian","Analysis","Office for Standards in Education, Children's Services and Skills","Outside London","[c]","[c]","[c]","[c]"
"Leaver CS","2023","Asian","Analysis","Office of Gas and Electricity Markets","London","[c]","[c]","[c]","[c]"
"Leaver CS","2023","Asian","Analysis","Office of Gas and Electricity Markets","Outside London","[c]","[c]","[c]","[c]"
"Leaver CS","2023","Asian","Analysis","Office of Rail and Road","London","[c]","[c]","[c]","[c]"
"Leaver CS","2023","Asian","Analysis","Office of Rail and Road","Outside London","[c]","[c]","[c]","[c]"
"Leaver CS","2023","Asian","Analysis","Scottish Government","Outside London","[c]","[c]","[c]","[c]"
"Leaver CS","2023","Asian","Analysis","UK Export Finance","London","[c]","[c]","[c]","[c]"
"Leaver CS","2023","Asian","Analysis","UK Statistics Authority","London","[c]","[c]","[c]","[c]"
"Leaver CS","2023","Asian","Analysis","UK Statistics Authority","Outside London","10","[c]","[c]","[c]"
"Leaver CS","2023","Asian","Analysis","Water Services Regulation Authority","Outside London","[c]","[c]","[c]","[c]"
"Leaver CS","2023","Asian","Commercial","Attorney General's Departments","London","[c]","[c]","[c]","[c]"
"Leaver CS","2023","Asian","Commercial","Attorney General's Departments","Outside London","[c]","[c]","[c]","[c]"
"Leaver CS","2023","Asian","Commercial","Cabinet Office","London","[c]","[c]","[c]","[c]"
"Leaver CS","2023","Asian","Commercial","Cabinet Office","Outside London","[c]","[c]","[c]","[c]"
"Leaver CS","2023","Asian","Commercial","Cabinet Office","Unknown","[c]","[c]","[c]","[c]"
"Leaver CS","2023","Asian","Commercial","Chancellor's other departments","London","[c]","[c]","[c]","[c]"
"Leaver CS","2023","Asian","Commercial","Competition and Markets Authority","London","[c]","[c]","[c]","[c]"
"Leaver CS","2023","Asian","Commercial","Department for Business, Energy and Industrial Strategy","London","[c]","[c]","[c]","[c]"
"Leaver CS","2023","Asian","Commercial","Department for Business, Energy and Industrial Strategy","Outside London","[c]","[c]","[c]","[c]"
"Leaver CS","2023","Asian","Commercial","Department for Digital, Culture, Media and Sport","London","[c]","[c]","[c]","[c]"
"Leaver CS","2023","Asian","Commercial","Department for Education","London","[c]","[c]","[c]","[c]"
"Leaver CS","2023","Asian","Commercial","Department for Education","Outside London","[c]","[c]","[c]","[c]"
"Leaver CS","2023","Asian","Commercial","Department for Environment, Food and Rural Affairs","London","[c]","[c]","[c]","[c]"
"Leaver CS","2023","Asian","Commercial","Department for Environment, Food and Rural Affairs","Outside London","[c]","[c]","[c]","[c]"
"Leaver CS","2023","Asian","Commercial","Department for International Trade","London","[c]","[c]","[c]","[c]"
"Leaver CS","2023","Asian","Commercial","Department for Levelling Up, Housing and Communities","London","[c]","[c]","[c]","[c]"
"Leaver CS","2023","Asian","Commercial","Department for Transport","Outside London","[c]","[c]","[c]","[c]"
"Leaver CS","2023","Asian","Commercial","Department for Work and Pensions","Outside London","[c]","[c]","[c]","[c]"
"Leaver CS","2023","Asian","Commercial","Department of Health and Social Care","London","[c]","[c]","[c]","[c]"
"Leaver CS","2023","Asian","Commercial","Department of Health and Social Care","Outside London","[c]","[c]","[c]","[c]"
"Leaver CS","2023","Asian","Commercial","Foreign, Commonwealth and Development Office","London","[c]","[c]","[c]","[c]"
"Leaver CS","2023","Asian","Commercial","Foreign, Commonwealth and Development Office","Outside London","[c]","[c]","[c]","[c]"
"Leaver CS","2023","Asian","Commercial","HM Land Registry","London","[c]","[c]","[c]","[c]"
"Leaver CS","2023","Asian","Commercial","HM Land Registry","Outside London","[c]","[c]","[c]","[c]"
"Leaver CS","2023","Asian","Commercial","HM Revenue and Customs","London","[c]","[c]","[c]","[c]"
"Leaver CS","2023","Asian","Commercial","HM Revenue and Customs","Outside London","[c]","[c]","[c]","[c]"
"Leaver CS","2023","Asian","Commercial","Home Office","London","[c]","[c]","[c]","[c]"
"Leaver CS","2023","Asian","Commercial","Home Office","Outside London","[c]","[c]","[c]","[c]"
"Leaver CS","2023","Asian","Commercial","Ministry of Defence","London","[c]","[c]","[c]","[c]"
"Leaver CS","2023","Asian","Commercial","Ministry of Defence","Outside London","[c]","[c]","[c]","[c]"
"Leaver CS","2023","Asian","Commercial","Ministry of Defence","Overseas","[c]","[c]","[c]","[c]"
"Leaver CS","2023","Asian","Commercial","Ministry of Justice","London","[c]","[c]","[c]","[c]"
"Leaver CS","2023","Asian","Commercial","Ministry of Justice","Outside London","[c]","[c]","[c]","[c]"
"Leaver CS","2023","Asian","Commercial","Scottish Government","Outside London","[c]","[c]","[c]","[c]"
"Leaver CS","2023","Asian","Commercial","The National Archives","London","[c]","[c]","[c]","[c]"
"Leaver CS","2023","Asian","Commercial","UK Export Finance","London","10","[c]","[c]","[c]"
"Leaver CS","2023","Asian","Commercial","UK Export Finance","Outside London","[c]","[c]","[c]","[c]"
"Leaver CS","2023","Asian","Commercial","UK Statistics Authority","Outside London","[c]","[c]","[c]","[c]"
"Leaver CS","2023","Asian","Communications","Attorney General's Departments","London","[c]","[c]","[c]","[c]"
"Leaver CS","2023","Asian","Communications","Attorney General's Departments","Outside London","[c]","[c]","[c]","[c]"
"Leaver CS","2023","Asian","Communications","Cabinet Office","London","5","[c]","[c]","[c]"
"Leaver CS","2023","Asian","Communications","Cabinet Office","Outside London","[c]","[c]","[c]","[c]"
"Leaver CS","2023","Asian","Communications","Cabinet Office","Unknown","[c]","[c]","[c]","[c]"
"Leaver CS","2023","Asian","Communications","Chancellor's other departments","London","[c]","[c]","[c]","[c]"
"Leaver CS","2023","Asian","Communications","Chancellor's other departments","Outside London","[c]","[c]","[c]","[c]"
"Leaver CS","2023","Asian","Communications","Charity Commission","Outside London","[c]","[c]","[c]","[c]"
"Leaver CS","2023","Asian","Communications","Competition and Markets Authority","London","[c]","[c]","[c]","[c]"
"Leaver CS","2023","Asian","Communications","Department for Business, Energy and Industrial Strategy","London","[c]","[c]","[c]","[c]"
"Leaver CS","2023","Asian","Communications","Department for Business, Energy and Industrial Strategy","Outside London","[c]","[c]","[c]","[c]"
"Leaver CS","2023","Asian","Communications","Department for Digital, Culture, Media and Sport","London","[c]","[c]","[c]","[c]"
"Leaver CS","2023","Asian","Communications","Department for Education","London","[c]","[c]","[c]","[c]"
"Leaver CS","2023","Asian","Communications","Department for Education","Outside London","[c]","[c]","[c]","[c]"
"Leaver CS","2023","Asian","Communications","Department for Environment, Food and Rural Affairs","London","[c]","[c]","[c]","[c]"
"Leaver CS","2023","Asian","Communications","Department for Environment, Food and Rural Affairs","Outside London","[c]","[c]","[c]","[c]"
"Leaver CS","2023","Asian","Communications","Department for International Trade","London","[c]","[c]","[c]","[c]"
"Leaver CS","2023","Asian","Communications","Department for International Trade","Outside London","[c]","[c]","[c]","[c]"
"Leaver CS","2023","Asian","Communications","Department for Levelling Up, Housing and Communities","London","[c]","[c]","[c]","[c]"
"Leaver CS","2023","Asian","Communications","Department for Levelling Up, Housing and Communities","Outside London","[c]","[c]","[c]","[c]"
"Leaver CS","2023","Asian","Communications","Department for Transport","London","[c]","[c]","[c]","[c]"
"Leaver CS","2023","Asian","Communications","Department for Transport","Outside London","[c]","[c]","[c]","[c]"
"Leaver CS","2023","Asian","Communications","Department for Work and Pensions","London","[c]","[c]","[c]","[c]"
"Leaver CS","2023","Asian","Communications","Department for Work and Pensions","Outside London","[c]","[c]","[c]","[c]"
"Leaver CS","2023","Asian","Communications","Department for Work and Pensions","Unknown","[c]","[c]","[c]","[c]"
"Leaver CS","2023","Asian","Communications","Department of Health and Social Care","London","[c]","[c]","[c]","[c]"
"Leaver CS","2023","Asian","Communications","Food Standards Agency","Outside London","[c]","[c]","[c]","[c]"
"Leaver CS","2023","Asian","Communications","Foreign, Commonwealth and Development Office","Outside London","[c]","[c]","[c]","[c]"
"Leaver CS","2023","Asian","Communications","HM Land Registry","London","[c]","[c]","[c]","[c]"
"Leaver CS","2023","Asian","Communications","HM Land Registry","Outside London","[c]","[c]","[c]","[c]"
"Leaver CS","2023","Asian","Communications","HM Revenue and Customs","London","[c]","[c]","[c]","[c]"
"Leaver CS","2023","Asian","Communications","HM Revenue and Customs","Outside London","[c]","[c]","[c]","[c]"
"Leaver CS","2023","Asian","Communications","HM Treasury","London","[c]","[c]","[c]","[c]"
"Leaver CS","2023","Asian","Communications","HM Treasury","Unknown","[c]","[c]","[c]","[c]"
"Leaver CS","2023","Asian","Communications","Home Office","London","[c]","[c]","[c]","[c]"
"Leaver CS","2023","Asian","Communications","Home Office","Outside London","[c]","[c]","[c]","[c]"
"Leaver CS","2023","Asian","Communications","Ministry of Defence","London","[c]","[c]","[c]","[c]"
"Leaver CS","2023","Asian","Communications","Ministry of Defence","Outside London","[c]","[c]","[c]","[c]"
"Leaver CS","2023","Asian","Communications","Ministry of Justice","London","[c]","[c]","[c]","[c]"
"Leaver CS","2023","Asian","Communications","Ministry of Justice","Outside London","[c]","[c]","[c]","[c]"
"Leaver CS","2023","Asian","Communications","National Crime Agency","London","[c]","[c]","[c]","[c]"
"Leaver CS","2023","Asian","Communications","National Crime Agency","Outside London","[c]","[c]","[c]","[c]"
"Leaver CS","2023","Asian","Communications","Northern Ireland Office","London","[c]","[c]","[c]","[c]"
"Leaver CS","2023","Asian","Communications","Office for Standards in Education, Children's Services and Skills","London","[c]","[c]","[c]","[c]"
"Leaver CS","2023","Asian","Communications","Office for Standards in Education, Children's Services and Skills","Outside London","[c]","[c]","[c]","[c]"
"Leaver CS","2023","Asian","Communications","Office of Gas and Electricity Markets","London","[c]","[c]","[c]","[c]"
"Leaver CS","2023","Asian","Communications","Office of Gas and Electricity Markets","Outside London","[c]","[c]","[c]","[c]"
"Leaver CS","2023","Asian","Communications","Office of Qualifications and Examinations Regulation","Outside London","[c]","[c]","[c]","[c]"
"Leaver CS","2023","Asian","Communications","Office of Rail and Road","London","[c]","[c]","[c]","[c]"
"Leaver CS","2023","Asian","Communications","Office of the Secretary of State for Scotland","Outside London","[c]","[c]","[c]","[c]"
"Leaver CS","2023","Asian","Communications","Scottish Government","Outside London","[c]","[c]","[c]","[c]"
"Leaver CS","2023","Asian","Communications","UK Export Finance","London","[c]","[c]","[c]","[c]"
"Leaver CS","2023","Asian","Communications","UK Statistics Authority","London","[c]","[c]","[c]","[c]"
"Leaver CS","2023","Asian","Communications","UK Statistics Authority","Outside London","[c]","[c]","[c]","[c]"
"Leaver CS","2023","Asian","Communications","UK Supreme Court","London","[c]","[c]","[c]","[c]"
"Leaver CS","2023","Asian","Communications","Water Services Regulation Authority","Outside London","[c]","[c]","[c]","[c]"
"Leaver CS","2023","Asian","Counter Fraud","Attorney General's Departments","London","[c]","[c]","[c]","[c]"
"Leaver CS","2023","Asian","Counter Fraud","Cabinet Office","London","[c]","[c]","[c]","[c]"
"Leaver CS","2023","Asian","Counter Fraud","Cabinet Office","Outside London","[c]","[c]","[c]","[c]"
"Leaver CS","2023","Asian","Counter Fraud","Cabinet Office","Unknown","[c]","[c]","[c]","[c]"
"Leaver CS","2023","Asian","Counter Fraud","Chancellor's other departments","Outside London","[c]","[c]","[c]","[c]"
"Leaver CS","2023","Asian","Counter Fraud","Department for Business, Energy and Industrial Strategy","London","[c]","[c]","[c]","[c]"
"Leaver CS","2023","Asian","Counter Fraud","Department for Business, Energy and Industrial Strategy","Outside London","[c]","[c]","[c]","[c]"
"Leaver CS","2023","Asian","Counter Fraud","Department for Digital, Culture, Media and Sport","London","[c]","[c]","[c]","[c]"
"Leaver CS","2023","Asian","Counter Fraud","Department for Transport","London","[c]","[c]","[c]","[c]"
"Leaver CS","2023","Asian","Counter Fraud","Department for Transport","Outside London","[c]","[c]","[c]","[c]"
"Leaver CS","2023","Asian","Counter Fraud","Department for Work and Pensions","London","20","[c]","[c]","[c]"
"Leaver CS","2023","Asian","Counter Fraud","Department for Work and Pensions","Outside London","10","[c]","[c]","[c]"
"Leaver CS","2023","Asian","Counter Fraud","Food Standards Agency","Outside London","[c]","[c]","[c]","[c]"
"Leaver CS","2023","Asian","Counter Fraud","HM Revenue and Customs","London","10","[c]","[c]","[c]"
"Leaver CS","2023","Asian","Counter Fraud","HM Revenue and Customs","Outside London","10","[c]","[c]","[c]"
"Leaver CS","2023","Asian","Counter Fraud","Ministry of Defence","London","[c]","[c]","[c]","[c]"
"Leaver CS","2023","Asian","Debt","Department for Work and Pensions","London","[c]","[c]","[c]","[c]"
"Leaver CS","2023","Asian","Debt","Department for Work and Pensions","Outside London","20","[c]","[c]","[c]"
"Leaver CS","2023","Asian","Debt","Department for Work and Pensions","Unknown","[c]","[c]","[c]","[c]"
"Leaver CS","2023","Asian","Debt","HM Revenue and Customs","London","10","[c]","[c]","[c]"
"Leaver CS","2023","Asian","Debt","HM Revenue and Customs","Outside London","60","[c]","[c]","[c]"
"Leaver CS","2023","Asian","Digital, Data & Technology","Attorney General's Departments","London","5","[c]","[c]","[c]"
"Leaver CS","2023","Asian","Digital, Data & Technology","Attorney General's Departments","Outside London","[c]","[c]","[c]","[c]"
"Leaver CS","2023","Asian","Digital, Data & Technology","Cabinet Office","London","15","[c]","[c]","[c]"
"Leaver CS","2023","Asian","Digital, Data & Technology","Cabinet Office","Outside London","[c]","[c]","[c]","[c]"
"Leaver CS","2023","Asian","Digital, Data & Technology","Cabinet Office","Unknown","[c]","[c]","[c]","[c]"
"Leaver CS","2023","Asian","Digital, Data & Technology","Chancellor's other departments","London","[c]","[c]","[c]","[c]"
"Leaver CS","2023","Asian","Digital, Data & Technology","Charity Commission","London","[c]","[c]","[c]","[c]"
"Leaver CS","2023","Asian","Digital, Data & Technology","Charity Commission","Outside London","[c]","[c]","[c]","[c]"
"Leaver CS","2023","Asian","Digital, Data & Technology","Competition and Markets Authority","London","[c]","[c]","[c]","[c]"
"Leaver CS","2023","Asian","Digital, Data & Technology","Department for Business, Energy and Industrial Strategy","London","[c]","[c]","[c]","[c]"
"Leaver CS","2023","Asian","Digital, Data & Technology","Department for Business, Energy and Industrial Strategy","Outside London","5","[c]","[c]","[c]"
"Leaver CS","2023","Asian","Digital, Data & Technology","Department for Business, Energy and Industrial Strategy","Overseas","[c]","[c]","[c]","[c]"
"Leaver CS","2023","Asian","Digital, Data & Technology","Department for Digital, Culture, Media and Sport","London","[c]","[c]","[c]","[c]"
"Leaver CS","2023","Asian","Digital, Data & Technology","Department for Education","London","[c]","[c]","[c]","[c]"
"Leaver CS","2023","Asian","Digital, Data & Technology","Department for Education","Outside London","15","[c]","[c]","[c]"
"Leaver CS","2023","Asian","Digital, Data & Technology","Department for Environment, Food and Rural Affairs","London","[c]","[c]","[c]","[c]"
"Leaver CS","2023","Asian","Digital, Data & Technology","Department for Environment, Food and Rural Affairs","Outside London","[c]","[c]","[c]","[c]"
"Leaver CS","2023","Asian","Digital, Data & Technology","Department for International Trade","London","[c]","[c]","[c]","[c]"
"Leaver CS","2023","Asian","Digital, Data & Technology","Department for International Trade","Outside London","[c]","[c]","[c]","[c]"
"Leaver CS","2023","Asian","Digital, Data & Technology","Department for Levelling Up, Housing and Communities","London","[c]","[c]","[c]","[c]"
"Leaver CS","2023","Asian","Digital, Data & Technology","Department for Levelling Up, Housing and Communities","Outside London","[c]","[c]","[c]","[c]"
"Leaver CS","2023","Asian","Digital, Data & Technology","Department for Transport","Outside London","[c]","[c]","[c]","[c]"
"Leaver CS","2023","Asian","Digital, Data & Technology","Department for Work and Pensions","London","[c]","[c]","[c]","[c]"
"Leaver CS","2023","Asian","Digital, Data & Technology","Department for Work and Pensions","Outside London","25","[c]","[c]","[c]"
"Leaver CS","2023","Asian","Digital, Data & Technology","Department of Health and Social Care","London","10","[c]","[c]","[c]"
"Leaver CS","2023","Asian","Digital, Data & Technology","Department of Health and Social Care","Outside London","[c]","[c]","[c]","[c]"
"Leaver CS","2023","Asian","Digital, Data & Technology","Food Standards Agency","London","[c]","[c]","[c]","[c]"
"Leaver CS","2023","Asian","Digital, Data & Technology","Food Standards Agency","Outside London","[c]","[c]","[c]","[c]"
"Leaver CS","2023","Asian","Digital, Data & Technology","Foreign, Commonwealth and Development Office","London","[c]","[c]","[c]","[c]"
"Leaver CS","2023","Asian","Digital, Data & Technology","Foreign, Commonwealth and Development Office","Outside London","[c]","[c]","[c]","[c]"
"Leaver CS","2023","Asian","Digital, Data & Technology","HM Land Registry","London","[c]","[c]","[c]","[c]"
"Leaver CS","2023","Asian","Digital, Data & Technology","HM Land Registry","Outside London","[c]","[c]","[c]","[c]"
"Leaver CS","2023","Asian","Digital, Data & Technology","HM Revenue and Customs","London","5","[c]","[c]","[c]"
"Leaver CS","2023","Asian","Digital, Data & Technology","HM Revenue and Customs","Outside London","15","[c]","[c]","[c]"
"Leaver CS","2023","Asian","Digital, Data & Technology","HM Treasury","London","[c]","[c]","[c]","[c]"
"Leaver CS","2023","Asian","Digital, Data & Technology","Home Office","London","20","[c]","[c]","[c]"
"Leaver CS","2023","Asian","Digital, Data & Technology","Home Office","Outside London","5","[c]","[c]","[c]"
"Leaver CS","2023","Asian","Digital, Data & Technology","Home Office","Unknown","[c]","[c]","[c]","[c]"
"Leaver CS","2023","Asian","Digital, Data & Technology","Ministry of Defence","London","[c]","[c]","[c]","[c]"
"Leaver CS","2023","Asian","Digital, Data & Technology","Ministry of Defence","Outside London","[c]","[c]","[c]","[c]"
"Leaver CS","2023","Asian","Digital, Data & Technology","Ministry of Defence","Overseas","[c]","[c]","[c]","[c]"
"Leaver CS","2023","Asian","Digital, Data & Technology","Ministry of Justice","London","10","[c]","[c]","[c]"
"Leaver CS","2023","Asian","Digital, Data & Technology","Ministry of Justice","Outside London","[c]","[c]","[c]","[c]"
"Leaver CS","2023","Asian","Digital, Data & Technology","National Crime Agency","London","[c]","[c]","[c]","[c]"
"Leaver CS","2023","Asian","Digital, Data & Technology","National Crime Agency","Outside London","[c]","[c]","[c]","[c]"
"Leaver CS","2023","Asian","Digital, Data & Technology","National Crime Agency","Overseas","[c]","[c]","[c]","[c]"
"Leaver CS","2023","Asian","Digital, Data & Technology","Office for Standards in Education, Children's Services and Skills","London","[c]","[c]","[c]","[c]"
"Leaver CS","2023","Asian","Digital, Data & Technology","Office for Standards in Education, Children's Services and Skills","Outside London","[c]","[c]","[c]","[c]"
"Leaver CS","2023","Asian","Digital, Data & Technology","Office of Gas and Electricity Markets","London","[c]","[c]","[c]","[c]"
"Leaver CS","2023","Asian","Digital, Data & Technology","Office of Gas and Electricity Markets","Outside London","[c]","[c]","[c]","[c]"
"Leaver CS","2023","Asian","Digital, Data & Technology","Office of Qualifications and Examinations Regulation","Outside London","[c]","[c]","[c]","[c]"
"Leaver CS","2023","Asian","Digital, Data & Technology","Office of Rail and Road","London","[c]","[c]","[c]","[c]"
"Leaver CS","2023","Asian","Digital, Data & Technology","Scottish Government","Outside London","[c]","[c]","[c]","[c]"
"Leaver CS","2023","Asian","Digital, Data & Technology","The National Archives","London","[c]","[c]","[c]","[c]"
"Leaver CS","2023","Asian","Digital, Data & Technology","UK Export Finance","London","[c]","[c]","[c]","[c]"
"Leaver CS","2023","Asian","Digital, Data & Technology","UK Statistics Authority","London","[c]","[c]","[c]","[c]"
"Leaver CS","2023","Asian","Digital, Data & Technology","UK Statistics Authority","Outside London","[c]","[c]","[c]","[c]"
"Leaver CS","2023","Asian","Digital, Data & Technology","UK Supreme Court","London","[c]","[c]","[c]","[c]"
"Leaver CS","2023","Asian","Digital, Data & Technology","Water Services Regulation Authority","Outside London","[c]","[c]","[c]","[c]"
"Leaver CS","2023","Asian","Finance","Attorney General's Departments","London","[c]","[c]","[c]","[c]"
"Leaver CS","2023","Asian","Finance","Attorney General's Departments","Outside London","[c]","[c]","[c]","[c]"
"Leaver CS","2023","Asian","Finance","Cabinet Office","London","[c]","[c]","[c]","[c]"
"Leaver CS","2023","Asian","Finance","Cabinet Office","Outside London","[c]","[c]","[c]","[c]"
"Leaver CS","2023","Asian","Finance","Cabinet Office","Unknown","[c]","[c]","[c]","[c]"
"Leaver CS","2023","Asian","Finance","Chancellor's other departments","London","[c]","[c]","[c]","[c]"
"Leaver CS","2023","Asian","Finance","Charity Commission","Outside London","[c]","[c]","[c]","[c]"
"Leaver CS","2023","Asian","Finance","Competition and Markets Authority","London","[c]","[c]","[c]","[c]"
"Leaver CS","2023","Asian","Finance","Department for Business, Energy and Industrial Strategy","London","[c]","[c]","[c]","[c]"
"Leaver CS","2023","Asian","Finance","Department for Business, Energy and Industrial Strategy","Outside London","[c]","[c]","[c]","[c]"
"Leaver CS","2023","Asian","Finance","Department for Digital, Culture, Media and Sport","London","[c]","[c]","[c]","[c]"
"Leaver CS","2023","Asian","Finance","Department for Education","London","[c]","[c]","[c]","[c]"
"Leaver CS","2023","Asian","Finance","Department for Education","Outside London","[c]","[c]","[c]","[c]"
"Leaver CS","2023","Asian","Finance","Department for Environment, Food and Rural Affairs","London","[c]","[c]","[c]","[c]"
"Leaver CS","2023","Asian","Finance","Department for Environment, Food and Rural Affairs","Outside London","[c]","[c]","[c]","[c]"
"Leaver CS","2023","Asian","Finance","Department for International Trade","London","[c]","[c]","[c]","[c]"
"Leaver CS","2023","Asian","Finance","Department for Levelling Up, Housing and Communities","London","[c]","[c]","[c]","[c]"
"Leaver CS","2023","Asian","Finance","Department for Levelling Up, Housing and Communities","Outside London","[c]","[c]","[c]","[c]"
"Leaver CS","2023","Asian","Finance","Department for Transport","London","[c]","[c]","[c]","[c]"
"Leaver CS","2023","Asian","Finance","Department for Transport","Outside London","[c]","[c]","[c]","[c]"
"Leaver CS","2023","Asian","Finance","Department for Work and Pensions","London","[c]","[c]","[c]","[c]"
"Leaver CS","2023","Asian","Finance","Department for Work and Pensions","Outside London","5","[c]","[c]","[c]"
"Leaver CS","2023","Asian","Finance","Department for Work and Pensions","Unknown","[c]","[c]","[c]","[c]"
"Leaver CS","2023","Asian","Finance","Department of Health and Social Care","London","[c]","[c]","[c]","[c]"
"Leaver CS","2023","Asian","Finance","Department of Health and Social Care","Outside London","[c]","[c]","[c]","[c]"
"Leaver CS","2023","Asian","Finance","Estyn","Outside London","[c]","[c]","[c]","[c]"
"Leaver CS","2023","Asian","Finance","Food Standards Agency","London","[c]","[c]","[c]","[c]"
"Leaver CS","2023","Asian","Finance","Food Standards Agency","Outside London","[c]","[c]","[c]","[c]"
"Leaver CS","2023","Asian","Finance","Foreign, Commonwealth and Development Office","Outside London","[c]","[c]","[c]","[c]"
"Leaver CS","2023","Asian","Finance","HM Land Registry","London","[c]","[c]","[c]","[c]"
"Leaver CS","2023","Asian","Finance","HM Land Registry","Outside London","[c]","[c]","[c]","[c]"
"Leaver CS","2023","Asian","Finance","HM Revenue and Customs","London","5","[c]","[c]","[c]"
"Leaver CS","2023","Asian","Finance","HM Revenue and Customs","Outside London","5","[c]","[c]","[c]"
"Leaver CS","2023","Asian","Finance","HM Treasury","London","5","[c]","[c]","[c]"
"Leaver CS","2023","Asian","Finance","HM Treasury","Outside London","[c]","[c]","[c]","[c]"
"Leaver CS","2023","Asian","Finance","Home Office","London","[c]","[c]","[c]","[c]"
"Leaver CS","2023","Asian","Finance","Home Office","Outside London","[c]","[c]","[c]","[c]"
"Leaver CS","2023","Asian","Finance","Home Office","Unknown","[c]","[c]","[c]","[c]"
"Leaver CS","2023","Asian","Finance","Ministry of Defence","London","[c]","[c]","[c]","[c]"
"Leaver CS","2023","Asian","Finance","Ministry of Defence","Outside London","10","[c]","[c]","[c]"
"Leaver CS","2023","Asian","Finance","Ministry of Defence","Overseas","[c]","[c]","[c]","[c]"
"Leaver CS","2023","Asian","Finance","Ministry of Defence","Unknown","[c]","[c]","[c]","[c]"
"Leaver CS","2023","Asian","Finance","Ministry of Justice","London","5","[c]","[c]","[c]"
"Leaver CS","2023","Asian","Finance","Ministry of Justice","Outside London","[c]","[c]","[c]","[c]"
"Leaver CS","2023","Asian","Finance","Ministry of Justice","Unknown","[c]","[c]","[c]","[c]"
"Leaver CS","2023","Asian","Finance","National Crime Agency","London","[c]","[c]","[c]","[c]"
"Leaver CS","2023","Asian","Finance","National Crime Agency","Outside London","[c]","[c]","[c]","[c]"
"Leaver CS","2023","Asian","Finance","Office for Standards in Education, Children's Services and Skills","Outside London","[c]","[c]","[c]","[c]"
"Leaver CS","2023","Asian","Finance","Office of Gas and Electricity Markets","London","[c]","[c]","[c]","[c]"
"Leaver CS","2023","Asian","Finance","Office of Qualifications and Examinations Regulation","Outside London","[c]","[c]","[c]","[c]"
"Leaver CS","2023","Asian","Finance","Office of Rail and Road","London","[c]","[c]","[c]","[c]"
"Leaver CS","2023","Asian","Finance","Scottish Government","Outside London","[c]","[c]","[c]","[c]"
"Leaver CS","2023","Asian","Finance","The National Archives","London","[c]","[c]","[c]","[c]"
"Leaver CS","2023","Asian","Finance","UK Export Finance","London","[c]","[c]","[c]","[c]"
"Leaver CS","2023","Asian","Finance","UK Statistics Authority","London","[c]","[c]","[c]","[c]"
"Leaver CS","2023","Asian","Finance","UK Statistics Authority","Outside London","[c]","[c]","[c]","[c]"
"Leaver CS","2023","Asian","Finance","Water Services Regulation Authority","Outside London","[c]","[c]","[c]","[c]"
"Leaver CS","2023","Asian","Finance","Welsh Government","Outside London","[c]","[c]","[c]","[c]"
"Leaver CS","2023","Asian","Grants Management","Department for Environment, Food and Rural Affairs","Outside London","5","[c]","[c]","[c]"
"Leaver CS","2023","Asian","Human Resources","Attorney General's Departments","London","[c]","[c]","[c]","[c]"
"Leaver CS","2023","Asian","Human Resources","Attorney General's Departments","Outside London","[c]","[c]","[c]","[c]"
"Leaver CS","2023","Asian","Human Resources","Cabinet Office","London","5","[c]","[c]","[c]"
"Leaver CS","2023","Asian","Human Resources","Cabinet Office","Outside London","[c]","[c]","[c]","[c]"
"Leaver CS","2023","Asian","Human Resources","Cabinet Office","Unknown","[c]","[c]","[c]","[c]"
"Leaver CS","2023","Asian","Human Resources","Chancellor's other departments","London","[c]","[c]","[c]","[c]"
"Leaver CS","2023","Asian","Human Resources","Charity Commission","Outside London","[c]","[c]","[c]","[c]"
"Leaver CS","2023","Asian","Human Resources","Competition and Markets Authority","London","[c]","[c]","[c]","[c]"
"Leaver CS","2023","Asian","Human Resources","Competition and Markets Authority","Outside London","[c]","[c]","[c]","[c]"
"Leaver CS","2023","Asian","Human Resources","Department for Business, Energy and Industrial Strategy","London","[c]","[c]","[c]","[c]"
"Leaver CS","2023","Asian","Human Resources","Department for Business, Energy and Industrial Strategy","Outside London","[c]","[c]","[c]","[c]"
"Leaver CS","2023","Asian","Human Resources","Department for Digital, Culture, Media and Sport","London","[c]","[c]","[c]","[c]"
"Leaver CS","2023","Asian","Human Resources","Department for Education","London","[c]","[c]","[c]","[c]"
"Leaver CS","2023","Asian","Human Resources","Department for Education","Outside London","[c]","[c]","[c]","[c]"
"Leaver CS","2023","Asian","Human Resources","Department for Environment, Food and Rural Affairs","London","[c]","[c]","[c]","[c]"
"Leaver CS","2023","Asian","Human Resources","Department for Environment, Food and Rural Affairs","Outside London","[c]","[c]","[c]","[c]"
"Leaver CS","2023","Asian","Human Resources","Department for International Trade","London","[c]","[c]","[c]","[c]"
"Leaver CS","2023","Asian","Human Resources","Department for International Trade","Outside London","[c]","[c]","[c]","[c]"
"Leaver CS","2023","Asian","Human Resources","Department for Levelling Up, Housing and Communities","London","[c]","[c]","[c]","[c]"
"Leaver CS","2023","Asian","Human Resources","Department for Levelling Up, Housing and Communities","Outside London","[c]","[c]","[c]","[c]"
"Leaver CS","2023","Asian","Human Resources","Department for Transport","London","[c]","[c]","[c]","[c]"
"Leaver CS","2023","Asian","Human Resources","Department for Transport","Outside London","[c]","[c]","[c]","[c]"
"Leaver CS","2023","Asian","Human Resources","Department for Work and Pensions","London","[c]","[c]","[c]","[c]"
"Leaver CS","2023","Asian","Human Resources","Department for Work and Pensions","Outside London","[c]","[c]","[c]","[c]"
"Leaver CS","2023","Asian","Human Resources","Department of Health and Social Care","London","[c]","[c]","[c]","[c]"
"Leaver CS","2023","Asian","Human Resources","Department of Health and Social Care","Outside London","[c]","[c]","[c]","[c]"
"Leaver CS","2023","Asian","Human Resources","Estyn","Outside London","[c]","[c]","[c]","[c]"
"Leaver CS","2023","Asian","Human Resources","Food Standards Agency","Outside London","[c]","[c]","[c]","[c]"
"Leaver CS","2023","Asian","Human Resources","Foreign, Commonwealth and Development Office","London","[c]","[c]","[c]","[c]"
"Leaver CS","2023","Asian","Human Resources","Foreign, Commonwealth and Development Office","Outside London","[c]","[c]","[c]","[c]"
"Leaver CS","2023","Asian","Human Resources","HM Land Registry","Outside London","[c]","[c]","[c]","[c]"
"Leaver CS","2023","Asian","Human Resources","HM Revenue and Customs","London","[c]","[c]","[c]","[c]"
"Leaver CS","2023","Asian","Human Resources","HM Revenue and Customs","Outside London","[c]","[c]","[c]","[c]"
"Leaver CS","2023","Asian","Human Resources","HM Treasury","London","[c]","[c]","[c]","[c]"
"Leaver CS","2023","Asian","Human Resources","HM Treasury","Outside London","[c]","[c]","[c]","[c]"
"Leaver CS","2023","Asian","Human Resources","Home Office","London","[c]","[c]","[c]","[c]"
"Leaver CS","2023","Asian","Human Resources","Home Office","Outside London","[c]","[c]","[c]","[c]"
"Leaver CS","2023","Asian","Human Resources","Ministry of Defence","London","[c]","[c]","[c]","[c]"
"Leaver CS","2023","Asian","Human Resources","Ministry of Defence","Outside London","5","[c]","[c]","[c]"
"Leaver CS","2023","Asian","Human Resources","Ministry of Defence","Overseas","[c]","[c]","[c]","[c]"
"Leaver CS","2023","Asian","Human Resources","Ministry of Defence","Unknown","[c]","[c]","[c]","[c]"
"Leaver CS","2023","Asian","Human Resources","Ministry of Justice","London","5","[c]","[c]","[c]"
"Leaver CS","2023","Asian","Human Resources","Ministry of Justice","Outside London","[c]","[c]","[c]","[c]"
"Leaver CS","2023","Asian","Human Resources","National Crime Agency","London","[c]","[c]","[c]","[c]"
"Leaver CS","2023","Asian","Human Resources","National Crime Agency","Outside London","[c]","[c]","[c]","[c]"
"Leaver CS","2023","Asian","Human Resources","National Crime Agency","Unknown","[c]","[c]","[c]","[c]"
"Leaver CS","2023","Asian","Human Resources","Northern Ireland Office","London","[c]","[c]","[c]","[c]"
"Leaver CS","2023","Asian","Human Resources","Northern Ireland Office","Outside London","[c]","[c]","[c]","[c]"
"Leaver CS","2023","Asian","Human Resources","Office for Standards in Education, Children's Services and Skills","Outside London","[c]","[c]","[c]","[c]"
"Leaver CS","2023","Asian","Human Resources","Office of Gas and Electricity Markets","London","[c]","[c]","[c]","[c]"
"Leaver CS","2023","Asian","Human Resources","Office of Gas and Electricity Markets","Outside London","[c]","[c]","[c]","[c]"
"Leaver CS","2023","Asian","Human Resources","Office of Qualifications and Examinations Regulation","Outside London","[c]","[c]","[c]","[c]"
"Leaver CS","2023","Asian","Human Resources","Office of Rail and Road","Outside London","[c]","[c]","[c]","[c]"
"Leaver CS","2023","Asian","Human Resources","Office of the Secretary of State for Scotland","London","[c]","[c]","[c]","[c]"
"Leaver CS","2023","Asian","Human Resources","Office of the Secretary of State for Wales","Outside London","[c]","[c]","[c]","[c]"
"Leaver CS","2023","Asian","Human Resources","Scottish Government","Outside London","[c]","[c]","[c]","[c]"
"Leaver CS","2023","Asian","Human Resources","The National Archives","London","[c]","[c]","[c]","[c]"
"Leaver CS","2023","Asian","Human Resources","UK Statistics Authority","London","[c]","[c]","[c]","[c]"
"Leaver CS","2023","Asian","Human Resources","UK Statistics Authority","Outside London","[c]","[c]","[c]","[c]"
"Leaver CS","2023","Asian","Human Resources","Water Services Regulation Authority","Outside London","[c]","[c]","[c]","[c]"
"Leaver CS","2023","Asian","Internal Audit","Department for Business, Energy and Industrial Strategy","Outside London","[c]","[c]","[c]","[c]"
"Leaver CS","2023","Asian","Internal Audit","Department for Transport","Outside London","[c]","[c]","[c]","[c]"
"Leaver CS","2023","Asian","Internal Audit","Foreign, Commonwealth and Development Office","Outside London","[c]","[c]","[c]","[c]"
"Leaver CS","2023","Asian","Internal Audit","HM Land Registry","Outside London","[c]","[c]","[c]","[c]"
"Leaver CS","2023","Asian","Internal Audit","HM Revenue and Customs","London","[c]","[c]","[c]","[c]"
"Leaver CS","2023","Asian","Internal Audit","HM Revenue and Customs","Outside London","[c]","[c]","[c]","[c]"
"Leaver CS","2023","Asian","Internal Audit","HM Treasury","London","10","[c]","[c]","[c]"
"Leaver CS","2023","Asian","Internal Audit","HM Treasury","Outside London","[c]","[c]","[c]","[c]"
"Leaver CS","2023","Asian","Internal Audit","HM Treasury","Unknown","[c]","[c]","[c]","[c]"
"Leaver CS","2023","Asian","Internal Audit","Ministry of Defence","London","[c]","[c]","[c]","[c]"
"Leaver CS","2023","Asian","Internal Audit","Ministry of Defence","Outside London","[c]","[c]","[c]","[c]"
"Leaver CS","2023","Asian","Internal Audit","UK Export Finance","London","[c]","[c]","[c]","[c]"
"Leaver CS","2023","Asian","Internal Audit","UK Statistics Authority","Outside London","[c]","[c]","[c]","[c]"
"Leaver CS","2023","Asian","Legal","Attorney General's Departments","London","40","[c]","43120","44580"
"Leaver CS","2023","Asian","Legal","Attorney General's Departments","Outside London","25","[c]","[c]","[c]"
"Leaver CS","2023","Asian","Legal","Cabinet Office","London","[c]","[c]","[c]","[c]"
"Leaver CS","2023","Asian","Legal","Competition and Markets Authority","London","[c]","[c]","[c]","[c]"
"Leaver CS","2023","Asian","Legal","Competition and Markets Authority","Outside London","[c]","[c]","[c]","[c]"
"Leaver CS","2023","Asian","Legal","Department for Business, Energy and Industrial Strategy","London","[c]","[c]","[c]","[c]"
"Leaver CS","2023","Asian","Legal","Department for Business, Energy and Industrial Strategy","Outside London","[c]","[c]","[c]","[c]"
"Leaver CS","2023","Asian","Legal","Department for Education","London","[c]","[c]","[c]","[c]"
"Leaver CS","2023","Asian","Legal","Department for Education","Outside London","[c]","[c]","[c]","[c]"
"Leaver CS","2023","Asian","Legal","Department for Transport","Outside London","[c]","[c]","[c]","[c]"
"Leaver CS","2023","Asian","Legal","Department for Work and Pensions","Outside London","[c]","[c]","[c]","[c]"
"Leaver CS","2023","Asian","Legal","Department of Health and Social Care","London","[c]","[c]","[c]","[c]"
"Leaver CS","2023","Asian","Legal","Food Standards Agency","London","[c]","[c]","[c]","[c]"
"Leaver CS","2023","Asian","Legal","Foreign, Commonwealth and Development Office","London","[c]","[c]","[c]","[c]"
"Leaver CS","2023","Asian","Legal","Foreign, Commonwealth and Development Office","Outside London","[c]","[c]","[c]","[c]"
"Leaver CS","2023","Asian","Legal","HM Land Registry","London","[c]","[c]","[c]","[c]"
"Leaver CS","2023","Asian","Legal","HM Land Registry","Outside London","[c]","[c]","[c]","[c]"
"Leaver CS","2023","Asian","Legal","HM Revenue and Customs","London","[c]","[c]","[c]","[c]"
"Leaver CS","2023","Asian","Legal","HM Revenue and Customs","Outside London","[c]","[c]","[c]","[c]"
"Leaver CS","2023","Asian","Legal","HM Treasury","London","[c]","[c]","[c]","[c]"
"Leaver CS","2023","Asian","Legal","Ministry of Defence","London","[c]","[c]","[c]","[c]"
"Leaver CS","2023","Asian","Legal","Ministry of Defence","Outside London","[c]","[c]","[c]","[c]"
"Leaver CS","2023","Asian","Legal","Ministry of Defence","Overseas","[c]","[c]","[c]","[c]"
"Leaver CS","2023","Asian","Legal","Ministry of Justice","London","[c]","[c]","[c]","[c]"
"Leaver CS","2023","Asian","Legal","Ministry of Justice","Outside London","[c]","[c]","[c]","[c]"
"Leaver CS","2023","Asian","Legal","National Crime Agency","London","[c]","[c]","[c]","[c]"
"Leaver CS","2023","Asian","Legal","Office for Standards in Education, Children's Services and Skills","London","[c]","[c]","[c]","[c]"
"Leaver CS","2023","Asian","Legal","Office of Gas and Electricity Markets","London","[c]","[c]","[c]","[c]"
"Leaver CS","2023","Asian","Legal","Office of Gas and Electricity Markets","Outside London","[c]","[c]","[c]","[c]"
"Leaver CS","2023","Asian","Legal","Office of Qualifications and Examinations Regulation","Outside London","[c]","[c]","[c]","[c]"
"Leaver CS","2023","Asian","Legal","Office of Rail and Road","London","[c]","[c]","[c]","[c]"
"Leaver CS","2023","Asian","Legal","Scottish Government","Outside London","[c]","[c]","[c]","[c]"
"Leaver CS","2023","Asian","Legal","The National Archives","London","[c]","[c]","[c]","[c]"
"Leaver CS","2023","Asian","Legal","UK Export Finance","London","[c]","[c]","[c]","[c]"
"Leaver CS","2023","Asian","Legal","UK Supreme Court","London","[c]","[c]","[c]","[c]"
"Leaver CS","2023","Asian","Legal","Water Services Regulation Authority","Outside London","[c]","[c]","[c]","[c]"
"Leaver CS","2023","Asian","No function","Attorney General's Departments","London","[c]","[c]","[c]","[c]"
"Leaver CS","2023","Asian","No function","Cabinet Office","London","15","[c]","[c]","[c]"
"Leaver CS","2023","Asian","No function","Cabinet Office","Outside London","[c]","[c]","[c]","[c]"
"Leaver CS","2023","Asian","No function","Cabinet Office","Unknown","[c]","[c]","[c]","[c]"
"Leaver CS","2023","Asian","No function","Chancellor's other departments","London","[c]","[c]","[c]","[c]"
"Leaver CS","2023","Asian","No function","Chancellor's other departments","Outside London","[c]","[c]","[c]","[c]"
"Leaver CS","2023","Asian","No function","Charity Commission","London","[c]","[c]","[c]","[c]"
"Leaver CS","2023","Asian","No function","Charity Commission","Outside London","[c]","[c]","[c]","[c]"
"Leaver CS","2023","Asian","No function","Department for Business, Energy and Industrial Strategy","London","40","[c]","42150","40050"
"Leaver CS","2023","Asian","No function","Department for Business, Energy and Industrial Strategy","Outside London","15","[c]","[c]","[c]"
"Leaver CS","2023","Asian","No function","Department for Digital, Culture, Media and Sport","London","10","[c]","[c]","[c]"
"Leaver CS","2023","Asian","No function","Department for Education","London","5","[c]","[c]","[c]"
"Leaver CS","2023","Asian","No function","Department for Education","Outside London","5","[c]","[c]","[c]"
"Leaver CS","2023","Asian","No function","Department for Environment, Food and Rural Affairs","London","25","[c]","[c]","[c]"
"Leaver CS","2023","Asian","No function","Department for Environment, Food and Rural Affairs","Outside London","10","[c]","[c]","[c]"
"Leaver CS","2023","Asian","No function","Department for Environment, Food and Rural Affairs","Unknown","[c]","[c]","[c]","[c]"
"Leaver CS","2023","Asian","No function","Department for International Trade","London","5","[c]","[c]","[c]"
"Leaver CS","2023","Asian","No function","Department for International Trade","Outside London","[c]","[c]","[c]","[c]"
"Leaver CS","2023","Asian","No function","Department for International Trade","Overseas","[c]","[c]","[c]","[c]"
"Leaver CS","2023","Asian","No function","Department for Levelling Up, Housing and Communities","London","10","[c]","[c]","[c]"
"Leaver CS","2023","Asian","No function","Department for Levelling Up, Housing and Communities","Outside London","10","[c]","[c]","[c]"
"Leaver CS","2023","Asian","No function","Department for Transport","London","25","[c]","[c]","[c]"
"Leaver CS","2023","Asian","No function","Department for Transport","Outside London","40","[c]","26540","22500"
"Leaver CS","2023","Asian","No function","Department for Work and Pensions","London","180","[c]","31260","31060"
"Leaver CS","2023","Asian","No function","Department for Work and Pensions","Outside London","345","[c]","26350","27570"
"Leaver CS","2023","Asian","No function","Department for Work and Pensions","Unknown","10","[c]","[c]","[c]"
"Leaver CS","2023","Asian","No function","Department of Health and Social Care","London","90","[c]","39230","33330"
"Leaver CS","2023","Asian","No function","Department of Health and Social Care","Outside London","80","[c]","32000","28590"
"Leaver CS","2023","Asian","No function","Department of Health and Social Care","Overseas","[c]","[c]","[c]","[c]"
"Leaver CS","2023","Asian","No function","Food Standards Agency","London","[c]","[c]","[c]","[c]"
"Leaver CS","2023","Asian","No function","Food Standards Agency","Outside London","[c]","[c]","[c]","[c]"
"Leaver CS","2023","Asian","No function","HM Land Registry","London","[c]","[c]","[c]","[c]"
"Leaver CS","2023","Asian","No function","HM Land Registry","Outside London","15","[c]","[c]","[c]"
"Leaver CS","2023","Asian","No function","HM Revenue and Customs","London","30","[c]","[c]","[c]"
"Leaver CS","2023","Asian","No function","HM Revenue and Customs","Outside London","160","[c]","[c]","[c]"
"Leaver CS","2023","Asian","No function","HM Treasury","London","40","[c]","37770","32320"
"Leaver CS","2023","Asian","No function","HM Treasury","Outside London","[c]","[c]","[c]","[c]"
"Leaver CS","2023","Asian","No function","Home Office","London","115","[c]","34260","30120"
"Leaver CS","2023","Asian","No function","Home Office","Outside London","60","[c]","25330","24190"
"Leaver CS","2023","Asian","No function","Home Office","Overseas","[c]","[c]","[c]","[c]"
"Leaver CS","2023","Asian","No function","Home Office","Unknown","[c]","[c]","[c]","[c]"
"Leaver CS","2023","Asian","No function","Ministry of Defence","London","10","[c]","[c]","[c]"
"Leaver CS","2023","Asian","No function","Ministry of Defence","Outside London","30","[c]","[c]","[c]"
"Leaver CS","2023","Asian","No function","Ministry of Defence","Overseas","[c]","[c]","[c]","[c]"
"Leaver CS","2023","Asian","No function","Ministry of Defence","Unknown","[c]","[c]","[c]","[c]"
"Leaver CS","2023","Asian","No function","Ministry of Justice","London","125","[c]","28490","25480"
"Leaver CS","2023","Asian","No function","Ministry of Justice","Outside London","225","[c]","24120","21780"
"Leaver CS","2023","Asian","No function","Ministry of Justice","Unknown","[c]","[c]","[c]","[c]"
"Leaver CS","2023","Asian","No function","National Crime Agency","London","[c]","[c]","[c]","[c]"
"Leaver CS","2023","Asian","No function","National Crime Agency","Outside London","5","[c]","[c]","[c]"
"Leaver CS","2023","Asian","No function","National Crime Agency","Overseas","[c]","[c]","[c]","[c]"
"Leaver CS","2023","Asian","No function","National Crime Agency","Unknown","[c]","[c]","[c]","[c]"
"Leaver CS","2023","Asian","No function","Office for Standards in Education, Children's Services and Skills","London","10","[c]","[c]","[c]"
"Leaver CS","2023","Asian","No function","Office for Standards in Education, Children's Services and Skills","Outside London","10","[c]","[c]","[c]"
"Leaver CS","2023","Asian","No function","Office of Gas and Electricity Markets","London","[c]","[c]","[c]","[c]"
"Leaver CS","2023","Asian","No function","Office of Gas and Electricity Markets","Outside London","[c]","[c]","[c]","[c]"
"Leaver CS","2023","Asian","No function","Office of Qualifications and Examinations Regulation","Outside London","[c]","[c]","[c]","[c]"
"Leaver CS","2023","Asian","No function","Office of Rail and Road","London","[c]","[c]","[c]","[c]"
"Leaver CS","2023","Asian","No function","Office of Rail and Road","Outside London","[c]","[c]","[c]","[c]"
"Leaver CS","2023","Asian","No function","Office of the Secretary of State for Scotland","London","[c]","[c]","[c]","[c]"
"Leaver CS","2023","Asian","No function","Office of the Secretary of State for Wales","London","[c]","[c]","[c]","[c]"
"Leaver CS","2023","Asian","No function","Office of the Secretary of State for Wales","Outside London","[c]","[c]","[c]","[c]"
"Leaver CS","2023","Asian","No function","Scottish Government","Outside London","5","[c]","[c]","[c]"
"Leaver CS","2023","Asian","No function","The National Archives","London","5","[c]","[c]","[c]"
"Leaver CS","2023","Asian","No function","UK Statistics Authority","London","[c]","[c]","[c]","[c]"
"Leaver CS","2023","Asian","No function","UK Statistics Authority","Outside London","10","[c]","[c]","[c]"
"Leaver CS","2023","Asian","No function","Water Services Regulation Authority","Outside London","[c]","[c]","[c]","[c]"
"Leaver CS","2023","Asian","Project Delivery","Attorney General's Departments","London","[c]","[c]","[c]","[c]"
"Leaver CS","2023","Asian","Project Delivery","Cabinet Office","London","[c]","[c]","[c]","[c]"
"Leaver CS","2023","Asian","Project Delivery","Cabinet Office","Outside London","[c]","[c]","[c]","[c]"
"Leaver CS","2023","Asian","Project Delivery","Cabinet Office","Unknown","[c]","[c]","[c]","[c]"
"Leaver CS","2023","Asian","Project Delivery","Chancellor's other departments","London","[c]","[c]","[c]","[c]"
"Leaver CS","2023","Asian","Project Delivery","Charity Commission","London","[c]","[c]","[c]","[c]"
"Leaver CS","2023","Asian","Project Delivery","Charity Commission","Outside London","[c]","[c]","[c]","[c]"
"Leaver CS","2023","Asian","Project Delivery","Competition and Markets Authority","London","[c]","[c]","[c]","[c]"
"Leaver CS","2023","Asian","Project Delivery","Competition and Markets Authority","Outside London","[c]","[c]","[c]","[c]"
"Leaver CS","2023","Asian","Project Delivery","Department for Business, Energy and Industrial Strategy","London","[c]","[c]","[c]","[c]"
"Leaver CS","2023","Asian","Project Delivery","Department for Business, Energy and Industrial Strategy","Outside London","[c]","[c]","[c]","[c]"
"Leaver CS","2023","Asian","Project Delivery","Department for Digital, Culture, Media and Sport","London","[c]","[c]","[c]","[c]"
"Leaver CS","2023","Asian","Project Delivery","Department for Education","London","[c]","[c]","[c]","[c]"
"Leaver CS","2023","Asian","Project Delivery","Department for Education","Outside London","5","[c]","[c]","[c]"
"Leaver CS","2023","Asian","Project Delivery","Department for Environment, Food and Rural Affairs","London","[c]","[c]","[c]","[c]"
"Leaver CS","2023","Asian","Project Delivery","Department for Environment, Food and Rural Affairs","Outside London","[c]","[c]","[c]","[c]"
"Leaver CS","2023","Asian","Project Delivery","Department for International Trade","London","[c]","[c]","[c]","[c]"
"Leaver CS","2023","Asian","Project Delivery","Department for International Trade","Outside London","[c]","[c]","[c]","[c]"
"Leaver CS","2023","Asian","Project Delivery","Department for Levelling Up, Housing and Communities","London","[c]","[c]","[c]","[c]"
"Leaver CS","2023","Asian","Project Delivery","Department for Levelling Up, Housing and Communities","Outside London","[c]","[c]","[c]","[c]"
"Leaver CS","2023","Asian","Project Delivery","Department for Transport","London","[c]","[c]","[c]","[c]"
"Leaver CS","2023","Asian","Project Delivery","Department for Transport","Outside London","[c]","[c]","[c]","[c]"
"Leaver CS","2023","Asian","Project Delivery","Department for Work and Pensions","London","[c]","[c]","[c]","[c]"
"Leaver CS","2023","Asian","Project Delivery","Department for Work and Pensions","Outside London","5","[c]","[c]","[c]"
"Leaver CS","2023","Asian","Project Delivery","Department of Health and Social Care","London","[c]","[c]","[c]","[c]"
"Leaver CS","2023","Asian","Project Delivery","Department of Health and Social Care","Outside London","[c]","[c]","[c]","[c]"
"Leaver CS","2023","Asian","Project Delivery","Department of Health and Social Care","Unknown","[c]","[c]","[c]","[c]"
"Leaver CS","2023","Asian","Project Delivery","Estyn","Outside London","[c]","[c]","[c]","[c]"
"Leaver CS","2023","Asian","Project Delivery","Food Standards Agency","London","[c]","[c]","[c]","[c]"
"Leaver CS","2023","Asian","Project Delivery","Food Standards Agency","Outside London","[c]","[c]","[c]","[c]"
"Leaver CS","2023","Asian","Project Delivery","Foreign, Commonwealth and Development Office","London","[c]","[c]","[c]","[c]"
"Leaver CS","2023","Asian","Project Delivery","Foreign, Commonwealth and Development Office","Outside London","[c]","[c]","[c]","[c]"
"Leaver CS","2023","Asian","Project Delivery","HM Land Registry","London","[c]","[c]","[c]","[c]"
"Leaver CS","2023","Asian","Project Delivery","HM Land Registry","Outside London","[c]","[c]","[c]","[c]"
"Leaver CS","2023","Asian","Project Delivery","HM Revenue and Customs","London","5","[c]","[c]","[c]"
"Leaver CS","2023","Asian","Project Delivery","HM Revenue and Customs","Outside London","5","[c]","[c]","[c]"
"Leaver CS","2023","Asian","Project Delivery","HM Treasury","London","[c]","[c]","[c]","[c]"
"Leaver CS","2023","Asian","Project Delivery","Home Office","London","[c]","[c]","[c]","[c]"
"Leaver CS","2023","Asian","Project Delivery","Ministry of Defence","London","[c]","[c]","[c]","[c]"
"Leaver CS","2023","Asian","Project Delivery","Ministry of Defence","Outside London","20","[c]","[c]","[c]"
"Leaver CS","2023","Asian","Project Delivery","Ministry of Defence","Overseas","[c]","[c]","[c]","[c]"
"Leaver CS","2023","Asian","Project Delivery","Ministry of Justice","London","5","[c]","[c]","[c]"
"Leaver CS","2023","Asian","Project Delivery","Ministry of Justice","Outside London","[c]","[c]","[c]","[c]"
"Leaver CS","2023","Asian","Project Delivery","National Crime Agency","London","[c]","[c]","[c]","[c]"
"Leaver CS","2023","Asian","Project Delivery","National Crime Agency","Outside London","[c]","[c]","[c]","[c]"
"Leaver CS","2023","Asian","Project Delivery","Office of Gas and Electricity Markets","London","[c]","[c]","[c]","[c]"
"Leaver CS","2023","Asian","Project Delivery","Office of Gas and Electricity Markets","Outside London","[c]","[c]","[c]","[c]"
"Leaver CS","2023","Asian","Project Delivery","Scottish Government","Outside London","[c]","[c]","[c]","[c]"
"Leaver CS","2023","Asian","Project Delivery","UK Export Finance","London","[c]","[c]","[c]","[c]"
"Leaver CS","2023","Asian","Project Delivery","UK Statistics Authority","London","[c]","[c]","[c]","[c]"
"Leaver CS","2023","Asian","Project Delivery","UK Statistics Authority","Outside London","[c]","[c]","[c]","[c]"
"Leaver CS","2023","Asian","Project Delivery","Water Services Regulation Authority","Outside London","[c]","[c]","[c]","[c]"
"Leaver CS","2023","Asian","Property","Attorney General's Departments","London","[c]","[c]","[c]","[c]"
"Leaver CS","2023","Asian","Property","Cabinet Office","London","[c]","[c]","[c]","[c]"
"Leaver CS","2023","Asian","Property","Cabinet Office","Outside London","[c]","[c]","[c]","[c]"
"Leaver CS","2023","Asian","Property","Cabinet Office","Unknown","[c]","[c]","[c]","[c]"
"Leaver CS","2023","Asian","Property","Competition and Markets Authority","London","[c]","[c]","[c]","[c]"
"Leaver CS","2023","Asian","Property","Department for Business, Energy and Industrial Strategy","London","[c]","[c]","[c]","[c]"
"Leaver CS","2023","Asian","Property","Department for Business, Energy and Industrial Strategy","Outside London","[c]","[c]","[c]","[c]"
"Leaver CS","2023","Asian","Property","Department for Digital, Culture, Media and Sport","London","[c]","[c]","[c]","[c]"
"Leaver CS","2023","Asian","Property","Department for Environment, Food and Rural Affairs","London","[c]","[c]","[c]","[c]"
"Leaver CS","2023","Asian","Property","Department for Environment, Food and Rural Affairs","Outside London","[c]","[c]","[c]","[c]"
"Leaver CS","2023","Asian","Property","Department for Levelling Up, Housing and Communities","London","[c]","[c]","[c]","[c]"
"Leaver CS","2023","Asian","Property","Department for Transport","London","[c]","[c]","[c]","[c]"
"Leaver CS","2023","Asian","Property","Department for Transport","Outside London","[c]","[c]","[c]","[c]"
"Leaver CS","2023","Asian","Property","Department for Work and Pensions","London","[c]","[c]","[c]","[c]"
"Leaver CS","2023","Asian","Property","Department for Work and Pensions","Outside London","[c]","[c]","[c]","[c]"
"Leaver CS","2023","Asian","Property","Department for Work and Pensions","Unknown","[c]","[c]","[c]","[c]"
"Leaver CS","2023","Asian","Property","Department of Health and Social Care","London","[c]","[c]","[c]","[c]"
"Leaver CS","2023","Asian","Property","Department of Health and Social Care","Outside London","[c]","[c]","[c]","[c]"
"Leaver CS","2023","Asian","Property","Foreign, Commonwealth and Development Office","London","[c]","[c]","[c]","[c]"
"Leaver CS","2023","Asian","Property","Foreign, Commonwealth and Development Office","Outside London","[c]","[c]","[c]","[c]"
"Leaver CS","2023","Asian","Property","HM Land Registry","Outside London","[c]","[c]","[c]","[c]"
"Leaver CS","2023","Asian","Property","HM Revenue and Customs","London","5","[c]","[c]","[c]"
"Leaver CS","2023","Asian","Property","HM Revenue and Customs","Outside London","10","[c]","[c]","[c]"
"Leaver CS","2023","Asian","Property","Home Office","London","[c]","[c]","[c]","[c]"
"Leaver CS","2023","Asian","Property","Home Office","Outside London","[c]","[c]","[c]","[c]"
"Leaver CS","2023","Asian","Property","Ministry of Defence","London","[c]","[c]","[c]","[c]"
"Leaver CS","2023","Asian","Property","Ministry of Defence","Outside London","[c]","[c]","[c]","[c]"
"Leaver CS","2023","Asian","Property","Ministry of Defence","Overseas","[c]","[c]","[c]","[c]"
"Leaver CS","2023","Asian","Property","Ministry of Defence","Unknown","[c]","[c]","[c]","[c]"
"Leaver CS","2023","Asian","Property","Ministry of Justice","London","[c]","[c]","[c]","[c]"
"Leaver CS","2023","Asian","Property","Ministry of Justice","Outside London","[c]","[c]","[c]","[c]"
"Leaver CS","2023","Asian","Property","Ministry of Justice","Unknown","[c]","[c]","[c]","[c]"
"Leaver CS","2023","Asian","Property","National Crime Agency","London","[c]","[c]","[c]","[c]"
"Leaver CS","2023","Asian","Property","Office of Rail and Road","London","[c]","[c]","[c]","[c]"
"Leaver CS","2023","Asian","Property","Scottish Government","Outside London","[c]","[c]","[c]","[c]"
"Leaver CS","2023","Asian","Property","The National Archives","London","[c]","[c]","[c]","[c]"
"Leaver CS","2023","Asian","Property","UK Statistics Authority","Outside London","[c]","[c]","[c]","[c]"
"Leaver CS","2023","Asian","Property","UK Supreme Court","London","[c]","[c]","[c]","[c]"
"Leaver CS","2023","Asian","Security","Cabinet Office","London","[c]","[c]","[c]","[c]"
"Leaver CS","2023","Asian","Security","Cabinet Office","Outside London","[c]","[c]","[c]","[c]"
"Leaver CS","2023","Asian","Security","Cabinet Office","Unknown","[c]","[c]","[c]","[c]"
"Leaver CS","2023","Asian","Security","Department for Business, Energy and Industrial Strategy","London","[c]","[c]","[c]","[c]"
"Leaver CS","2023","Asian","Security","Department for Business, Energy and Industrial Strategy","Outside London","[c]","[c]","[c]","[c]"
"Leaver CS","2023","Asian","Security","Department for Education","Outside London","[c]","[c]","[c]","[c]"
"Leaver CS","2023","Asian","Security","Department for Transport","Outside London","[c]","[c]","[c]","[c]"
"Leaver CS","2023","Asian","Security","Department for Work and Pensions","Outside London","[c]","[c]","[c]","[c]"
"Leaver CS","2023","Asian","Security","Estyn","Outside London","[c]","[c]","[c]","[c]"
"Leaver CS","2023","Asian","Security","Food Standards Agency","Outside London","[c]","[c]","[c]","[c]"
"Leaver CS","2023","Asian","Security","Foreign, Commonwealth and Development Office","London","[c]","[c]","[c]","[c]"
"Leaver CS","2023","Asian","Security","Foreign, Commonwealth and Development Office","Outside London","[c]","[c]","[c]","[c]"
"Leaver CS","2023","Asian","Security","Foreign, Commonwealth and Development Office","Overseas","[c]","[c]","[c]","[c]"
"Leaver CS","2023","Asian","Security","HM Revenue and Customs","London","[c]","[c]","[c]","[c]"
"Leaver CS","2023","Asian","Security","HM Revenue and Customs","Outside London","[c]","[c]","[c]","[c]"
"Leaver CS","2023","Asian","Security","Home Office","London","[c]","[c]","[c]","[c]"
"Leaver CS","2023","Asian","Security","Home Office","Outside London","[c]","[c]","[c]","[c]"
"Leaver CS","2023","Asian","Security","Ministry of Defence","London","[c]","[c]","[c]","[c]"
"Leaver CS","2023","Asian","Security","Ministry of Defence","Outside London","15","[c]","[c]","[c]"
"Leaver CS","2023","Asian","Security","Ministry of Defence","Overseas","[c]","[c]","[c]","[c]"
"Leaver CS","2023","Asian","Security","Ministry of Defence","Unknown","[c]","[c]","[c]","[c]"
"Leaver CS","2023","Asian","Security","Ministry of Justice","London","[c]","[c]","[c]","[c]"
"Leaver CS","2023","Asian","Security","Ministry of Justice","Outside London","[c]","[c]","[c]","[c]"
"Leaver CS","2023","Asian","Security","National Crime Agency","London","[c]","[c]","[c]","[c]"
"Leaver CS","2023","Asian","Security","National Crime Agency","Outside London","[c]","[c]","[c]","[c]"
"Leaver CS","2023","Asian","Security","Office of Gas and Electricity Markets","London","[c]","[c]","[c]","[c]"
"Leaver CS","2023","Asian","Security","UK Statistics Authority","Outside London","[c]","[c]","[c]","[c]"
"Leaver CS","2023","Asian","Unknown","Attorney General's Departments","London","[c]","[c]","[c]","[c]"
"Leaver CS","2023","Asian","Unknown","Attorney General's Departments","Outside London","[c]","[c]","[c]","[c]"
"Leaver CS","2023","Asian","Unknown","Cabinet Office","London","[c]","[c]","[c]","[c]"
"Leaver CS","2023","Asian","Unknown","Cabinet Office","Outside London","[c]","[c]","[c]","[c]"
"Leaver CS","2023","Asian","Unknown","Cabinet Office","Unknown","[c]","[c]","[c]","[c]"
"Leaver CS","2023","Asian","Unknown","Department for Business, Energy and Industrial Strategy","London","[c]","[c]","[c]","[c]"
"Leaver CS","2023","Asian","Unknown","Department for Business, Energy and Industrial Strategy","Outside London","[c]","[c]","[c]","[c]"
"Leaver CS","2023","Asian","Unknown","Department for Education","London","[c]","[c]","[c]","[c]"
"Leaver CS","2023","Asian","Unknown","Department for Education","Outside London","[c]","[c]","[c]","[c]"
"Leaver CS","2023","Asian","Unknown","Department for Environment, Food and Rural Affairs","London","[c]","[c]","[c]","[c]"
"Leaver CS","2023","Asian","Unknown","Department for Environment, Food and Rural Affairs","Outside London","[c]","[c]","[c]","[c]"
"Leaver CS","2023","Asian","Unknown","Department for International Trade","London","[c]","[c]","[c]","[c]"
"Leaver CS","2023","Asian","Unknown","Department for International Trade","Outside London","[c]","[c]","[c]","[c]"
"Leaver CS","2023","Asian","Unknown","Department for Work and Pensions","London","10","[c]","[c]","[c]"
"Leaver CS","2023","Asian","Unknown","Department for Work and Pensions","Outside London","5","[c]","[c]","[c]"
"Leaver CS","2023","Asian","Unknown","Department of Health and Social Care","London","45","[c]","[c]","[c]"
"Leaver CS","2023","Asian","Unknown","Department of Health and Social Care","Outside London","5","[c]","[c]","[c]"
"Leaver CS","2023","Asian","Unknown","Department of Health and Social Care","Unknown","[c]","[c]","[c]","[c]"
"Leaver CS","2023","Asian","Unknown","Food Standards Agency","Outside London","[c]","[c]","[c]","[c]"
"Leaver CS","2023","Asian","Unknown","Foreign, Commonwealth and Development Office","London","20","[c]","[c]","[c]"
"Leaver CS","2023","Asian","Unknown","Foreign, Commonwealth and Development Office","Outside London","[c]","[c]","[c]","[c]"
"Leaver CS","2023","Asian","Unknown","Foreign, Commonwealth and Development Office","Overseas","[c]","[c]","[c]","[c]"
"Leaver CS","2023","Asian","Unknown","Ministry of Defence","London","[c]","[c]","[c]","[c]"
"Leaver CS","2023","Asian","Unknown","Ministry of Defence","Outside London","[c]","[c]","[c]","[c]"
"Leaver CS","2023","Asian","Unknown","Ministry of Defence","Overseas","[c]","[c]","[c]","[c]"
"Leaver CS","2023","Asian","Unknown","Ministry of Defence","Unknown","[c]","[c]","[c]","[c]"
"Leaver CS","2023","Asian","Unknown","Northern Ireland Office","London","[c]","[c]","[c]","[c]"
"Leaver CS","2023","Asian","Unknown","Northern Ireland Office","Outside London","[c]","[c]","[c]","[c]"
"Leaver CS","2023","Asian","Unknown","Office of Gas and Electricity Markets","London","20","[c]","[c]","[c]"
"Leaver CS","2023","Asian","Unknown","Office of Gas and Electricity Markets","Outside London","[c]","[c]","[c]","[c]"
"Leaver CS","2023","Asian","Unknown","Office of the Secretary of State for Scotland","London","[c]","[c]","[c]","[c]"
"Leaver CS","2023","Asian","Unknown","Office of the Secretary of State for Scotland","Outside London","[c]","[c]","[c]","[c]"
"Leaver CS","2023","Asian","Unknown","Scottish Government","London","[c]","[c]","[c]","[c]"
"Leaver CS","2023","Asian","Unknown","Scottish Government","Outside London","10","[c]","[c]","[c]"
"Leaver CS","2023","Asian","Unknown","Scottish Government","Overseas","[c]","[c]","[c]","[c]"
"Leaver CS","2023","Asian","Unknown","Welsh Government","Outside London","[c]","[c]","[c]","[c]"
"Leaver CS","2023","Black","Analysis","Cabinet Office","London","[c]","[c]","[c]","[c]"
"Leaver CS","2023","Black","Analysis","Cabinet Office","Outside London","[c]","[c]","[c]","[c]"
"Leaver CS","2023","Black","Analysis","Cabinet Office","Unknown","[c]","[c]","[c]","[c]"
"Leaver CS","2023","Black","Analysis","Chancellor's other departments","London","[c]","[c]","[c]","[c]"
"Leaver CS","2023","Black","Analysis","Chancellor's other departments","Outside London","[c]","[c]","[c]","[c]"
"Leaver CS","2023","Black","Analysis","Competition and Markets Authority","London","[c]","[c]","[c]","[c]"
"Leaver CS","2023","Black","Analysis","Competition and Markets Authority","Outside London","[c]","[c]","[c]","[c]"
"Leaver CS","2023","Black","Analysis","Department for Business, Energy and Industrial Strategy","London","[c]","[c]","[c]","[c]"
"Leaver CS","2023","Black","Analysis","Department for Business, Energy and Industrial Strategy","Outside London","[c]","[c]","[c]","[c]"
"Leaver CS","2023","Black","Analysis","Department for Digital, Culture, Media and Sport","London","[c]","[c]","[c]","[c]"
"Leaver CS","2023","Black","Analysis","Department for Education","London","[c]","[c]","[c]","[c]"
"Leaver CS","2023","Black","Analysis","Department for Education","Outside London","[c]","[c]","[c]","[c]"
"Leaver CS","2023","Black","Analysis","Department for Environment, Food and Rural Affairs","Outside London","[c]","[c]","[c]","[c]"
"Leaver CS","2023","Black","Analysis","Department for International Trade","London","[c]","[c]","[c]","[c]"
"Leaver CS","2023","Black","Analysis","Department for Levelling Up, Housing and Communities","London","[c]","[c]","[c]","[c]"
"Leaver CS","2023","Black","Analysis","Department for Levelling Up, Housing and Communities","Outside London","[c]","[c]","[c]","[c]"
"Leaver CS","2023","Black","Analysis","Department for Transport","Outside London","[c]","[c]","[c]","[c]"
"Leaver CS","2023","Black","Analysis","Department for Work and Pensions","London","[c]","[c]","[c]","[c]"
"Leaver CS","2023","Black","Analysis","Department for Work and Pensions","Outside London","[c]","[c]","[c]","[c]"
"Leaver CS","2023","Black","Analysis","Department for Work and Pensions","Unknown","[c]","[c]","[c]","[c]"
"Leaver CS","2023","Black","Analysis","Department of Health and Social Care","London","[c]","[c]","[c]","[c]"
"Leaver CS","2023","Black","Analysis","Estyn","Outside London","[c]","[c]","[c]","[c]"
"Leaver CS","2023","Black","Analysis","Food Standards Agency","London","[c]","[c]","[c]","[c]"
"Leaver CS","2023","Black","Analysis","Food Standards Agency","Outside London","[c]","[c]","[c]","[c]"
"Leaver CS","2023","Black","Analysis","Foreign, Commonwealth and Development Office","Outside London","[c]","[c]","[c]","[c]"
"Leaver CS","2023","Black","Analysis","HM Land Registry","London","[c]","[c]","[c]","[c]"
"Leaver CS","2023","Black","Analysis","HM Land Registry","Outside London","[c]","[c]","[c]","[c]"
"Leaver CS","2023","Black","Analysis","HM Revenue and Customs","London","[c]","[c]","[c]","[c]"
"Leaver CS","2023","Black","Analysis","HM Revenue and Customs","Outside London","[c]","[c]","[c]","[c]"
"Leaver CS","2023","Black","Analysis","HM Treasury","London","[c]","[c]","[c]","[c]"
"Leaver CS","2023","Black","Analysis","HM Treasury","Outside London","[c]","[c]","[c]","[c]"
"Leaver CS","2023","Black","Analysis","Home Office","London","[c]","[c]","[c]","[c]"
"Leaver CS","2023","Black","Analysis","Home Office","Outside London","[c]","[c]","[c]","[c]"
"Leaver CS","2023","Black","Analysis","Ministry of Defence","London","[c]","[c]","[c]","[c]"
"Leaver CS","2023","Black","Analysis","Ministry of Defence","Outside London","[c]","[c]","[c]","[c]"
"Leaver CS","2023","Black","Analysis","Ministry of Justice","London","[c]","[c]","[c]","[c]"
"Leaver CS","2023","Black","Analysis","Ministry of Justice","Outside London","[c]","[c]","[c]","[c]"
"Leaver CS","2023","Black","Analysis","Ministry of Justice","Unknown","[c]","[c]","[c]","[c]"
"Leaver CS","2023","Black","Analysis","Office for Standards in Education, Children's Services and Skills","London","[c]","[c]","[c]","[c]"
"Leaver CS","2023","Black","Analysis","Office for Standards in Education, Children's Services and Skills","Outside London","[c]","[c]","[c]","[c]"
"Leaver CS","2023","Black","Analysis","Office of Gas and Electricity Markets","London","[c]","[c]","[c]","[c]"
"Leaver CS","2023","Black","Analysis","Office of Gas and Electricity Markets","Outside London","[c]","[c]","[c]","[c]"
"Leaver CS","2023","Black","Analysis","Office of Rail and Road","London","[c]","[c]","[c]","[c]"
"Leaver CS","2023","Black","Analysis","Office of Rail and Road","Outside London","[c]","[c]","[c]","[c]"
"Leaver CS","2023","Black","Analysis","Scottish Government","Outside London","[c]","[c]","[c]","[c]"
"Leaver CS","2023","Black","Analysis","UK Export Finance","London","[c]","[c]","[c]","[c]"
"Leaver CS","2023","Black","Analysis","UK Statistics Authority","London","[c]","[c]","[c]","[c]"
"Leaver CS","2023","Black","Analysis","UK Statistics Authority","Outside London","[c]","[c]","[c]","[c]"
"Leaver CS","2023","Black","Analysis","Water Services Regulation Authority","Outside London","[c]","[c]","[c]","[c]"
"Leaver CS","2023","Black","Commercial","Attorney General's Departments","London","[c]","[c]","[c]","[c]"
"Leaver CS","2023","Black","Commercial","Attorney General's Departments","Outside London","[c]","[c]","[c]","[c]"
"Leaver CS","2023","Black","Commercial","Cabinet Office","London","[c]","[c]","[c]","[c]"
"Leaver CS","2023","Black","Commercial","Cabinet Office","Outside London","[c]","[c]","[c]","[c]"
"Leaver CS","2023","Black","Commercial","Cabinet Office","Unknown","[c]","[c]","[c]","[c]"
"Leaver CS","2023","Black","Commercial","Chancellor's other departments","London","[c]","[c]","[c]","[c]"
"Leaver CS","2023","Black","Commercial","Competition and Markets Authority","London","[c]","[c]","[c]","[c]"
"Leaver CS","2023","Black","Commercial","Department for Business, Energy and Industrial Strategy","London","[c]","[c]","[c]","[c]"
"Leaver CS","2023","Black","Commercial","Department for Business, Energy and Industrial Strategy","Outside London","[c]","[c]","[c]","[c]"
"Leaver CS","2023","Black","Commercial","Department for Digital, Culture, Media and Sport","London","[c]","[c]","[c]","[c]"
"Leaver CS","2023","Black","Commercial","Department for Education","London","[c]","[c]","[c]","[c]"
"Leaver CS","2023","Black","Commercial","Department for Education","Outside London","5","[c]","[c]","[c]"
"Leaver CS","2023","Black","Commercial","Department for Environment, Food and Rural Affairs","London","[c]","[c]","[c]","[c]"
"Leaver CS","2023","Black","Commercial","Department for Environment, Food and Rural Affairs","Outside London","[c]","[c]","[c]","[c]"
"Leaver CS","2023","Black","Commercial","Department for International Trade","London","[c]","[c]","[c]","[c]"
"Leaver CS","2023","Black","Commercial","Department for Levelling Up, Housing and Communities","London","[c]","[c]","[c]","[c]"
"Leaver CS","2023","Black","Commercial","Department for Transport","Outside London","[c]","[c]","[c]","[c]"
"Leaver CS","2023","Black","Commercial","Department for Work and Pensions","Outside London","[c]","[c]","[c]","[c]"
"Leaver CS","2023","Black","Commercial","Department of Health and Social Care","London","[c]","[c]","[c]","[c]"
"Leaver CS","2023","Black","Commercial","Department of Health and Social Care","Outside London","[c]","[c]","[c]","[c]"
"Leaver CS","2023","Black","Commercial","Foreign, Commonwealth and Development Office","London","[c]","[c]","[c]","[c]"
"Leaver CS","2023","Black","Commercial","Foreign, Commonwealth and Development Office","Outside London","[c]","[c]","[c]","[c]"
"Leaver CS","2023","Black","Commercial","HM Land Registry","London","[c]","[c]","[c]","[c]"
"Leaver CS","2023","Black","Commercial","HM Land Registry","Outside London","[c]","[c]","[c]","[c]"
"Leaver CS","2023","Black","Commercial","HM Revenue and Customs","London","[c]","[c]","[c]","[c]"
"Leaver CS","2023","Black","Commercial","HM Revenue and Customs","Outside London","[c]","[c]","[c]","[c]"
"Leaver CS","2023","Black","Commercial","Home Office","London","[c]","[c]","[c]","[c]"
"Leaver CS","2023","Black","Commercial","Home Office","Outside London","[c]","[c]","[c]","[c]"
"Leaver CS","2023","Black","Commercial","Ministry of Defence","London","[c]","[c]","[c]","[c]"
"Leaver CS","2023","Black","Commercial","Ministry of Defence","Outside London","5","[c]","[c]","[c]"
"Leaver CS","2023","Black","Commercial","Ministry of Defence","Overseas","[c]","[c]","[c]","[c]"
"Leaver CS","2023","Black","Commercial","Ministry of Justice","London","[c]","[c]","[c]","[c]"
"Leaver CS","2023","Black","Commercial","Ministry of Justice","Outside London","[c]","[c]","[c]","[c]"
"Leaver CS","2023","Black","Commercial","Scottish Government","Outside London","[c]","[c]","[c]","[c]"
"Leaver CS","2023","Black","Commercial","The National Archives","London","[c]","[c]","[c]","[c]"
"Leaver CS","2023","Black","Commercial","UK Export Finance","London","[c]","[c]","[c]","[c]"
"Leaver CS","2023","Black","Commercial","UK Export Finance","Outside London","[c]","[c]","[c]","[c]"
"Leaver CS","2023","Black","Commercial","UK Statistics Authority","Outside London","[c]","[c]","[c]","[c]"
"Leaver CS","2023","Black","Communications","Attorney General's Departments","London","[c]","[c]","[c]","[c]"
"Leaver CS","2023","Black","Communications","Attorney General's Departments","Outside London","[c]","[c]","[c]","[c]"
"Leaver CS","2023","Black","Communications","Cabinet Office","London","[c]","[c]","[c]","[c]"
"Leaver CS","2023","Black","Communications","Cabinet Office","Outside London","[c]","[c]","[c]","[c]"
"Leaver CS","2023","Black","Communications","Cabinet Office","Unknown","[c]","[c]","[c]","[c]"
"Leaver CS","2023","Black","Communications","Chancellor's other departments","London","[c]","[c]","[c]","[c]"
"Leaver CS","2023","Black","Communications","Chancellor's other departments","Outside London","[c]","[c]","[c]","[c]"
"Leaver CS","2023","Black","Communications","Charity Commission","Outside London","[c]","[c]","[c]","[c]"
"Leaver CS","2023","Black","Communications","Competition and Markets Authority","London","[c]","[c]","[c]","[c]"
"Leaver CS","2023","Black","Communications","Department for Business, Energy and Industrial Strategy","London","[c]","[c]","[c]","[c]"
"Leaver CS","2023","Black","Communications","Department for Business, Energy and Industrial Strategy","Outside London","[c]","[c]","[c]","[c]"
"Leaver CS","2023","Black","Communications","Department for Digital, Culture, Media and Sport","London","[c]","[c]","[c]","[c]"
"Leaver CS","2023","Black","Communications","Department for Education","London","[c]","[c]","[c]","[c]"
"Leaver CS","2023","Black","Communications","Department for Education","Outside London","[c]","[c]","[c]","[c]"
"Leaver CS","2023","Black","Communications","Department for Environment, Food and Rural Affairs","London","[c]","[c]","[c]","[c]"
"Leaver CS","2023","Black","Communications","Department for Environment, Food and Rural Affairs","Outside London","[c]","[c]","[c]","[c]"
"Leaver CS","2023","Black","Communications","Department for International Trade","London","[c]","[c]","[c]","[c]"
"Leaver CS","2023","Black","Communications","Department for International Trade","Outside London","[c]","[c]","[c]","[c]"
"Leaver CS","2023","Black","Communications","Department for Levelling Up, Housing and Communities","London","[c]","[c]","[c]","[c]"
"Leaver CS","2023","Black","Communications","Department for Levelling Up, Housing and Communities","Outside London","[c]","[c]","[c]","[c]"
"Leaver CS","2023","Black","Communications","Department for Transport","London","[c]","[c]","[c]","[c]"
"Leaver CS","2023","Black","Communications","Department for Transport","Outside London","[c]","[c]","[c]","[c]"
"Leaver CS","2023","Black","Communications","Department for Work and Pensions","London","[c]","[c]","[c]","[c]"
"Leaver CS","2023","Black","Communications","Department for Work and Pensions","Outside London","[c]","[c]","[c]","[c]"
"Leaver CS","2023","Black","Communications","Department for Work and Pensions","Unknown","[c]","[c]","[c]","[c]"
"Leaver CS","2023","Black","Communications","Department of Health and Social Care","London","[c]","[c]","[c]","[c]"
"Leaver CS","2023","Black","Communications","Food Standards Agency","Outside London","[c]","[c]","[c]","[c]"
"Leaver CS","2023","Black","Communications","Foreign, Commonwealth and Development Office","Outside London","[c]","[c]","[c]","[c]"
"Leaver CS","2023","Black","Communications","HM Land Registry","London","[c]","[c]","[c]","[c]"
"Leaver CS","2023","Black","Communications","HM Land Registry","Outside London","[c]","[c]","[c]","[c]"
"Leaver CS","2023","Black","Communications","HM Revenue and Customs","London","[c]","[c]","[c]","[c]"
"Leaver CS","2023","Black","Communications","HM Revenue and Customs","Outside London","[c]","[c]","[c]","[c]"
"Leaver CS","2023","Black","Communications","HM Treasury","London","[c]","[c]","[c]","[c]"
"Leaver CS","2023","Black","Communications","HM Treasury","Unknown","[c]","[c]","[c]","[c]"
"Leaver CS","2023","Black","Communications","Home Office","London","[c]","[c]","[c]","[c]"
"Leaver CS","2023","Black","Communications","Home Office","Outside London","[c]","[c]","[c]","[c]"
"Leaver CS","2023","Black","Communications","Ministry of Defence","London","[c]","[c]","[c]","[c]"
"Leaver CS","2023","Black","Communications","Ministry of Defence","Outside London","[c]","[c]","[c]","[c]"
"Leaver CS","2023","Black","Communications","Ministry of Justice","London","[c]","[c]","[c]","[c]"
"Leaver CS","2023","Black","Communications","Ministry of Justice","Outside London","[c]","[c]","[c]","[c]"
"Leaver CS","2023","Black","Communications","National Crime Agency","London","[c]","[c]","[c]","[c]"
"Leaver CS","2023","Black","Communications","National Crime Agency","Outside London","[c]","[c]","[c]","[c]"
"Leaver CS","2023","Black","Communications","Northern Ireland Office","London","[c]","[c]","[c]","[c]"
"Leaver CS","2023","Black","Communications","Office for Standards in Education, Children's Services and Skills","London","[c]","[c]","[c]","[c]"
"Leaver CS","2023","Black","Communications","Office for Standards in Education, Children's Services and Skills","Outside London","[c]","[c]","[c]","[c]"
"Leaver CS","2023","Black","Communications","Office of Gas and Electricity Markets","London","[c]","[c]","[c]","[c]"
"Leaver CS","2023","Black","Communications","Office of Gas and Electricity Markets","Outside London","[c]","[c]","[c]","[c]"
"Leaver CS","2023","Black","Communications","Office of Qualifications and Examinations Regulation","Outside London","[c]","[c]","[c]","[c]"
"Leaver CS","2023","Black","Communications","Office of Rail and Road","London","[c]","[c]","[c]","[c]"
"Leaver CS","2023","Black","Communications","Office of the Secretary of State for Scotland","Outside London","[c]","[c]","[c]","[c]"
"Leaver CS","2023","Black","Communications","Scottish Government","Outside London","[c]","[c]","[c]","[c]"
"Leaver CS","2023","Black","Communications","UK Export Finance","London","[c]","[c]","[c]","[c]"
"Leaver CS","2023","Black","Communications","UK Statistics Authority","London","[c]","[c]","[c]","[c]"
"Leaver CS","2023","Black","Communications","UK Statistics Authority","Outside London","[c]","[c]","[c]","[c]"
"Leaver CS","2023","Black","Communications","UK Supreme Court","London","[c]","[c]","[c]","[c]"
"Leaver CS","2023","Black","Communications","Water Services Regulation Authority","Outside London","[c]","[c]","[c]","[c]"
"Leaver CS","2023","Black","Counter Fraud","Attorney General's Departments","London","[c]","[c]","[c]","[c]"
"Leaver CS","2023","Black","Counter Fraud","Cabinet Office","London","[c]","[c]","[c]","[c]"
"Leaver CS","2023","Black","Counter Fraud","Cabinet Office","Outside London","[c]","[c]","[c]","[c]"
"Leaver CS","2023","Black","Counter Fraud","Cabinet Office","Unknown","[c]","[c]","[c]","[c]"
"Leaver CS","2023","Black","Counter Fraud","Chancellor's other departments","Outside London","[c]","[c]","[c]","[c]"
"Leaver CS","2023","Black","Counter Fraud","Department for Business, Energy and Industrial Strategy","London","[c]","[c]","[c]","[c]"
"Leaver CS","2023","Black","Counter Fraud","Department for Business, Energy and Industrial Strategy","Outside London","[c]","[c]","[c]","[c]"
"Leaver CS","2023","Black","Counter Fraud","Department for Digital, Culture, Media and Sport","London","[c]","[c]","[c]","[c]"
"Leaver CS","2023","Black","Counter Fraud","Department for Transport","London","[c]","[c]","[c]","[c]"
"Leaver CS","2023","Black","Counter Fraud","Department for Transport","Outside London","[c]","[c]","[c]","[c]"
"Leaver CS","2023","Black","Counter Fraud","Department for Work and Pensions","London","10","[c]","[c]","[c]"
"Leaver CS","2023","Black","Counter Fraud","Department for Work and Pensions","Outside London","10","[c]","[c]","[c]"
"Leaver CS","2023","Black","Counter Fraud","Food Standards Agency","Outside London","[c]","[c]","[c]","[c]"
"Leaver CS","2023","Black","Counter Fraud","HM Revenue and Customs","London","5","[c]","[c]","[c]"
"Leaver CS","2023","Black","Counter Fraud","HM Revenue and Customs","Outside London","[c]","[c]","[c]","[c]"
"Leaver CS","2023","Black","Counter Fraud","Ministry of Defence","London","[c]","[c]","[c]","[c]"
"Leaver CS","2023","Black","Debt","Department for Work and Pensions","London","[c]","[c]","[c]","[c]"
"Leaver CS","2023","Black","Debt","Department for Work and Pensions","Outside London","5","[c]","[c]","[c]"
"Leaver CS","2023","Black","Debt","Department for Work and Pensions","Unknown","[c]","[c]","[c]","[c]"
"Leaver CS","2023","Black","Debt","HM Revenue and Customs","London","[c]","[c]","[c]","[c]"
"Leaver CS","2023","Black","Debt","HM Revenue and Customs","Outside London","10","[c]","[c]","[c]"
"Leaver CS","2023","Black","Digital, Data & Technology","Attorney General's Departments","London","[c]","[c]","[c]","[c]"
"Leaver CS","2023","Black","Digital, Data & Technology","Attorney General's Departments","Outside London","[c]","[c]","[c]","[c]"
"Leaver CS","2023","Black","Digital, Data & Technology","Cabinet Office","London","10","[c]","[c]","[c]"
"Leaver CS","2023","Black","Digital, Data & Technology","Cabinet Office","Outside London","[c]","[c]","[c]","[c]"
"Leaver CS","2023","Black","Digital, Data & Technology","Cabinet Office","Unknown","[c]","[c]","[c]","[c]"
"Leaver CS","2023","Black","Digital, Data & Technology","Chancellor's other departments","London","[c]","[c]","[c]","[c]"
"Leaver CS","2023","Black","Digital, Data & Technology","Charity Commission","London","[c]","[c]","[c]","[c]"
"Leaver CS","2023","Black","Digital, Data & Technology","Charity Commission","Outside London","[c]","[c]","[c]","[c]"
"Leaver CS","2023","Black","Digital, Data & Technology","Competition and Markets Authority","London","[c]","[c]","[c]","[c]"
"Leaver CS","2023","Black","Digital, Data & Technology","Department for Business, Energy and Industrial Strategy","London","[c]","[c]","[c]","[c]"
"Leaver CS","2023","Black","Digital, Data & Technology","Department for Business, Energy and Industrial Strategy","Outside London","[c]","[c]","[c]","[c]"
"Leaver CS","2023","Black","Digital, Data & Technology","Department for Business, Energy and Industrial Strategy","Overseas","[c]","[c]","[c]","[c]"
"Leaver CS","2023","Black","Digital, Data & Technology","Department for Digital, Culture, Media and Sport","London","[c]","[c]","[c]","[c]"
"Leaver CS","2023","Black","Digital, Data & Technology","Department for Education","London","[c]","[c]","[c]","[c]"
"Leaver CS","2023","Black","Digital, Data & Technology","Department for Education","Outside London","5","[c]","[c]","[c]"
"Leaver CS","2023","Black","Digital, Data & Technology","Department for Environment, Food and Rural Affairs","London","[c]","[c]","[c]","[c]"
"Leaver CS","2023","Black","Digital, Data & Technology","Department for Environment, Food and Rural Affairs","Outside London","[c]","[c]","[c]","[c]"
"Leaver CS","2023","Black","Digital, Data & Technology","Department for International Trade","London","[c]","[c]","[c]","[c]"
"Leaver CS","2023","Black","Digital, Data & Technology","Department for International Trade","Outside London","[c]","[c]","[c]","[c]"
"Leaver CS","2023","Black","Digital, Data & Technology","Department for Levelling Up, Housing and Communities","London","[c]","[c]","[c]","[c]"
"Leaver CS","2023","Black","Digital, Data & Technology","Department for Levelling Up, Housing and Communities","Outside London","[c]","[c]","[c]","[c]"
"Leaver CS","2023","Black","Digital, Data & Technology","Department for Transport","Outside London","[c]","[c]","[c]","[c]"
"Leaver CS","2023","Black","Digital, Data & Technology","Department for Work and Pensions","London","[c]","[c]","[c]","[c]"
"Leaver CS","2023","Black","Digital, Data & Technology","Department for Work and Pensions","Outside London","10","[c]","[c]","[c]"
"Leaver CS","2023","Black","Digital, Data & Technology","Department of Health and Social Care","London","[c]","[c]","[c]","[c]"
"Leaver CS","2023","Black","Digital, Data & Technology","Department of Health and Social Care","Outside London","[c]","[c]","[c]","[c]"
"Leaver CS","2023","Black","Digital, Data & Technology","Food Standards Agency","London","[c]","[c]","[c]","[c]"
"Leaver CS","2023","Black","Digital, Data & Technology","Food Standards Agency","Outside London","[c]","[c]","[c]","[c]"
"Leaver CS","2023","Black","Digital, Data & Technology","Foreign, Commonwealth and Development Office","London","[c]","[c]","[c]","[c]"
"Leaver CS","2023","Black","Digital, Data & Technology","Foreign, Commonwealth and Development Office","Outside London","[c]","[c]","[c]","[c]"
"Leaver CS","2023","Black","Digital, Data & Technology","HM Land Registry","London","[c]","[c]","[c]","[c]"
"Leaver CS","2023","Black","Digital, Data & Technology","HM Land Registry","Outside London","[c]","[c]","[c]","[c]"
"Leaver CS","2023","Black","Digital, Data & Technology","HM Revenue and Customs","London","[c]","[c]","[c]","[c]"
"Leaver CS","2023","Black","Digital, Data & Technology","HM Revenue and Customs","Outside London","10","[c]","[c]","[c]"
"Leaver CS","2023","Black","Digital, Data & Technology","HM Treasury","London","[c]","[c]","[c]","[c]"
"Leaver CS","2023","Black","Digital, Data & Technology","Home Office","London","10","[c]","[c]","[c]"
"Leaver CS","2023","Black","Digital, Data & Technology","Home Office","Outside London","[c]","[c]","[c]","[c]"
"Leaver CS","2023","Black","Digital, Data & Technology","Home Office","Unknown","[c]","[c]","[c]","[c]"
"Leaver CS","2023","Black","Digital, Data & Technology","Ministry of Defence","London","[c]","[c]","[c]","[c]"
"Leaver CS","2023","Black","Digital, Data & Technology","Ministry of Defence","Outside London","10","[c]","[c]","[c]"
"Leaver CS","2023","Black","Digital, Data & Technology","Ministry of Defence","Overseas","[c]","[c]","[c]","[c]"
"Leaver CS","2023","Black","Digital, Data & Technology","Ministry of Justice","London","5","[c]","[c]","[c]"
"Leaver CS","2023","Black","Digital, Data & Technology","Ministry of Justice","Outside London","[c]","[c]","[c]","[c]"
"Leaver CS","2023","Black","Digital, Data & Technology","National Crime Agency","London","[c]","[c]","[c]","[c]"
"Leaver CS","2023","Black","Digital, Data & Technology","National Crime Agency","Outside London","[c]","[c]","[c]","[c]"
"Leaver CS","2023","Black","Digital, Data & Technology","National Crime Agency","Overseas","[c]","[c]","[c]","[c]"
"Leaver CS","2023","Black","Digital, Data & Technology","Office for Standards in Education, Children's Services and Skills","London","[c]","[c]","[c]","[c]"
"Leaver CS","2023","Black","Digital, Data & Technology","Office for Standards in Education, Children's Services and Skills","Outside London","[c]","[c]","[c]","[c]"
"Leaver CS","2023","Black","Digital, Data & Technology","Office of Gas and Electricity Markets","London","[c]","[c]","[c]","[c]"
"Leaver CS","2023","Black","Digital, Data & Technology","Office of Gas and Electricity Markets","Outside London","[c]","[c]","[c]","[c]"
"Leaver CS","2023","Black","Digital, Data & Technology","Office of Qualifications and Examinations Regulation","Outside London","[c]","[c]","[c]","[c]"
"Leaver CS","2023","Black","Digital, Data & Technology","Office of Rail and Road","London","[c]","[c]","[c]","[c]"
"Leaver CS","2023","Black","Digital, Data & Technology","Scottish Government","Outside London","[c]","[c]","[c]","[c]"
"Leaver CS","2023","Black","Digital, Data & Technology","The National Archives","London","[c]","[c]","[c]","[c]"
"Leaver CS","2023","Black","Digital, Data & Technology","UK Export Finance","London","[c]","[c]","[c]","[c]"
"Leaver CS","2023","Black","Digital, Data & Technology","UK Statistics Authority","London","[c]","[c]","[c]","[c]"
"Leaver CS","2023","Black","Digital, Data & Technology","UK Statistics Authority","Outside London","[c]","[c]","[c]","[c]"
"Leaver CS","2023","Black","Digital, Data & Technology","UK Supreme Court","London","[c]","[c]","[c]","[c]"
"Leaver CS","2023","Black","Digital, Data & Technology","Water Services Regulation Authority","Outside London","[c]","[c]","[c]","[c]"
"Leaver CS","2023","Black","Finance","Attorney General's Departments","London","[c]","[c]","[c]","[c]"
"Leaver CS","2023","Black","Finance","Attorney General's Departments","Outside London","[c]","[c]","[c]","[c]"
"Leaver CS","2023","Black","Finance","Cabinet Office","London","[c]","[c]","[c]","[c]"
"Leaver CS","2023","Black","Finance","Cabinet Office","Outside London","[c]","[c]","[c]","[c]"
"Leaver CS","2023","Black","Finance","Cabinet Office","Unknown","[c]","[c]","[c]","[c]"
"Leaver CS","2023","Black","Finance","Chancellor's other departments","London","[c]","[c]","[c]","[c]"
"Leaver CS","2023","Black","Finance","Charity Commission","Outside London","[c]","[c]","[c]","[c]"
"Leaver CS","2023","Black","Finance","Competition and Markets Authority","London","[c]","[c]","[c]","[c]"
"Leaver CS","2023","Black","Finance","Department for Business, Energy and Industrial Strategy","London","[c]","[c]","[c]","[c]"
"Leaver CS","2023","Black","Finance","Department for Business, Energy and Industrial Strategy","Outside London","[c]","[c]","[c]","[c]"
"Leaver CS","2023","Black","Finance","Department for Digital, Culture, Media and Sport","London","[c]","[c]","[c]","[c]"
"Leaver CS","2023","Black","Finance","Department for Education","London","[c]","[c]","[c]","[c]"
"Leaver CS","2023","Black","Finance","Department for Education","Outside London","[c]","[c]","[c]","[c]"
"Leaver CS","2023","Black","Finance","Department for Environment, Food and Rural Affairs","London","[c]","[c]","[c]","[c]"
"Leaver CS","2023","Black","Finance","Department for Environment, Food and Rural Affairs","Outside London","[c]","[c]","[c]","[c]"
"Leaver CS","2023","Black","Finance","Department for International Trade","London","[c]","[c]","[c]","[c]"
"Leaver CS","2023","Black","Finance","Department for Levelling Up, Housing and Communities","London","[c]","[c]","[c]","[c]"
"Leaver CS","2023","Black","Finance","Department for Levelling Up, Housing and Communities","Outside London","[c]","[c]","[c]","[c]"
"Leaver CS","2023","Black","Finance","Department for Transport","London","[c]","[c]","[c]","[c]"
"Leaver CS","2023","Black","Finance","Department for Transport","Outside London","[c]","[c]","[c]","[c]"
"Leaver CS","2023","Black","Finance","Department for Work and Pensions","London","5","[c]","[c]","[c]"
"Leaver CS","2023","Black","Finance","Department for Work and Pensions","Outside London","[c]","[c]","[c]","[c]"
"Leaver CS","2023","Black","Finance","Department for Work and Pensions","Unknown","[c]","[c]","[c]","[c]"
"Leaver CS","2023","Black","Finance","Department of Health and Social Care","London","[c]","[c]","[c]","[c]"
"Leaver CS","2023","Black","Finance","Department of Health and Social Care","Outside London","[c]","[c]","[c]","[c]"
"Leaver CS","2023","Black","Finance","Estyn","Outside London","[c]","[c]","[c]","[c]"
"Leaver CS","2023","Black","Finance","Food Standards Agency","London","[c]","[c]","[c]","[c]"
"Leaver CS","2023","Black","Finance","Food Standards Agency","Outside London","[c]","[c]","[c]","[c]"
"Leaver CS","2023","Black","Finance","Foreign, Commonwealth and Development Office","Outside London","[c]","[c]","[c]","[c]"
"Leaver CS","2023","Black","Finance","HM Land Registry","London","[c]","[c]","[c]","[c]"
"Leaver CS","2023","Black","Finance","HM Land Registry","Outside London","[c]","[c]","[c]","[c]"
"Leaver CS","2023","Black","Finance","HM Revenue and Customs","London","5","[c]","[c]","[c]"
"Leaver CS","2023","Black","Finance","HM Revenue and Customs","Outside London","[c]","[c]","[c]","[c]"
"Leaver CS","2023","Black","Finance","HM Treasury","London","[c]","[c]","[c]","[c]"
"Leaver CS","2023","Black","Finance","HM Treasury","Outside London","[c]","[c]","[c]","[c]"
"Leaver CS","2023","Black","Finance","Home Office","London","[c]","[c]","[c]","[c]"
"Leaver CS","2023","Black","Finance","Home Office","Outside London","[c]","[c]","[c]","[c]"
"Leaver CS","2023","Black","Finance","Home Office","Unknown","[c]","[c]","[c]","[c]"
"Leaver CS","2023","Black","Finance","Ministry of Defence","London","[c]","[c]","[c]","[c]"
"Leaver CS","2023","Black","Finance","Ministry of Defence","Outside London","[c]","[c]","[c]","[c]"
"Leaver CS","2023","Black","Finance","Ministry of Defence","Overseas","[c]","[c]","[c]","[c]"
"Leaver CS","2023","Black","Finance","Ministry of Defence","Unknown","[c]","[c]","[c]","[c]"
"Leaver CS","2023","Black","Finance","Ministry of Justice","London","[c]","[c]","[c]","[c]"
"Leaver CS","2023","Black","Finance","Ministry of Justice","Outside London","[c]","[c]","[c]","[c]"
"Leaver CS","2023","Black","Finance","Ministry of Justice","Unknown","[c]","[c]","[c]","[c]"
"Leaver CS","2023","Black","Finance","National Crime Agency","London","[c]","[c]","[c]","[c]"
"Leaver CS","2023","Black","Finance","National Crime Agency","Outside London","[c]","[c]","[c]","[c]"
"Leaver CS","2023","Black","Finance","Office for Standards in Education, Children's Services and Skills","Outside London","[c]","[c]","[c]","[c]"
"Leaver CS","2023","Black","Finance","Office of Gas and Electricity Markets","London","[c]","[c]","[c]","[c]"
"Leaver CS","2023","Black","Finance","Office of Qualifications and Examinations Regulation","Outside London","[c]","[c]","[c]","[c]"
"Leaver CS","2023","Black","Finance","Office of Rail and Road","London","[c]","[c]","[c]","[c]"
"Leaver CS","2023","Black","Finance","Scottish Government","Outside London","[c]","[c]","[c]","[c]"
"Leaver CS","2023","Black","Finance","The National Archives","London","[c]","[c]","[c]","[c]"
"Leaver CS","2023","Black","Finance","UK Export Finance","London","[c]","[c]","[c]","[c]"
"Leaver CS","2023","Black","Finance","UK Statistics Authority","London","[c]","[c]","[c]","[c]"
"Leaver CS","2023","Black","Finance","UK Statistics Authority","Outside London","[c]","[c]","[c]","[c]"
"Leaver CS","2023","Black","Finance","Water Services Regulation Authority","Outside London","[c]","[c]","[c]","[c]"
"Leaver CS","2023","Black","Finance","Welsh Government","Outside London","[c]","[c]","[c]","[c]"
"Leaver CS","2023","Black","Grants Management","Department for Environment, Food and Rural Affairs","Outside London","[c]","[c]","[c]","[c]"
"Leaver CS","2023","Black","Human Resources","Attorney General's Departments","London","[c]","[c]","[c]","[c]"
"Leaver CS","2023","Black","Human Resources","Attorney General's Departments","Outside London","[c]","[c]","[c]","[c]"
"Leaver CS","2023","Black","Human Resources","Cabinet Office","London","[c]","[c]","[c]","[c]"
"Leaver CS","2023","Black","Human Resources","Cabinet Office","Outside London","[c]","[c]","[c]","[c]"
"Leaver CS","2023","Black","Human Resources","Cabinet Office","Unknown","[c]","[c]","[c]","[c]"
"Leaver CS","2023","Black","Human Resources","Chancellor's other departments","London","[c]","[c]","[c]","[c]"
"Leaver CS","2023","Black","Human Resources","Charity Commission","Outside London","[c]","[c]","[c]","[c]"
"Leaver CS","2023","Black","Human Resources","Competition and Markets Authority","London","[c]","[c]","[c]","[c]"
"Leaver CS","2023","Black","Human Resources","Competition and Markets Authority","Outside London","[c]","[c]","[c]","[c]"
"Leaver CS","2023","Black","Human Resources","Department for Business, Energy and Industrial Strategy","London","[c]","[c]","[c]","[c]"
"Leaver CS","2023","Black","Human Resources","Department for Business, Energy and Industrial Strategy","Outside London","[c]","[c]","[c]","[c]"
"Leaver CS","2023","Black","Human Resources","Department for Digital, Culture, Media and Sport","London","[c]","[c]","[c]","[c]"
"Leaver CS","2023","Black","Human Resources","Department for Education","London","[c]","[c]","[c]","[c]"
"Leaver CS","2023","Black","Human Resources","Department for Education","Outside London","[c]","[c]","[c]","[c]"
"Leaver CS","2023","Black","Human Resources","Department for Environment, Food and Rural Affairs","London","[c]","[c]","[c]","[c]"
"Leaver CS","2023","Black","Human Resources","Department for Environment, Food and Rural Affairs","Outside London","[c]","[c]","[c]","[c]"
"Leaver CS","2023","Black","Human Resources","Department for International Trade","London","[c]","[c]","[c]","[c]"
"Leaver CS","2023","Black","Human Resources","Department for International Trade","Outside London","[c]","[c]","[c]","[c]"
"Leaver CS","2023","Black","Human Resources","Department for Levelling Up, Housing and Communities","London","[c]","[c]","[c]","[c]"
"Leaver CS","2023","Black","Human Resources","Department for Levelling Up, Housing and Communities","Outside London","[c]","[c]","[c]","[c]"
"Leaver CS","2023","Black","Human Resources","Department for Transport","London","[c]","[c]","[c]","[c]"
"Leaver CS","2023","Black","Human Resources","Department for Transport","Outside London","[c]","[c]","[c]","[c]"
"Leaver CS","2023","Black","Human Resources","Department for Work and Pensions","London","[c]","[c]","[c]","[c]"
"Leaver CS","2023","Black","Human Resources","Department for Work and Pensions","Outside London","[c]","[c]","[c]","[c]"
"Leaver CS","2023","Black","Human Resources","Department of Health and Social Care","London","[c]","[c]","[c]","[c]"
"Leaver CS","2023","Black","Human Resources","Department of Health and Social Care","Outside London","[c]","[c]","[c]","[c]"
"Leaver CS","2023","Black","Human Resources","Estyn","Outside London","[c]","[c]","[c]","[c]"
"Leaver CS","2023","Black","Human Resources","Food Standards Agency","Outside London","[c]","[c]","[c]","[c]"
"Leaver CS","2023","Black","Human Resources","Foreign, Commonwealth and Development Office","London","[c]","[c]","[c]","[c]"
"Leaver CS","2023","Black","Human Resources","Foreign, Commonwealth and Development Office","Outside London","[c]","[c]","[c]","[c]"
"Leaver CS","2023","Black","Human Resources","HM Land Registry","Outside London","[c]","[c]","[c]","[c]"
"Leaver CS","2023","Black","Human Resources","HM Revenue and Customs","London","[c]","[c]","[c]","[c]"
"Leaver CS","2023","Black","Human Resources","HM Revenue and Customs","Outside London","[c]","[c]","[c]","[c]"
"Leaver CS","2023","Black","Human Resources","HM Treasury","London","[c]","[c]","[c]","[c]"
"Leaver CS","2023","Black","Human Resources","HM Treasury","Outside London","[c]","[c]","[c]","[c]"
"Leaver CS","2023","Black","Human Resources","Home Office","London","[c]","[c]","[c]","[c]"
"Leaver CS","2023","Black","Human Resources","Home Office","Outside London","[c]","[c]","[c]","[c]"
"Leaver CS","2023","Black","Human Resources","Ministry of Defence","London","5","[c]","[c]","[c]"
"Leaver CS","2023","Black","Human Resources","Ministry of Defence","Outside London","10","[c]","[c]","[c]"
"Leaver CS","2023","Black","Human Resources","Ministry of Defence","Overseas","[c]","[c]","[c]","[c]"
"Leaver CS","2023","Black","Human Resources","Ministry of Defence","Unknown","[c]","[c]","[c]","[c]"
"Leaver CS","2023","Black","Human Resources","Ministry of Justice","London","[c]","[c]","[c]","[c]"
"Leaver CS","2023","Black","Human Resources","Ministry of Justice","Outside London","[c]","[c]","[c]","[c]"
"Leaver CS","2023","Black","Human Resources","National Crime Agency","London","[c]","[c]","[c]","[c]"
"Leaver CS","2023","Black","Human Resources","National Crime Agency","Outside London","[c]","[c]","[c]","[c]"
"Leaver CS","2023","Black","Human Resources","National Crime Agency","Unknown","[c]","[c]","[c]","[c]"
"Leaver CS","2023","Black","Human Resources","Northern Ireland Office","London","[c]","[c]","[c]","[c]"
"Leaver CS","2023","Black","Human Resources","Northern Ireland Office","Outside London","[c]","[c]","[c]","[c]"
"Leaver CS","2023","Black","Human Resources","Office for Standards in Education, Children's Services and Skills","Outside London","[c]","[c]","[c]","[c]"
"Leaver CS","2023","Black","Human Resources","Office of Gas and Electricity Markets","London","[c]","[c]","[c]","[c]"
"Leaver CS","2023","Black","Human Resources","Office of Gas and Electricity Markets","Outside London","[c]","[c]","[c]","[c]"
"Leaver CS","2023","Black","Human Resources","Office of Qualifications and Examinations Regulation","Outside London","[c]","[c]","[c]","[c]"
"Leaver CS","2023","Black","Human Resources","Office of Rail and Road","Outside London","[c]","[c]","[c]","[c]"
"Leaver CS","2023","Black","Human Resources","Office of the Secretary of State for Scotland","London","[c]","[c]","[c]","[c]"
"Leaver CS","2023","Black","Human Resources","Office of the Secretary of State for Wales","Outside London","[c]","[c]","[c]","[c]"
"Leaver CS","2023","Black","Human Resources","Scottish Government","Outside London","[c]","[c]","[c]","[c]"
"Leaver CS","2023","Black","Human Resources","The National Archives","London","[c]","[c]","[c]","[c]"
"Leaver CS","2023","Black","Human Resources","UK Statistics Authority","London","[c]","[c]","[c]","[c]"
"Leaver CS","2023","Black","Human Resources","UK Statistics Authority","Outside London","[c]","[c]","[c]","[c]"
"Leaver CS","2023","Black","Human Resources","Water Services Regulation Authority","Outside London","[c]","[c]","[c]","[c]"
"Leaver CS","2023","Black","Internal Audit","Department for Business, Energy and Industrial Strategy","Outside London","[c]","[c]","[c]","[c]"
"Leaver CS","2023","Black","Internal Audit","Department for Transport","Outside London","[c]","[c]","[c]","[c]"
"Leaver CS","2023","Black","Internal Audit","Foreign, Commonwealth and Development Office","Outside London","[c]","[c]","[c]","[c]"
"Leaver CS","2023","Black","Internal Audit","HM Land Registry","Outside London","[c]","[c]","[c]","[c]"
"Leaver CS","2023","Black","Internal Audit","HM Revenue and Customs","London","[c]","[c]","[c]","[c]"
"Leaver CS","2023","Black","Internal Audit","HM Revenue and Customs","Outside London","[c]","[c]","[c]","[c]"
"Leaver CS","2023","Black","Internal Audit","HM Treasury","London","[c]","[c]","[c]","[c]"
"Leaver CS","2023","Black","Internal Audit","HM Treasury","Outside London","[c]","[c]","[c]","[c]"
"Leaver CS","2023","Black","Internal Audit","HM Treasury","Unknown","[c]","[c]","[c]","[c]"
"Leaver CS","2023","Black","Internal Audit","Ministry of Defence","London","[c]","[c]","[c]","[c]"
"Leaver CS","2023","Black","Internal Audit","Ministry of Defence","Outside London","[c]","[c]","[c]","[c]"
"Leaver CS","2023","Black","Internal Audit","UK Export Finance","London","[c]","[c]","[c]","[c]"
"Leaver CS","2023","Black","Internal Audit","UK Statistics Authority","Outside London","[c]","[c]","[c]","[c]"
"Leaver CS","2023","Black","Legal","Attorney General's Departments","London","40","[c]","42030","30160"
"Leaver CS","2023","Black","Legal","Attorney General's Departments","Outside London","15","[c]","[c]","[c]"
"Leaver CS","2023","Black","Legal","Cabinet Office","London","[c]","[c]","[c]","[c]"
"Leaver CS","2023","Black","Legal","Competition and Markets Authority","London","[c]","[c]","[c]","[c]"
"Leaver CS","2023","Black","Legal","Competition and Markets Authority","Outside London","[c]","[c]","[c]","[c]"
"Leaver CS","2023","Black","Legal","Department for Business, Energy and Industrial Strategy","London","[c]","[c]","[c]","[c]"
"Leaver CS","2023","Black","Legal","Department for Business, Energy and Industrial Strategy","Outside London","[c]","[c]","[c]","[c]"
"Leaver CS","2023","Black","Legal","Department for Education","London","[c]","[c]","[c]","[c]"
"Leaver CS","2023","Black","Legal","Department for Education","Outside London","[c]","[c]","[c]","[c]"
"Leaver CS","2023","Black","Legal","Department for Transport","Outside London","[c]","[c]","[c]","[c]"
"Leaver CS","2023","Black","Legal","Department for Work and Pensions","Outside London","[c]","[c]","[c]","[c]"
"Leaver CS","2023","Black","Legal","Department of Health and Social Care","London","[c]","[c]","[c]","[c]"
"Leaver CS","2023","Black","Legal","Food Standards Agency","London","[c]","[c]","[c]","[c]"
"Leaver CS","2023","Black","Legal","Foreign, Commonwealth and Development Office","London","[c]","[c]","[c]","[c]"
"Leaver CS","2023","Black","Legal","Foreign, Commonwealth and Development Office","Outside London","[c]","[c]","[c]","[c]"
"Leaver CS","2023","Black","Legal","HM Land Registry","London","[c]","[c]","[c]","[c]"
"Leaver CS","2023","Black","Legal","HM Land Registry","Outside London","[c]","[c]","[c]","[c]"
"Leaver CS","2023","Black","Legal","HM Revenue and Customs","London","[c]","[c]","[c]","[c]"
"Leaver CS","2023","Black","Legal","HM Revenue and Customs","Outside London","[c]","[c]","[c]","[c]"
"Leaver CS","2023","Black","Legal","HM Treasury","London","[c]","[c]","[c]","[c]"
"Leaver CS","2023","Black","Legal","Ministry of Defence","London","[c]","[c]","[c]","[c]"
"Leaver CS","2023","Black","Legal","Ministry of Defence","Outside London","[c]","[c]","[c]","[c]"
"Leaver CS","2023","Black","Legal","Ministry of Defence","Overseas","[c]","[c]","[c]","[c]"
"Leaver CS","2023","Black","Legal","Ministry of Justice","London","[c]","[c]","[c]","[c]"
"Leaver CS","2023","Black","Legal","Ministry of Justice","Outside London","[c]","[c]","[c]","[c]"
"Leaver CS","2023","Black","Legal","National Crime Agency","London","[c]","[c]","[c]","[c]"
"Leaver CS","2023","Black","Legal","Office for Standards in Education, Children's Services and Skills","London","[c]","[c]","[c]","[c]"
"Leaver CS","2023","Black","Legal","Office of Gas and Electricity Markets","London","[c]","[c]","[c]","[c]"
"Leaver CS","2023","Black","Legal","Office of Gas and Electricity Markets","Outside London","[c]","[c]","[c]","[c]"
"Leaver CS","2023","Black","Legal","Office of Qualifications and Examinations Regulation","Outside London","[c]","[c]","[c]","[c]"
"Leaver CS","2023","Black","Legal","Office of Rail and Road","London","[c]","[c]","[c]","[c]"
"Leaver CS","2023","Black","Legal","Scottish Government","Outside London","[c]","[c]","[c]","[c]"
"Leaver CS","2023","Black","Legal","The National Archives","London","[c]","[c]","[c]","[c]"
"Leaver CS","2023","Black","Legal","UK Export Finance","London","[c]","[c]","[c]","[c]"
"Leaver CS","2023","Black","Legal","UK Supreme Court","London","[c]","[c]","[c]","[c]"
"Leaver CS","2023","Black","Legal","Water Services Regulation Authority","Outside London","[c]","[c]","[c]","[c]"
"Leaver CS","2023","Black","No function","Attorney General's Departments","London","[c]","[c]","[c]","[c]"
"Leaver CS","2023","Black","No function","Cabinet Office","London","5","[c]","[c]","[c]"
"Leaver CS","2023","Black","No function","Cabinet Office","Outside London","[c]","[c]","[c]","[c]"
"Leaver CS","2023","Black","No function","Cabinet Office","Unknown","[c]","[c]","[c]","[c]"
"Leaver CS","2023","Black","No function","Chancellor's other departments","London","[c]","[c]","[c]","[c]"
"Leaver CS","2023","Black","No function","Chancellor's other departments","Outside London","[c]","[c]","[c]","[c]"
"Leaver CS","2023","Black","No function","Charity Commission","London","[c]","[c]","[c]","[c]"
"Leaver CS","2023","Black","No function","Charity Commission","Outside London","[c]","[c]","[c]","[c]"
"Leaver CS","2023","Black","No function","Department for Business, Energy and Industrial Strategy","London","30","[c]","40540","40050"
"Leaver CS","2023","Black","No function","Department for Business, Energy and Industrial Strategy","Outside London","10","[c]","[c]","[c]"
"Leaver CS","2023","Black","No function","Department for Digital, Culture, Media and Sport","London","5","[c]","[c]","[c]"
"Leaver CS","2023","Black","No function","Department for Education","London","5","[c]","[c]","[c]"
"Leaver CS","2023","Black","No function","Department for Education","Outside London","[c]","[c]","[c]","[c]"
"Leaver CS","2023","Black","No function","Department for Environment, Food and Rural Affairs","London","5","[c]","[c]","[c]"
"Leaver CS","2023","Black","No function","Department for Environment, Food and Rural Affairs","Outside London","[c]","[c]","[c]","[c]"
"Leaver CS","2023","Black","No function","Department for Environment, Food and Rural Affairs","Unknown","[c]","[c]","[c]","[c]"
"Leaver CS","2023","Black","No function","Department for International Trade","London","5","[c]","[c]","[c]"
"Leaver CS","2023","Black","No function","Department for International Trade","Outside London","[c]","[c]","[c]","[c]"
"Leaver CS","2023","Black","No function","Department for International Trade","Overseas","[c]","[c]","[c]","[c]"
"Leaver CS","2023","Black","No function","Department for Levelling Up, Housing and Communities","London","10","[c]","[c]","[c]"
"Leaver CS","2023","Black","No function","Department for Levelling Up, Housing and Communities","Outside London","[c]","[c]","[c]","[c]"
"Leaver CS","2023","Black","No function","Department for Transport","London","15","[c]","[c]","[c]"
"Leaver CS","2023","Black","No function","Department for Transport","Outside London","10","[c]","[c]","[c]"
"Leaver CS","2023","Black","No function","Department for Work and Pensions","London","230","[c]","30720","31060"
"Leaver CS","2023","Black","No function","Department for Work and Pensions","Outside London","190","[c]","26920","27570"
"Leaver CS","2023","Black","No function","Department for Work and Pensions","Unknown","[c]","[c]","[c]","[c]"
"Leaver CS","2023","Black","No function","Department of Health and Social Care","London","75","[c]","35940","33330"
"Leaver CS","2023","Black","No function","Department of Health and Social Care","Outside London","55","[c]","34430","35570"
"Leaver CS","2023","Black","No function","Department of Health and Social Care","Overseas","[c]","[c]","[c]","[c]"
"Leaver CS","2023","Black","No function","Food Standards Agency","London","[c]","[c]","[c]","[c]"
"Leaver CS","2023","Black","No function","Food Standards Agency","Outside London","[c]","[c]","[c]","[c]"
"Leaver CS","2023","Black","No function","HM Land Registry","London","[c]","[c]","[c]","[c]"
"Leaver CS","2023","Black","No function","HM Land Registry","Outside London","[c]","[c]","[c]","[c]"
"Leaver CS","2023","Black","No function","HM Revenue and Customs","London","15","[c]","[c]","[c]"
"Leaver CS","2023","Black","No function","HM Revenue and Customs","Outside London","55","[c]","[c]","[c]"
"Leaver CS","2023","Black","No function","HM Treasury","London","5","[c]","[c]","[c]"
"Leaver CS","2023","Black","No function","HM Treasury","Outside London","[c]","[c]","[c]","[c]"
"Leaver CS","2023","Black","No function","Home Office","London","75","[c]","38540","35050"
"Leaver CS","2023","Black","No function","Home Office","Outside London","15","[c]","[c]","[c]"
"Leaver CS","2023","Black","No function","Home Office","Overseas","[c]","[c]","[c]","[c]"
"Leaver CS","2023","Black","No function","Home Office","Unknown","[c]","[c]","[c]","[c]"
"Leaver CS","2023","Black","No function","Ministry of Defence","London","5","[c]","[c]","[c]"
"Leaver CS","2023","Black","No function","Ministry of Defence","Outside London","25","[c]","[c]","[c]"
"Leaver CS","2023","Black","No function","Ministry of Defence","Overseas","[c]","[c]","[c]","[c]"
"Leaver CS","2023","Black","No function","Ministry of Defence","Unknown","[c]","[c]","[c]","[c]"
"Leaver CS","2023","Black","No function","Ministry of Justice","London","225","[c]","29160","25480"
"Leaver CS","2023","Black","No function","Ministry of Justice","Outside London","185","[c]","25430","21780"
"Leaver CS","2023","Black","No function","Ministry of Justice","Unknown","[c]","[c]","[c]","[c]"
"Leaver CS","2023","Black","No function","National Crime Agency","London","[c]","[c]","[c]","[c]"
"Leaver CS","2023","Black","No function","National Crime Agency","Outside London","[c]","[c]","[c]","[c]"
"Leaver CS","2023","Black","No function","National Crime Agency","Overseas","[c]","[c]","[c]","[c]"
"Leaver CS","2023","Black","No function","National Crime Agency","Unknown","[c]","[c]","[c]","[c]"
"Leaver CS","2023","Black","No function","Office for Standards in Education, Children's Services and Skills","London","[c]","[c]","[c]","[c]"
"Leaver CS","2023","Black","No function","Office for Standards in Education, Children's Services and Skills","Outside London","5","[c]","[c]","[c]"
"Leaver CS","2023","Black","No function","Office of Gas and Electricity Markets","London","5","[c]","[c]","[c]"
"Leaver CS","2023","Black","No function","Office of Gas and Electricity Markets","Outside London","[c]","[c]","[c]","[c]"
"Leaver CS","2023","Black","No function","Office of Qualifications and Examinations Regulation","Outside London","[c]","[c]","[c]","[c]"
"Leaver CS","2023","Black","No function","Office of Rail and Road","London","[c]","[c]","[c]","[c]"
"Leaver CS","2023","Black","No function","Office of Rail and Road","Outside London","[c]","[c]","[c]","[c]"
"Leaver CS","2023","Black","No function","Office of the Secretary of State for Scotland","London","[c]","[c]","[c]","[c]"
"Leaver CS","2023","Black","No function","Office of the Secretary of State for Wales","London","[c]","[c]","[c]","[c]"
"Leaver CS","2023","Black","No function","Office of the Secretary of State for Wales","Outside London","[c]","[c]","[c]","[c]"
"Leaver CS","2023","Black","No function","Scottish Government","Outside London","[c]","[c]","[c]","[c]"
"Leaver CS","2023","Black","No function","The National Archives","London","[c]","[c]","[c]","[c]"
"Leaver CS","2023","Black","No function","UK Statistics Authority","London","[c]","[c]","[c]","[c]"
"Leaver CS","2023","Black","No function","UK Statistics Authority","Outside London","5","[c]","[c]","[c]"
"Leaver CS","2023","Black","No function","Water Services Regulation Authority","Outside London","[c]","[c]","[c]","[c]"
"Leaver CS","2023","Black","Project Delivery","Attorney General's Departments","London","[c]","[c]","[c]","[c]"
"Leaver CS","2023","Black","Project Delivery","Cabinet Office","London","[c]","[c]","[c]","[c]"
"Leaver CS","2023","Black","Project Delivery","Cabinet Office","Outside London","[c]","[c]","[c]","[c]"
"Leaver CS","2023","Black","Project Delivery","Cabinet Office","Unknown","[c]","[c]","[c]","[c]"
"Leaver CS","2023","Black","Project Delivery","Chancellor's other departments","London","[c]","[c]","[c]","[c]"
"Leaver CS","2023","Black","Project Delivery","Charity Commission","London","[c]","[c]","[c]","[c]"
"Leaver CS","2023","Black","Project Delivery","Charity Commission","Outside London","[c]","[c]","[c]","[c]"
"Leaver CS","2023","Black","Project Delivery","Competition and Markets Authority","London","5","[c]","[c]","[c]"
"Leaver CS","2023","Black","Project Delivery","Competition and Markets Authority","Outside London","[c]","[c]","[c]","[c]"
"Leaver CS","2023","Black","Project Delivery","Department for Business, Energy and Industrial Strategy","London","[c]","[c]","[c]","[c]"
"Leaver CS","2023","Black","Project Delivery","Department for Business, Energy and Industrial Strategy","Outside London","[c]","[c]","[c]","[c]"
"Leaver CS","2023","Black","Project Delivery","Department for Digital, Culture, Media and Sport","London","[c]","[c]","[c]","[c]"
"Leaver CS","2023","Black","Project Delivery","Department for Education","London","[c]","[c]","[c]","[c]"
"Leaver CS","2023","Black","Project Delivery","Department for Education","Outside London","[c]","[c]","[c]","[c]"
"Leaver CS","2023","Black","Project Delivery","Department for Environment, Food and Rural Affairs","London","[c]","[c]","[c]","[c]"
"Leaver CS","2023","Black","Project Delivery","Department for Environment, Food and Rural Affairs","Outside London","[c]","[c]","[c]","[c]"
"Leaver CS","2023","Black","Project Delivery","Department for International Trade","London","[c]","[c]","[c]","[c]"
"Leaver CS","2023","Black","Project Delivery","Department for International Trade","Outside London","[c]","[c]","[c]","[c]"
"Leaver CS","2023","Black","Project Delivery","Department for Levelling Up, Housing and Communities","London","[c]","[c]","[c]","[c]"
"Leaver CS","2023","Black","Project Delivery","Department for Levelling Up, Housing and Communities","Outside London","[c]","[c]","[c]","[c]"
"Leaver CS","2023","Black","Project Delivery","Department for Transport","London","[c]","[c]","[c]","[c]"
"Leaver CS","2023","Black","Project Delivery","Department for Transport","Outside London","[c]","[c]","[c]","[c]"
"Leaver CS","2023","Black","Project Delivery","Department for Work and Pensions","London","[c]","[c]","[c]","[c]"
"Leaver CS","2023","Black","Project Delivery","Department for Work and Pensions","Outside London","[c]","[c]","[c]","[c]"
"Leaver CS","2023","Black","Project Delivery","Department of Health and Social Care","London","[c]","[c]","[c]","[c]"
"Leaver CS","2023","Black","Project Delivery","Department of Health and Social Care","Outside London","[c]","[c]","[c]","[c]"
"Leaver CS","2023","Black","Project Delivery","Department of Health and Social Care","Unknown","[c]","[c]","[c]","[c]"
"Leaver CS","2023","Black","Project Delivery","Estyn","Outside London","[c]","[c]","[c]","[c]"
"Leaver CS","2023","Black","Project Delivery","Food Standards Agency","London","[c]","[c]","[c]","[c]"
"Leaver CS","2023","Black","Project Delivery","Food Standards Agency","Outside London","[c]","[c]","[c]","[c]"
"Leaver CS","2023","Black","Project Delivery","Foreign, Commonwealth and Development Office","London","[c]","[c]","[c]","[c]"
"Leaver CS","2023","Black","Project Delivery","Foreign, Commonwealth and Development Office","Outside London","[c]","[c]","[c]","[c]"
"Leaver CS","2023","Black","Project Delivery","HM Land Registry","London","[c]","[c]","[c]","[c]"
"Leaver CS","2023","Black","Project Delivery","HM Land Registry","Outside London","[c]","[c]","[c]","[c]"
"Leaver CS","2023","Black","Project Delivery","HM Revenue and Customs","London","[c]","[c]","[c]","[c]"
"Leaver CS","2023","Black","Project Delivery","HM Revenue and Customs","Outside London","[c]","[c]","[c]","[c]"
"Leaver CS","2023","Black","Project Delivery","HM Treasury","London","[c]","[c]","[c]","[c]"
"Leaver CS","2023","Black","Project Delivery","Home Office","London","[c]","[c]","[c]","[c]"
"Leaver CS","2023","Black","Project Delivery","Ministry of Defence","London","[c]","[c]","[c]","[c]"
"Leaver CS","2023","Black","Project Delivery","Ministry of Defence","Outside London","20","[c]","[c]","[c]"
"Leaver CS","2023","Black","Project Delivery","Ministry of Defence","Overseas","[c]","[c]","[c]","[c]"
"Leaver CS","2023","Black","Project Delivery","Ministry of Justice","London","[c]","[c]","[c]","[c]"
"Leaver CS","2023","Black","Project Delivery","Ministry of Justice","Outside London","[c]","[c]","[c]","[c]"
"Leaver CS","2023","Black","Project Delivery","National Crime Agency","London","[c]","[c]","[c]","[c]"
"Leaver CS","2023","Black","Project Delivery","National Crime Agency","Outside London","[c]","[c]","[c]","[c]"
"Leaver CS","2023","Black","Project Delivery","Office of Gas and Electricity Markets","London","[c]","[c]","[c]","[c]"
"Leaver CS","2023","Black","Project Delivery","Office of Gas and Electricity Markets","Outside London","[c]","[c]","[c]","[c]"
"Leaver CS","2023","Black","Project Delivery","Scottish Government","Outside London","[c]","[c]","[c]","[c]"
"Leaver CS","2023","Black","Project Delivery","UK Export Finance","London","[c]","[c]","[c]","[c]"
"Leaver CS","2023","Black","Project Delivery","UK Statistics Authority","London","[c]","[c]","[c]","[c]"
"Leaver CS","2023","Black","Project Delivery","UK Statistics Authority","Outside London","[c]","[c]","[c]","[c]"
"Leaver CS","2023","Black","Project Delivery","Water Services Regulation Authority","Outside London","[c]","[c]","[c]","[c]"
"Leaver CS","2023","Black","Property","Attorney General's Departments","London","[c]","[c]","[c]","[c]"
"Leaver CS","2023","Black","Property","Cabinet Office","London","[c]","[c]","[c]","[c]"
"Leaver CS","2023","Black","Property","Cabinet Office","Outside London","[c]","[c]","[c]","[c]"
"Leaver CS","2023","Black","Property","Cabinet Office","Unknown","[c]","[c]","[c]","[c]"
"Leaver CS","2023","Black","Property","Competition and Markets Authority","London","[c]","[c]","[c]","[c]"
"Leaver CS","2023","Black","Property","Department for Business, Energy and Industrial Strategy","London","[c]","[c]","[c]","[c]"
"Leaver CS","2023","Black","Property","Department for Business, Energy and Industrial Strategy","Outside London","[c]","[c]","[c]","[c]"
"Leaver CS","2023","Black","Property","Department for Digital, Culture, Media and Sport","London","[c]","[c]","[c]","[c]"
"Leaver CS","2023","Black","Property","Department for Environment, Food and Rural Affairs","London","[c]","[c]","[c]","[c]"
"Leaver CS","2023","Black","Property","Department for Environment, Food and Rural Affairs","Outside London","[c]","[c]","[c]","[c]"
"Leaver CS","2023","Black","Property","Department for Levelling Up, Housing and Communities","London","[c]","[c]","[c]","[c]"
"Leaver CS","2023","Black","Property","Department for Transport","London","[c]","[c]","[c]","[c]"
"Leaver CS","2023","Black","Property","Department for Transport","Outside London","[c]","[c]","[c]","[c]"
"Leaver CS","2023","Black","Property","Department for Work and Pensions","London","[c]","[c]","[c]","[c]"
"Leaver CS","2023","Black","Property","Department for Work and Pensions","Outside London","[c]","[c]","[c]","[c]"
"Leaver CS","2023","Black","Property","Department for Work and Pensions","Unknown","[c]","[c]","[c]","[c]"
"Leaver CS","2023","Black","Property","Department of Health and Social Care","London","[c]","[c]","[c]","[c]"
"Leaver CS","2023","Black","Property","Department of Health and Social Care","Outside London","[c]","[c]","[c]","[c]"
"Leaver CS","2023","Black","Property","Foreign, Commonwealth and Development Office","London","[c]","[c]","[c]","[c]"
"Leaver CS","2023","Black","Property","Foreign, Commonwealth and Development Office","Outside London","[c]","[c]","[c]","[c]"
"Leaver CS","2023","Black","Property","HM Land Registry","Outside London","[c]","[c]","[c]","[c]"
"Leaver CS","2023","Black","Property","HM Revenue and Customs","London","[c]","[c]","[c]","[c]"
"Leaver CS","2023","Black","Property","HM Revenue and Customs","Outside London","[c]","[c]","[c]","[c]"
"Leaver CS","2023","Black","Property","Home Office","London","[c]","[c]","[c]","[c]"
"Leaver CS","2023","Black","Property","Home Office","Outside London","[c]","[c]","[c]","[c]"
"Leaver CS","2023","Black","Property","Ministry of Defence","London","[c]","[c]","[c]","[c]"
"Leaver CS","2023","Black","Property","Ministry of Defence","Outside London","[c]","[c]","[c]","[c]"
"Leaver CS","2023","Black","Property","Ministry of Defence","Overseas","[c]","[c]","[c]","[c]"
"Leaver CS","2023","Black","Property","Ministry of Defence","Unknown","[c]","[c]","[c]","[c]"
"Leaver CS","2023","Black","Property","Ministry of Justice","London","[c]","[c]","[c]","[c]"
"Leaver CS","2023","Black","Property","Ministry of Justice","Outside London","[c]","[c]","[c]","[c]"
"Leaver CS","2023","Black","Property","Ministry of Justice","Unknown","[c]","[c]","[c]","[c]"
"Leaver CS","2023","Black","Property","National Crime Agency","London","[c]","[c]","[c]","[c]"
"Leaver CS","2023","Black","Property","Office of Rail and Road","London","[c]","[c]","[c]","[c]"
"Leaver CS","2023","Black","Property","Scottish Government","Outside London","[c]","[c]","[c]","[c]"
"Leaver CS","2023","Black","Property","The National Archives","London","[c]","[c]","[c]","[c]"
"Leaver CS","2023","Black","Property","UK Statistics Authority","Outside London","[c]","[c]","[c]","[c]"
"Leaver CS","2023","Black","Property","UK Supreme Court","London","[c]","[c]","[c]","[c]"
"Leaver CS","2023","Black","Security","Cabinet Office","London","[c]","[c]","[c]","[c]"
"Leaver CS","2023","Black","Security","Cabinet Office","Outside London","[c]","[c]","[c]","[c]"
"Leaver CS","2023","Black","Security","Cabinet Office","Unknown","[c]","[c]","[c]","[c]"
"Leaver CS","2023","Black","Security","Department for Business, Energy and Industrial Strategy","London","[c]","[c]","[c]","[c]"
"Leaver CS","2023","Black","Security","Department for Business, Energy and Industrial Strategy","Outside London","[c]","[c]","[c]","[c]"
"Leaver CS","2023","Black","Security","Department for Education","Outside London","[c]","[c]","[c]","[c]"
"Leaver CS","2023","Black","Security","Department for Transport","Outside London","[c]","[c]","[c]","[c]"
"Leaver CS","2023","Black","Security","Department for Work and Pensions","Outside London","[c]","[c]","[c]","[c]"
"Leaver CS","2023","Black","Security","Estyn","Outside London","[c]","[c]","[c]","[c]"
"Leaver CS","2023","Black","Security","Food Standards Agency","Outside London","[c]","[c]","[c]","[c]"
"Leaver CS","2023","Black","Security","Foreign, Commonwealth and Development Office","London","[c]","[c]","[c]","[c]"
"Leaver CS","2023","Black","Security","Foreign, Commonwealth and Development Office","Outside London","[c]","[c]","[c]","[c]"
"Leaver CS","2023","Black","Security","Foreign, Commonwealth and Development Office","Overseas","[c]","[c]","[c]","[c]"
"Leaver CS","2023","Black","Security","HM Revenue and Customs","London","[c]","[c]","[c]","[c]"
"Leaver CS","2023","Black","Security","HM Revenue and Customs","Outside London","[c]","[c]","[c]","[c]"
"Leaver CS","2023","Black","Security","Home Office","London","[c]","[c]","[c]","[c]"
"Leaver CS","2023","Black","Security","Home Office","Outside London","[c]","[c]","[c]","[c]"
"Leaver CS","2023","Black","Security","Ministry of Defence","London","5","[c]","[c]","[c]"
"Leaver CS","2023","Black","Security","Ministry of Defence","Outside London","[c]","[c]","[c]","[c]"
"Leaver CS","2023","Black","Security","Ministry of Defence","Overseas","[c]","[c]","[c]","[c]"
"Leaver CS","2023","Black","Security","Ministry of Defence","Unknown","[c]","[c]","[c]","[c]"
"Leaver CS","2023","Black","Security","Ministry of Justice","London","[c]","[c]","[c]","[c]"
"Leaver CS","2023","Black","Security","Ministry of Justice","Outside London","[c]","[c]","[c]","[c]"
"Leaver CS","2023","Black","Security","National Crime Agency","London","[c]","[c]","[c]","[c]"
"Leaver CS","2023","Black","Security","National Crime Agency","Outside London","[c]","[c]","[c]","[c]"
"Leaver CS","2023","Black","Security","Office of Gas and Electricity Markets","London","[c]","[c]","[c]","[c]"
"Leaver CS","2023","Black","Security","UK Statistics Authority","Outside London","[c]","[c]","[c]","[c]"
"Leaver CS","2023","Black","Unknown","Attorney General's Departments","London","[c]","[c]","[c]","[c]"
"Leaver CS","2023","Black","Unknown","Attorney General's Departments","Outside London","[c]","[c]","[c]","[c]"
"Leaver CS","2023","Black","Unknown","Cabinet Office","London","[c]","[c]","[c]","[c]"
"Leaver CS","2023","Black","Unknown","Cabinet Office","Outside London","[c]","[c]","[c]","[c]"
"Leaver CS","2023","Black","Unknown","Cabinet Office","Unknown","[c]","[c]","[c]","[c]"
"Leaver CS","2023","Black","Unknown","Department for Business, Energy and Industrial Strategy","London","[c]","[c]","[c]","[c]"
"Leaver CS","2023","Black","Unknown","Department for Business, Energy and Industrial Strategy","Outside London","[c]","[c]","[c]","[c]"
"Leaver CS","2023","Black","Unknown","Department for Education","London","[c]","[c]","[c]","[c]"
"Leaver CS","2023","Black","Unknown","Department for Education","Outside London","[c]","[c]","[c]","[c]"
"Leaver CS","2023","Black","Unknown","Department for Environment, Food and Rural Affairs","London","[c]","[c]","[c]","[c]"
"Leaver CS","2023","Black","Unknown","Department for Environment, Food and Rural Affairs","Outside London","[c]","[c]","[c]","[c]"
"Leaver CS","2023","Black","Unknown","Department for International Trade","London","[c]","[c]","[c]","[c]"
"Leaver CS","2023","Black","Unknown","Department for International Trade","Outside London","[c]","[c]","[c]","[c]"
"Leaver CS","2023","Black","Unknown","Department for Work and Pensions","London","10","[c]","[c]","[c]"
"Leaver CS","2023","Black","Unknown","Department for Work and Pensions","Outside London","[c]","[c]","[c]","[c]"
"Leaver CS","2023","Black","Unknown","Department of Health and Social Care","London","20","[c]","[c]","[c]"
"Leaver CS","2023","Black","Unknown","Department of Health and Social Care","Outside London","[c]","[c]","[c]","[c]"
"Leaver CS","2023","Black","Unknown","Department of Health and Social Care","Unknown","[c]","[c]","[c]","[c]"
"Leaver CS","2023","Black","Unknown","Food Standards Agency","Outside London","[c]","[c]","[c]","[c]"
"Leaver CS","2023","Black","Unknown","Foreign, Commonwealth and Development Office","London","15","[c]","[c]","[c]"
"Leaver CS","2023","Black","Unknown","Foreign, Commonwealth and Development Office","Outside London","[c]","[c]","[c]","[c]"
"Leaver CS","2023","Black","Unknown","Foreign, Commonwealth and Development Office","Overseas","[c]","[c]","[c]","[c]"
"Leaver CS","2023","Black","Unknown","Ministry of Defence","London","[c]","[c]","[c]","[c]"
"Leaver CS","2023","Black","Unknown","Ministry of Defence","Outside London","[c]","[c]","[c]","[c]"
"Leaver CS","2023","Black","Unknown","Ministry of Defence","Overseas","[c]","[c]","[c]","[c]"
"Leaver CS","2023","Black","Unknown","Ministry of Defence","Unknown","[c]","[c]","[c]","[c]"
"Leaver CS","2023","Black","Unknown","Northern Ireland Office","London","[c]","[c]","[c]","[c]"
"Leaver CS","2023","Black","Unknown","Northern Ireland Office","Outside London","[c]","[c]","[c]","[c]"
"Leaver CS","2023","Black","Unknown","Office of Gas and Electricity Markets","London","10","[c]","[c]","[c]"
"Leaver CS","2023","Black","Unknown","Office of Gas and Electricity Markets","Outside London","5","[c]","[c]","[c]"
"Leaver CS","2023","Black","Unknown","Office of the Secretary of State for Scotland","London","[c]","[c]","[c]","[c]"
"Leaver CS","2023","Black","Unknown","Office of the Secretary of State for Scotland","Outside London","[c]","[c]","[c]","[c]"
"Leaver CS","2023","Black","Unknown","Scottish Government","London","[c]","[c]","[c]","[c]"
"Leaver CS","2023","Black","Unknown","Scottish Government","Outside London","5","[c]","[c]","[c]"
"Leaver CS","2023","Black","Unknown","Scottish Government","Overseas","[c]","[c]","[c]","[c]"
"Leaver CS","2023","Black","Unknown","Welsh Government","Outside London","[c]","[c]","[c]","[c]"
"Leaver CS","2023","Mixed","Analysis","Cabinet Office","London","[c]","[c]","[c]","[c]"
"Leaver CS","2023","Mixed","Analysis","Cabinet Office","Outside London","[c]","[c]","[c]","[c]"
"Leaver CS","2023","Mixed","Analysis","Cabinet Office","Unknown","[c]","[c]","[c]","[c]"
"Leaver CS","2023","Mixed","Analysis","Chancellor's other departments","London","[c]","[c]","[c]","[c]"
"Leaver CS","2023","Mixed","Analysis","Chancellor's other departments","Outside London","[c]","[c]","[c]","[c]"
"Leaver CS","2023","Mixed","Analysis","Competition and Markets Authority","London","[c]","[c]","[c]","[c]"
"Leaver CS","2023","Mixed","Analysis","Competition and Markets Authority","Outside London","[c]","[c]","[c]","[c]"
"Leaver CS","2023","Mixed","Analysis","Department for Business, Energy and Industrial Strategy","London","[c]","[c]","[c]","[c]"
"Leaver CS","2023","Mixed","Analysis","Department for Business, Energy and Industrial Strategy","Outside London","[c]","[c]","[c]","[c]"
"Leaver CS","2023","Mixed","Analysis","Department for Digital, Culture, Media and Sport","London","[c]","[c]","[c]","[c]"
"Leaver CS","2023","Mixed","Analysis","Department for Education","London","[c]","[c]","[c]","[c]"
"Leaver CS","2023","Mixed","Analysis","Department for Education","Outside London","[c]","[c]","[c]","[c]"
"Leaver CS","2023","Mixed","Analysis","Department for Environment, Food and Rural Affairs","Outside London","[c]","[c]","[c]","[c]"
"Leaver CS","2023","Mixed","Analysis","Department for International Trade","London","[c]","[c]","[c]","[c]"
"Leaver CS","2023","Mixed","Analysis","Department for Levelling Up, Housing and Communities","London","[c]","[c]","[c]","[c]"
"Leaver CS","2023","Mixed","Analysis","Department for Levelling Up, Housing and Communities","Outside London","[c]","[c]","[c]","[c]"
"Leaver CS","2023","Mixed","Analysis","Department for Transport","Outside London","[c]","[c]","[c]","[c]"
"Leaver CS","2023","Mixed","Analysis","Department for Work and Pensions","London","[c]","[c]","[c]","[c]"
"Leaver CS","2023","Mixed","Analysis","Department for Work and Pensions","Outside London","[c]","[c]","[c]","[c]"
"Leaver CS","2023","Mixed","Analysis","Department for Work and Pensions","Unknown","[c]","[c]","[c]","[c]"
"Leaver CS","2023","Mixed","Analysis","Department of Health and Social Care","London","[c]","[c]","[c]","[c]"
"Leaver CS","2023","Mixed","Analysis","Estyn","Outside London","[c]","[c]","[c]","[c]"
"Leaver CS","2023","Mixed","Analysis","Food Standards Agency","London","[c]","[c]","[c]","[c]"
"Leaver CS","2023","Mixed","Analysis","Food Standards Agency","Outside London","[c]","[c]","[c]","[c]"
"Leaver CS","2023","Mixed","Analysis","Foreign, Commonwealth and Development Office","Outside London","[c]","[c]","[c]","[c]"
"Leaver CS","2023","Mixed","Analysis","HM Land Registry","London","[c]","[c]","[c]","[c]"
"Leaver CS","2023","Mixed","Analysis","HM Land Registry","Outside London","[c]","[c]","[c]","[c]"
"Leaver CS","2023","Mixed","Analysis","HM Revenue and Customs","London","[c]","[c]","[c]","[c]"
"Leaver CS","2023","Mixed","Analysis","HM Revenue and Customs","Outside London","[c]","[c]","[c]","[c]"
"Leaver CS","2023","Mixed","Analysis","HM Treasury","London","[c]","[c]","[c]","[c]"
"Leaver CS","2023","Mixed","Analysis","HM Treasury","Outside London","[c]","[c]","[c]","[c]"
"Leaver CS","2023","Mixed","Analysis","Home Office","London","[c]","[c]","[c]","[c]"
"Leaver CS","2023","Mixed","Analysis","Home Office","Outside London","[c]","[c]","[c]","[c]"
"Leaver CS","2023","Mixed","Analysis","Ministry of Defence","London","[c]","[c]","[c]","[c]"
"Leaver CS","2023","Mixed","Analysis","Ministry of Defence","Outside London","[c]","[c]","[c]","[c]"
"Leaver CS","2023","Mixed","Analysis","Ministry of Justice","London","[c]","[c]","[c]","[c]"
"Leaver CS","2023","Mixed","Analysis","Ministry of Justice","Outside London","[c]","[c]","[c]","[c]"
"Leaver CS","2023","Mixed","Analysis","Ministry of Justice","Unknown","[c]","[c]","[c]","[c]"
"Leaver CS","2023","Mixed","Analysis","Office for Standards in Education, Children's Services and Skills","London","[c]","[c]","[c]","[c]"
"Leaver CS","2023","Mixed","Analysis","Office for Standards in Education, Children's Services and Skills","Outside London","[c]","[c]","[c]","[c]"
"Leaver CS","2023","Mixed","Analysis","Office of Gas and Electricity Markets","London","[c]","[c]","[c]","[c]"
"Leaver CS","2023","Mixed","Analysis","Office of Gas and Electricity Markets","Outside London","[c]","[c]","[c]","[c]"
"Leaver CS","2023","Mixed","Analysis","Office of Rail and Road","London","[c]","[c]","[c]","[c]"
"Leaver CS","2023","Mixed","Analysis","Office of Rail and Road","Outside London","[c]","[c]","[c]","[c]"
"Leaver CS","2023","Mixed","Analysis","Scottish Government","Outside London","[c]","[c]","[c]","[c]"
"Leaver CS","2023","Mixed","Analysis","UK Export Finance","London","[c]","[c]","[c]","[c]"
"Leaver CS","2023","Mixed","Analysis","UK Statistics Authority","London","[c]","[c]","[c]","[c]"
"Leaver CS","2023","Mixed","Analysis","UK Statistics Authority","Outside London","[c]","[c]","[c]","[c]"
"Leaver CS","2023","Mixed","Analysis","Water Services Regulation Authority","Outside London","[c]","[c]","[c]","[c]"
"Leaver CS","2023","Mixed","Commercial","Attorney General's Departments","London","[c]","[c]","[c]","[c]"
"Leaver CS","2023","Mixed","Commercial","Attorney General's Departments","Outside London","[c]","[c]","[c]","[c]"
"Leaver CS","2023","Mixed","Commercial","Cabinet Office","London","[c]","[c]","[c]","[c]"
"Leaver CS","2023","Mixed","Commercial","Cabinet Office","Outside London","[c]","[c]","[c]","[c]"
"Leaver CS","2023","Mixed","Commercial","Cabinet Office","Unknown","[c]","[c]","[c]","[c]"
"Leaver CS","2023","Mixed","Commercial","Chancellor's other departments","London","[c]","[c]","[c]","[c]"
"Leaver CS","2023","Mixed","Commercial","Competition and Markets Authority","London","[c]","[c]","[c]","[c]"
"Leaver CS","2023","Mixed","Commercial","Department for Business, Energy and Industrial Strategy","London","[c]","[c]","[c]","[c]"
"Leaver CS","2023","Mixed","Commercial","Department for Business, Energy and Industrial Strategy","Outside London","[c]","[c]","[c]","[c]"
"Leaver CS","2023","Mixed","Commercial","Department for Digital, Culture, Media and Sport","London","[c]","[c]","[c]","[c]"
"Leaver CS","2023","Mixed","Commercial","Department for Education","London","[c]","[c]","[c]","[c]"
"Leaver CS","2023","Mixed","Commercial","Department for Education","Outside London","[c]","[c]","[c]","[c]"
"Leaver CS","2023","Mixed","Commercial","Department for Environment, Food and Rural Affairs","London","[c]","[c]","[c]","[c]"
"Leaver CS","2023","Mixed","Commercial","Department for Environment, Food and Rural Affairs","Outside London","[c]","[c]","[c]","[c]"
"Leaver CS","2023","Mixed","Commercial","Department for International Trade","London","[c]","[c]","[c]","[c]"
"Leaver CS","2023","Mixed","Commercial","Department for Levelling Up, Housing and Communities","London","[c]","[c]","[c]","[c]"
"Leaver CS","2023","Mixed","Commercial","Department for Transport","Outside London","[c]","[c]","[c]","[c]"
"Leaver CS","2023","Mixed","Commercial","Department for Work and Pensions","Outside London","[c]","[c]","[c]","[c]"
"Leaver CS","2023","Mixed","Commercial","Department of Health and Social Care","London","[c]","[c]","[c]","[c]"
"Leaver CS","2023","Mixed","Commercial","Department of Health and Social Care","Outside London","[c]","[c]","[c]","[c]"
"Leaver CS","2023","Mixed","Commercial","Foreign, Commonwealth and Development Office","London","[c]","[c]","[c]","[c]"
"Leaver CS","2023","Mixed","Commercial","Foreign, Commonwealth and Development Office","Outside London","[c]","[c]","[c]","[c]"
"Leaver CS","2023","Mixed","Commercial","HM Land Registry","London","[c]","[c]","[c]","[c]"
"Leaver CS","2023","Mixed","Commercial","HM Land Registry","Outside London","[c]","[c]","[c]","[c]"
"Leaver CS","2023","Mixed","Commercial","HM Revenue and Customs","London","[c]","[c]","[c]","[c]"
"Leaver CS","2023","Mixed","Commercial","HM Revenue and Customs","Outside London","[c]","[c]","[c]","[c]"
"Leaver CS","2023","Mixed","Commercial","Home Office","London","[c]","[c]","[c]","[c]"
"Leaver CS","2023","Mixed","Commercial","Home Office","Outside London","[c]","[c]","[c]","[c]"
"Leaver CS","2023","Mixed","Commercial","Ministry of Defence","London","[c]","[c]","[c]","[c]"
"Leaver CS","2023","Mixed","Commercial","Ministry of Defence","Outside London","[c]","[c]","[c]","[c]"
"Leaver CS","2023","Mixed","Commercial","Ministry of Defence","Overseas","[c]","[c]","[c]","[c]"
"Leaver CS","2023","Mixed","Commercial","Ministry of Justice","London","[c]","[c]","[c]","[c]"
"Leaver CS","2023","Mixed","Commercial","Ministry of Justice","Outside London","[c]","[c]","[c]","[c]"
"Leaver CS","2023","Mixed","Commercial","Scottish Government","Outside London","[c]","[c]","[c]","[c]"
"Leaver CS","2023","Mixed","Commercial","The National Archives","London","[c]","[c]","[c]","[c]"
"Leaver CS","2023","Mixed","Commercial","UK Export Finance","London","[c]","[c]","[c]","[c]"
"Leaver CS","2023","Mixed","Commercial","UK Export Finance","Outside London","[c]","[c]","[c]","[c]"
"Leaver CS","2023","Mixed","Commercial","UK Statistics Authority","Outside London","[c]","[c]","[c]","[c]"
"Leaver CS","2023","Mixed","Communications","Attorney General's Departments","London","[c]","[c]","[c]","[c]"
"Leaver CS","2023","Mixed","Communications","Attorney General's Departments","Outside London","[c]","[c]","[c]","[c]"
"Leaver CS","2023","Mixed","Communications","Cabinet Office","London","[c]","[c]","[c]","[c]"
"Leaver CS","2023","Mixed","Communications","Cabinet Office","Outside London","[c]","[c]","[c]","[c]"
"Leaver CS","2023","Mixed","Communications","Cabinet Office","Unknown","[c]","[c]","[c]","[c]"
"Leaver CS","2023","Mixed","Communications","Chancellor's other departments","London","[c]","[c]","[c]","[c]"
"Leaver CS","2023","Mixed","Communications","Chancellor's other departments","Outside London","[c]","[c]","[c]","[c]"
"Leaver CS","2023","Mixed","Communications","Charity Commission","Outside London","[c]","[c]","[c]","[c]"
"Leaver CS","2023","Mixed","Communications","Competition and Markets Authority","London","[c]","[c]","[c]","[c]"
"Leaver CS","2023","Mixed","Communications","Department for Business, Energy and Industrial Strategy","London","[c]","[c]","[c]","[c]"
"Leaver CS","2023","Mixed","Communications","Department for Business, Energy and Industrial Strategy","Outside London","[c]","[c]","[c]","[c]"
"Leaver CS","2023","Mixed","Communications","Department for Digital, Culture, Media and Sport","London","[c]","[c]","[c]","[c]"
"Leaver CS","2023","Mixed","Communications","Department for Education","London","[c]","[c]","[c]","[c]"
"Leaver CS","2023","Mixed","Communications","Department for Education","Outside London","[c]","[c]","[c]","[c]"
"Leaver CS","2023","Mixed","Communications","Department for Environment, Food and Rural Affairs","London","[c]","[c]","[c]","[c]"
"Leaver CS","2023","Mixed","Communications","Department for Environment, Food and Rural Affairs","Outside London","[c]","[c]","[c]","[c]"
"Leaver CS","2023","Mixed","Communications","Department for International Trade","London","[c]","[c]","[c]","[c]"
"Leaver CS","2023","Mixed","Communications","Department for International Trade","Outside London","[c]","[c]","[c]","[c]"
"Leaver CS","2023","Mixed","Communications","Department for Levelling Up, Housing and Communities","London","[c]","[c]","[c]","[c]"
"Leaver CS","2023","Mixed","Communications","Department for Levelling Up, Housing and Communities","Outside London","[c]","[c]","[c]","[c]"
"Leaver CS","2023","Mixed","Communications","Department for Transport","London","[c]","[c]","[c]","[c]"
"Leaver CS","2023","Mixed","Communications","Department for Transport","Outside London","[c]","[c]","[c]","[c]"
"Leaver CS","2023","Mixed","Communications","Department for Work and Pensions","London","[c]","[c]","[c]","[c]"
"Leaver CS","2023","Mixed","Communications","Department for Work and Pensions","Outside London","[c]","[c]","[c]","[c]"
"Leaver CS","2023","Mixed","Communications","Department for Work and Pensions","Unknown","[c]","[c]","[c]","[c]"
"Leaver CS","2023","Mixed","Communications","Department of Health and Social Care","London","[c]","[c]","[c]","[c]"
"Leaver CS","2023","Mixed","Communications","Food Standards Agency","Outside London","[c]","[c]","[c]","[c]"
"Leaver CS","2023","Mixed","Communications","Foreign, Commonwealth and Development Office","Outside London","[c]","[c]","[c]","[c]"
"Leaver CS","2023","Mixed","Communications","HM Land Registry","London","[c]","[c]","[c]","[c]"
"Leaver CS","2023","Mixed","Communications","HM Land Registry","Outside London","[c]","[c]","[c]","[c]"
"Leaver CS","2023","Mixed","Communications","HM Revenue and Customs","London","[c]","[c]","[c]","[c]"
"Leaver CS","2023","Mixed","Communications","HM Revenue and Customs","Outside London","[c]","[c]","[c]","[c]"
"Leaver CS","2023","Mixed","Communications","HM Treasury","London","[c]","[c]","[c]","[c]"
"Leaver CS","2023","Mixed","Communications","HM Treasury","Unknown","[c]","[c]","[c]","[c]"
"Leaver CS","2023","Mixed","Communications","Home Office","London","[c]","[c]","[c]","[c]"
"Leaver CS","2023","Mixed","Communications","Home Office","Outside London","[c]","[c]","[c]","[c]"
"Leaver CS","2023","Mixed","Communications","Ministry of Defence","London","[c]","[c]","[c]","[c]"
"Leaver CS","2023","Mixed","Communications","Ministry of Defence","Outside London","[c]","[c]","[c]","[c]"
"Leaver CS","2023","Mixed","Communications","Ministry of Justice","London","[c]","[c]","[c]","[c]"
"Leaver CS","2023","Mixed","Communications","Ministry of Justice","Outside London","[c]","[c]","[c]","[c]"
"Leaver CS","2023","Mixed","Communications","National Crime Agency","London","[c]","[c]","[c]","[c]"
"Leaver CS","2023","Mixed","Communications","National Crime Agency","Outside London","[c]","[c]","[c]","[c]"
"Leaver CS","2023","Mixed","Communications","Northern Ireland Office","London","[c]","[c]","[c]","[c]"
"Leaver CS","2023","Mixed","Communications","Office for Standards in Education, Children's Services and Skills","London","[c]","[c]","[c]","[c]"
"Leaver CS","2023","Mixed","Communications","Office for Standards in Education, Children's Services and Skills","Outside London","[c]","[c]","[c]","[c]"
"Leaver CS","2023","Mixed","Communications","Office of Gas and Electricity Markets","London","[c]","[c]","[c]","[c]"
"Leaver CS","2023","Mixed","Communications","Office of Gas and Electricity Markets","Outside London","[c]","[c]","[c]","[c]"
"Leaver CS","2023","Mixed","Communications","Office of Qualifications and Examinations Regulation","Outside London","[c]","[c]","[c]","[c]"
"Leaver CS","2023","Mixed","Communications","Office of Rail and Road","London","[c]","[c]","[c]","[c]"
"Leaver CS","2023","Mixed","Communications","Office of the Secretary of State for Scotland","Outside London","[c]","[c]","[c]","[c]"
"Leaver CS","2023","Mixed","Communications","Scottish Government","Outside London","[c]","[c]","[c]","[c]"
"Leaver CS","2023","Mixed","Communications","UK Export Finance","London","[c]","[c]","[c]","[c]"
"Leaver CS","2023","Mixed","Communications","UK Statistics Authority","London","[c]","[c]","[c]","[c]"
"Leaver CS","2023","Mixed","Communications","UK Statistics Authority","Outside London","[c]","[c]","[c]","[c]"
"Leaver CS","2023","Mixed","Communications","UK Supreme Court","London","[c]","[c]","[c]","[c]"
"Leaver CS","2023","Mixed","Communications","Water Services Regulation Authority","Outside London","[c]","[c]","[c]","[c]"
"Leaver CS","2023","Mixed","Counter Fraud","Attorney General's Departments","London","[c]","[c]","[c]","[c]"
"Leaver CS","2023","Mixed","Counter Fraud","Cabinet Office","London","[c]","[c]","[c]","[c]"
"Leaver CS","2023","Mixed","Counter Fraud","Cabinet Office","Outside London","[c]","[c]","[c]","[c]"
"Leaver CS","2023","Mixed","Counter Fraud","Cabinet Office","Unknown","[c]","[c]","[c]","[c]"
"Leaver CS","2023","Mixed","Counter Fraud","Chancellor's other departments","Outside London","[c]","[c]","[c]","[c]"
"Leaver CS","2023","Mixed","Counter Fraud","Department for Business, Energy and Industrial Strategy","London","[c]","[c]","[c]","[c]"
"Leaver CS","2023","Mixed","Counter Fraud","Department for Business, Energy and Industrial Strategy","Outside London","[c]","[c]","[c]","[c]"
"Leaver CS","2023","Mixed","Counter Fraud","Department for Digital, Culture, Media and Sport","London","[c]","[c]","[c]","[c]"
"Leaver CS","2023","Mixed","Counter Fraud","Department for Transport","London","[c]","[c]","[c]","[c]"
"Leaver CS","2023","Mixed","Counter Fraud","Department for Transport","Outside London","[c]","[c]","[c]","[c]"
"Leaver CS","2023","Mixed","Counter Fraud","Department for Work and Pensions","London","[c]","[c]","[c]","[c]"
"Leaver CS","2023","Mixed","Counter Fraud","Department for Work and Pensions","Outside London","5","[c]","[c]","[c]"
"Leaver CS","2023","Mixed","Counter Fraud","Food Standards Agency","Outside London","[c]","[c]","[c]","[c]"
"Leaver CS","2023","Mixed","Counter Fraud","HM Revenue and Customs","London","[c]","[c]","[c]","[c]"
"Leaver CS","2023","Mixed","Counter Fraud","HM Revenue and Customs","Outside London","[c]","[c]","[c]","[c]"
"Leaver CS","2023","Mixed","Counter Fraud","Ministry of Defence","London","[c]","[c]","[c]","[c]"
"Leaver CS","2023","Mixed","Debt","Department for Work and Pensions","London","[c]","[c]","[c]","[c]"
"Leaver CS","2023","Mixed","Debt","Department for Work and Pensions","Outside London","5","[c]","[c]","[c]"
"Leaver CS","2023","Mixed","Debt","Department for Work and Pensions","Unknown","[c]","[c]","[c]","[c]"
"Leaver CS","2023","Mixed","Debt","HM Revenue and Customs","London","[c]","[c]","[c]","[c]"
"Leaver CS","2023","Mixed","Debt","HM Revenue and Customs","Outside London","[c]","[c]","[c]","[c]"
"Leaver CS","2023","Mixed","Digital, Data & Technology","Attorney General's Departments","London","[c]","[c]","[c]","[c]"
"Leaver CS","2023","Mixed","Digital, Data & Technology","Attorney General's Departments","Outside London","[c]","[c]","[c]","[c]"
"Leaver CS","2023","Mixed","Digital, Data & Technology","Cabinet Office","London","15","[c]","[c]","[c]"
"Leaver CS","2023","Mixed","Digital, Data & Technology","Cabinet Office","Outside London","[c]","[c]","[c]","[c]"
"Leaver CS","2023","Mixed","Digital, Data & Technology","Cabinet Office","Unknown","[c]","[c]","[c]","[c]"
"Leaver CS","2023","Mixed","Digital, Data & Technology","Chancellor's other departments","London","[c]","[c]","[c]","[c]"
"Leaver CS","2023","Mixed","Digital, Data & Technology","Charity Commission","London","[c]","[c]","[c]","[c]"
"Leaver CS","2023","Mixed","Digital, Data & Technology","Charity Commission","Outside London","[c]","[c]","[c]","[c]"
"Leaver CS","2023","Mixed","Digital, Data & Technology","Competition and Markets Authority","London","[c]","[c]","[c]","[c]"
"Leaver CS","2023","Mixed","Digital, Data & Technology","Department for Business, Energy and Industrial Strategy","London","[c]","[c]","[c]","[c]"
"Leaver CS","2023","Mixed","Digital, Data & Technology","Department for Business, Energy and Industrial Strategy","Outside London","[c]","[c]","[c]","[c]"
"Leaver CS","2023","Mixed","Digital, Data & Technology","Department for Business, Energy and Industrial Strategy","Overseas","[c]","[c]","[c]","[c]"
"Leaver CS","2023","Mixed","Digital, Data & Technology","Department for Digital, Culture, Media and Sport","London","[c]","[c]","[c]","[c]"
"Leaver CS","2023","Mixed","Digital, Data & Technology","Department for Education","London","[c]","[c]","[c]","[c]"
"Leaver CS","2023","Mixed","Digital, Data & Technology","Department for Education","Outside London","[c]","[c]","[c]","[c]"
"Leaver CS","2023","Mixed","Digital, Data & Technology","Department for Environment, Food and Rural Affairs","London","[c]","[c]","[c]","[c]"
"Leaver CS","2023","Mixed","Digital, Data & Technology","Department for Environment, Food and Rural Affairs","Outside London","[c]","[c]","[c]","[c]"
"Leaver CS","2023","Mixed","Digital, Data & Technology","Department for International Trade","London","[c]","[c]","[c]","[c]"
"Leaver CS","2023","Mixed","Digital, Data & Technology","Department for International Trade","Outside London","[c]","[c]","[c]","[c]"
"Leaver CS","2023","Mixed","Digital, Data & Technology","Department for Levelling Up, Housing and Communities","London","[c]","[c]","[c]","[c]"
"Leaver CS","2023","Mixed","Digital, Data & Technology","Department for Levelling Up, Housing and Communities","Outside London","[c]","[c]","[c]","[c]"
"Leaver CS","2023","Mixed","Digital, Data & Technology","Department for Transport","Outside London","[c]","[c]","[c]","[c]"
"Leaver CS","2023","Mixed","Digital, Data & Technology","Department for Work and Pensions","London","[c]","[c]","[c]","[c]"
"Leaver CS","2023","Mixed","Digital, Data & Technology","Department for Work and Pensions","Outside London","[c]","[c]","[c]","[c]"
"Leaver CS","2023","Mixed","Digital, Data & Technology","Department of Health and Social Care","London","[c]","[c]","[c]","[c]"
"Leaver CS","2023","Mixed","Digital, Data & Technology","Department of Health and Social Care","Outside London","[c]","[c]","[c]","[c]"
"Leaver CS","2023","Mixed","Digital, Data & Technology","Food Standards Agency","London","[c]","[c]","[c]","[c]"
"Leaver CS","2023","Mixed","Digital, Data & Technology","Food Standards Agency","Outside London","[c]","[c]","[c]","[c]"
"Leaver CS","2023","Mixed","Digital, Data & Technology","Foreign, Commonwealth and Development Office","London","[c]","[c]","[c]","[c]"
"Leaver CS","2023","Mixed","Digital, Data & Technology","Foreign, Commonwealth and Development Office","Outside London","[c]","[c]","[c]","[c]"
"Leaver CS","2023","Mixed","Digital, Data & Technology","HM Land Registry","London","[c]","[c]","[c]","[c]"
"Leaver CS","2023","Mixed","Digital, Data & Technology","HM Land Registry","Outside London","[c]","[c]","[c]","[c]"
"Leaver CS","2023","Mixed","Digital, Data & Technology","HM Revenue and Customs","London","[c]","[c]","[c]","[c]"
"Leaver CS","2023","Mixed","Digital, Data & Technology","HM Revenue and Customs","Outside London","[c]","[c]","[c]","[c]"
"Leaver CS","2023","Mixed","Digital, Data & Technology","HM Treasury","London","[c]","[c]","[c]","[c]"
"Leaver CS","2023","Mixed","Digital, Data & Technology","Home Office","London","[c]","[c]","[c]","[c]"
"Leaver CS","2023","Mixed","Digital, Data & Technology","Home Office","Outside London","[c]","[c]","[c]","[c]"
"Leaver CS","2023","Mixed","Digital, Data & Technology","Home Office","Unknown","[c]","[c]","[c]","[c]"
"Leaver CS","2023","Mixed","Digital, Data & Technology","Ministry of Defence","London","[c]","[c]","[c]","[c]"
"Leaver CS","2023","Mixed","Digital, Data & Technology","Ministry of Defence","Outside London","[c]","[c]","[c]","[c]"
"Leaver CS","2023","Mixed","Digital, Data & Technology","Ministry of Defence","Overseas","[c]","[c]","[c]","[c]"
"Leaver CS","2023","Mixed","Digital, Data & Technology","Ministry of Justice","London","[c]","[c]","[c]","[c]"
"Leaver CS","2023","Mixed","Digital, Data & Technology","Ministry of Justice","Outside London","[c]","[c]","[c]","[c]"
"Leaver CS","2023","Mixed","Digital, Data & Technology","National Crime Agency","London","[c]","[c]","[c]","[c]"
"Leaver CS","2023","Mixed","Digital, Data & Technology","National Crime Agency","Outside London","[c]","[c]","[c]","[c]"
"Leaver CS","2023","Mixed","Digital, Data & Technology","National Crime Agency","Overseas","[c]","[c]","[c]","[c]"
"Leaver CS","2023","Mixed","Digital, Data & Technology","Office for Standards in Education, Children's Services and Skills","London","[c]","[c]","[c]","[c]"
"Leaver CS","2023","Mixed","Digital, Data & Technology","Office for Standards in Education, Children's Services and Skills","Outside London","[c]","[c]","[c]","[c]"
"Leaver CS","2023","Mixed","Digital, Data & Technology","Office of Gas and Electricity Markets","London","[c]","[c]","[c]","[c]"
"Leaver CS","2023","Mixed","Digital, Data & Technology","Office of Gas and Electricity Markets","Outside London","[c]","[c]","[c]","[c]"
"Leaver CS","2023","Mixed","Digital, Data & Technology","Office of Qualifications and Examinations Regulation","Outside London","[c]","[c]","[c]","[c]"
"Leaver CS","2023","Mixed","Digital, Data & Technology","Office of Rail and Road","London","[c]","[c]","[c]","[c]"
"Leaver CS","2023","Mixed","Digital, Data & Technology","Scottish Government","Outside London","[c]","[c]","[c]","[c]"
"Leaver CS","2023","Mixed","Digital, Data & Technology","The National Archives","London","[c]","[c]","[c]","[c]"
"Leaver CS","2023","Mixed","Digital, Data & Technology","UK Export Finance","London","[c]","[c]","[c]","[c]"
"Leaver CS","2023","Mixed","Digital, Data & Technology","UK Statistics Authority","London","[c]","[c]","[c]","[c]"
"Leaver CS","2023","Mixed","Digital, Data & Technology","UK Statistics Authority","Outside London","[c]","[c]","[c]","[c]"
"Leaver CS","2023","Mixed","Digital, Data & Technology","UK Supreme Court","London","[c]","[c]","[c]","[c]"
"Leaver CS","2023","Mixed","Digital, Data & Technology","Water Services Regulation Authority","Outside London","[c]","[c]","[c]","[c]"
"Leaver CS","2023","Mixed","Finance","Attorney General's Departments","London","[c]","[c]","[c]","[c]"
"Leaver CS","2023","Mixed","Finance","Attorney General's Departments","Outside London","[c]","[c]","[c]","[c]"
"Leaver CS","2023","Mixed","Finance","Cabinet Office","London","[c]","[c]","[c]","[c]"
"Leaver CS","2023","Mixed","Finance","Cabinet Office","Outside London","[c]","[c]","[c]","[c]"
"Leaver CS","2023","Mixed","Finance","Cabinet Office","Unknown","[c]","[c]","[c]","[c]"
"Leaver CS","2023","Mixed","Finance","Chancellor's other departments","London","[c]","[c]","[c]","[c]"
"Leaver CS","2023","Mixed","Finance","Charity Commission","Outside London","[c]","[c]","[c]","[c]"
"Leaver CS","2023","Mixed","Finance","Competition and Markets Authority","London","[c]","[c]","[c]","[c]"
"Leaver CS","2023","Mixed","Finance","Department for Business, Energy and Industrial Strategy","London","[c]","[c]","[c]","[c]"
"Leaver CS","2023","Mixed","Finance","Department for Business, Energy and Industrial Strategy","Outside London","[c]","[c]","[c]","[c]"
"Leaver CS","2023","Mixed","Finance","Department for Digital, Culture, Media and Sport","London","[c]","[c]","[c]","[c]"
"Leaver CS","2023","Mixed","Finance","Department for Education","London","[c]","[c]","[c]","[c]"
"Leaver CS","2023","Mixed","Finance","Department for Education","Outside London","[c]","[c]","[c]","[c]"
"Leaver CS","2023","Mixed","Finance","Department for Environment, Food and Rural Affairs","London","[c]","[c]","[c]","[c]"
"Leaver CS","2023","Mixed","Finance","Department for Environment, Food and Rural Affairs","Outside London","[c]","[c]","[c]","[c]"
"Leaver CS","2023","Mixed","Finance","Department for International Trade","London","[c]","[c]","[c]","[c]"
"Leaver CS","2023","Mixed","Finance","Department for Levelling Up, Housing and Communities","London","[c]","[c]","[c]","[c]"
"Leaver CS","2023","Mixed","Finance","Department for Levelling Up, Housing and Communities","Outside London","[c]","[c]","[c]","[c]"
"Leaver CS","2023","Mixed","Finance","Department for Transport","London","[c]","[c]","[c]","[c]"
"Leaver CS","2023","Mixed","Finance","Department for Transport","Outside London","[c]","[c]","[c]","[c]"
"Leaver CS","2023","Mixed","Finance","Department for Work and Pensions","London","[c]","[c]","[c]","[c]"
"Leaver CS","2023","Mixed","Finance","Department for Work and Pensions","Outside London","[c]","[c]","[c]","[c]"
"Leaver CS","2023","Mixed","Finance","Department for Work and Pensions","Unknown","[c]","[c]","[c]","[c]"
"Leaver CS","2023","Mixed","Finance","Department of Health and Social Care","London","[c]","[c]","[c]","[c]"
"Leaver CS","2023","Mixed","Finance","Department of Health and Social Care","Outside London","[c]","[c]","[c]","[c]"
"Leaver CS","2023","Mixed","Finance","Estyn","Outside London","[c]","[c]","[c]","[c]"
"Leaver CS","2023","Mixed","Finance","Food Standards Agency","London","[c]","[c]","[c]","[c]"
"Leaver CS","2023","Mixed","Finance","Food Standards Agency","Outside London","[c]","[c]","[c]","[c]"
"Leaver CS","2023","Mixed","Finance","Foreign, Commonwealth and Development Office","Outside London","[c]","[c]","[c]","[c]"
"Leaver CS","2023","Mixed","Finance","HM Land Registry","London","[c]","[c]","[c]","[c]"
"Leaver CS","2023","Mixed","Finance","HM Land Registry","Outside London","[c]","[c]","[c]","[c]"
"Leaver CS","2023","Mixed","Finance","HM Revenue and Customs","London","[c]","[c]","[c]","[c]"
"Leaver CS","2023","Mixed","Finance","HM Revenue and Customs","Outside London","[c]","[c]","[c]","[c]"
"Leaver CS","2023","Mixed","Finance","HM Treasury","London","[c]","[c]","[c]","[c]"
"Leaver CS","2023","Mixed","Finance","HM Treasury","Outside London","[c]","[c]","[c]","[c]"
"Leaver CS","2023","Mixed","Finance","Home Office","London","[c]","[c]","[c]","[c]"
"Leaver CS","2023","Mixed","Finance","Home Office","Outside London","[c]","[c]","[c]","[c]"
"Leaver CS","2023","Mixed","Finance","Home Office","Unknown","[c]","[c]","[c]","[c]"
"Leaver CS","2023","Mixed","Finance","Ministry of Defence","London","[c]","[c]","[c]","[c]"
"Leaver CS","2023","Mixed","Finance","Ministry of Defence","Outside London","[c]","[c]","[c]","[c]"
"Leaver CS","2023","Mixed","Finance","Ministry of Defence","Overseas","[c]","[c]","[c]","[c]"
"Leaver CS","2023","Mixed","Finance","Ministry of Defence","Unknown","[c]","[c]","[c]","[c]"
"Leaver CS","2023","Mixed","Finance","Ministry of Justice","London","[c]","[c]","[c]","[c]"
"Leaver CS","2023","Mixed","Finance","Ministry of Justice","Outside London","[c]","[c]","[c]","[c]"
"Leaver CS","2023","Mixed","Finance","Ministry of Justice","Unknown","[c]","[c]","[c]","[c]"
"Leaver CS","2023","Mixed","Finance","National Crime Agency","London","[c]","[c]","[c]","[c]"
"Leaver CS","2023","Mixed","Finance","National Crime Agency","Outside London","[c]","[c]","[c]","[c]"
"Leaver CS","2023","Mixed","Finance","Office for Standards in Education, Children's Services and Skills","Outside London","[c]","[c]","[c]","[c]"
"Leaver CS","2023","Mixed","Finance","Office of Gas and Electricity Markets","London","[c]","[c]","[c]","[c]"
"Leaver CS","2023","Mixed","Finance","Office of Qualifications and Examinations Regulation","Outside London","[c]","[c]","[c]","[c]"
"Leaver CS","2023","Mixed","Finance","Office of Rail and Road","London","[c]","[c]","[c]","[c]"
"Leaver CS","2023","Mixed","Finance","Scottish Government","Outside London","[c]","[c]","[c]","[c]"
"Leaver CS","2023","Mixed","Finance","The National Archives","London","[c]","[c]","[c]","[c]"
"Leaver CS","2023","Mixed","Finance","UK Export Finance","London","[c]","[c]","[c]","[c]"
"Leaver CS","2023","Mixed","Finance","UK Statistics Authority","London","[c]","[c]","[c]","[c]"
"Leaver CS","2023","Mixed","Finance","UK Statistics Authority","Outside London","[c]","[c]","[c]","[c]"
"Leaver CS","2023","Mixed","Finance","Water Services Regulation Authority","Outside London","[c]","[c]","[c]","[c]"
"Leaver CS","2023","Mixed","Finance","Welsh Government","Outside London","[c]","[c]","[c]","[c]"
"Leaver CS","2023","Mixed","Grants Management","Department for Environment, Food and Rural Affairs","Outside London","[c]","[c]","[c]","[c]"
"Leaver CS","2023","Mixed","Human Resources","Attorney General's Departments","London","[c]","[c]","[c]","[c]"
"Leaver CS","2023","Mixed","Human Resources","Attorney General's Departments","Outside London","[c]","[c]","[c]","[c]"
"Leaver CS","2023","Mixed","Human Resources","Cabinet Office","London","[c]","[c]","[c]","[c]"
"Leaver CS","2023","Mixed","Human Resources","Cabinet Office","Outside London","[c]","[c]","[c]","[c]"
"Leaver CS","2023","Mixed","Human Resources","Cabinet Office","Unknown","[c]","[c]","[c]","[c]"
"Leaver CS","2023","Mixed","Human Resources","Chancellor's other departments","London","[c]","[c]","[c]","[c]"
"Leaver CS","2023","Mixed","Human Resources","Charity Commission","Outside London","[c]","[c]","[c]","[c]"
"Leaver CS","2023","Mixed","Human Resources","Competition and Markets Authority","London","[c]","[c]","[c]","[c]"
"Leaver CS","2023","Mixed","Human Resources","Competition and Markets Authority","Outside London","[c]","[c]","[c]","[c]"
"Leaver CS","2023","Mixed","Human Resources","Department for Business, Energy and Industrial Strategy","London","[c]","[c]","[c]","[c]"
"Leaver CS","2023","Mixed","Human Resources","Department for Business, Energy and Industrial Strategy","Outside London","[c]","[c]","[c]","[c]"
"Leaver CS","2023","Mixed","Human Resources","Department for Digital, Culture, Media and Sport","London","[c]","[c]","[c]","[c]"
"Leaver CS","2023","Mixed","Human Resources","Department for Education","London","[c]","[c]","[c]","[c]"
"Leaver CS","2023","Mixed","Human Resources","Department for Education","Outside London","[c]","[c]","[c]","[c]"
"Leaver CS","2023","Mixed","Human Resources","Department for Environment, Food and Rural Affairs","London","[c]","[c]","[c]","[c]"
"Leaver CS","2023","Mixed","Human Resources","Department for Environment, Food and Rural Affairs","Outside London","[c]","[c]","[c]","[c]"
"Leaver CS","2023","Mixed","Human Resources","Department for International Trade","London","[c]","[c]","[c]","[c]"
"Leaver CS","2023","Mixed","Human Resources","Department for International Trade","Outside London","[c]","[c]","[c]","[c]"
"Leaver CS","2023","Mixed","Human Resources","Department for Levelling Up, Housing and Communities","London","[c]","[c]","[c]","[c]"
"Leaver CS","2023","Mixed","Human Resources","Department for Levelling Up, Housing and Communities","Outside London","[c]","[c]","[c]","[c]"
"Leaver CS","2023","Mixed","Human Resources","Department for Transport","London","[c]","[c]","[c]","[c]"
"Leaver CS","2023","Mixed","Human Resources","Department for Transport","Outside London","[c]","[c]","[c]","[c]"
"Leaver CS","2023","Mixed","Human Resources","Department for Work and Pensions","London","[c]","[c]","[c]","[c]"
"Leaver CS","2023","Mixed","Human Resources","Department for Work and Pensions","Outside London","[c]","[c]","[c]","[c]"
"Leaver CS","2023","Mixed","Human Resources","Department of Health and Social Care","London","[c]","[c]","[c]","[c]"
"Leaver CS","2023","Mixed","Human Resources","Department of Health and Social Care","Outside London","[c]","[c]","[c]","[c]"
"Leaver CS","2023","Mixed","Human Resources","Estyn","Outside London","[c]","[c]","[c]","[c]"
"Leaver CS","2023","Mixed","Human Resources","Food Standards Agency","Outside London","[c]","[c]","[c]","[c]"
"Leaver CS","2023","Mixed","Human Resources","Foreign, Commonwealth and Development Office","London","[c]","[c]","[c]","[c]"
"Leaver CS","2023","Mixed","Human Resources","Foreign, Commonwealth and Development Office","Outside London","[c]","[c]","[c]","[c]"
"Leaver CS","2023","Mixed","Human Resources","HM Land Registry","Outside London","[c]","[c]","[c]","[c]"
"Leaver CS","2023","Mixed","Human Resources","HM Revenue and Customs","London","[c]","[c]","[c]","[c]"
"Leaver CS","2023","Mixed","Human Resources","HM Revenue and Customs","Outside London","[c]","[c]","[c]","[c]"
"Leaver CS","2023","Mixed","Human Resources","HM Treasury","London","[c]","[c]","[c]","[c]"
"Leaver CS","2023","Mixed","Human Resources","HM Treasury","Outside London","[c]","[c]","[c]","[c]"
"Leaver CS","2023","Mixed","Human Resources","Home Office","London","[c]","[c]","[c]","[c]"
"Leaver CS","2023","Mixed","Human Resources","Home Office","Outside London","[c]","[c]","[c]","[c]"
"Leaver CS","2023","Mixed","Human Resources","Ministry of Defence","London","[c]","[c]","[c]","[c]"
"Leaver CS","2023","Mixed","Human Resources","Ministry of Defence","Outside London","5","[c]","[c]","[c]"
"Leaver CS","2023","Mixed","Human Resources","Ministry of Defence","Overseas","[c]","[c]","[c]","[c]"
"Leaver CS","2023","Mixed","Human Resources","Ministry of Defence","Unknown","[c]","[c]","[c]","[c]"
"Leaver CS","2023","Mixed","Human Resources","Ministry of Justice","London","[c]","[c]","[c]","[c]"
"Leaver CS","2023","Mixed","Human Resources","Ministry of Justice","Outside London","[c]","[c]","[c]","[c]"
"Leaver CS","2023","Mixed","Human Resources","National Crime Agency","London","[c]","[c]","[c]","[c]"
"Leaver CS","2023","Mixed","Human Resources","National Crime Agency","Outside London","[c]","[c]","[c]","[c]"
"Leaver CS","2023","Mixed","Human Resources","National Crime Agency","Unknown","[c]","[c]","[c]","[c]"
"Leaver CS","2023","Mixed","Human Resources","Northern Ireland Office","London","[c]","[c]","[c]","[c]"
"Leaver CS","2023","Mixed","Human Resources","Northern Ireland Office","Outside London","[c]","[c]","[c]","[c]"
"Leaver CS","2023","Mixed","Human Resources","Office for Standards in Education, Children's Services and Skills","Outside London","[c]","[c]","[c]","[c]"
"Leaver CS","2023","Mixed","Human Resources","Office of Gas and Electricity Markets","London","[c]","[c]","[c]","[c]"
"Leaver CS","2023","Mixed","Human Resources","Office of Gas and Electricity Markets","Outside London","[c]","[c]","[c]","[c]"
"Leaver CS","2023","Mixed","Human Resources","Office of Qualifications and Examinations Regulation","Outside London","[c]","[c]","[c]","[c]"
"Leaver CS","2023","Mixed","Human Resources","Office of Rail and Road","Outside London","[c]","[c]","[c]","[c]"
"Leaver CS","2023","Mixed","Human Resources","Office of the Secretary of State for Scotland","London","[c]","[c]","[c]","[c]"
"Leaver CS","2023","Mixed","Human Resources","Office of the Secretary of State for Wales","Outside London","[c]","[c]","[c]","[c]"
"Leaver CS","2023","Mixed","Human Resources","Scottish Government","Outside London","[c]","[c]","[c]","[c]"
"Leaver CS","2023","Mixed","Human Resources","The National Archives","London","[c]","[c]","[c]","[c]"
"Leaver CS","2023","Mixed","Human Resources","UK Statistics Authority","London","[c]","[c]","[c]","[c]"
"Leaver CS","2023","Mixed","Human Resources","UK Statistics Authority","Outside London","[c]","[c]","[c]","[c]"
"Leaver CS","2023","Mixed","Human Resources","Water Services Regulation Authority","Outside London","[c]","[c]","[c]","[c]"
"Leaver CS","2023","Mixed","Internal Audit","Department for Business, Energy and Industrial Strategy","Outside London","[c]","[c]","[c]","[c]"
"Leaver CS","2023","Mixed","Internal Audit","Department for Transport","Outside London","[c]","[c]","[c]","[c]"
"Leaver CS","2023","Mixed","Internal Audit","Foreign, Commonwealth and Development Office","Outside London","[c]","[c]","[c]","[c]"
"Leaver CS","2023","Mixed","Internal Audit","HM Land Registry","Outside London","[c]","[c]","[c]","[c]"
"Leaver CS","2023","Mixed","Internal Audit","HM Revenue and Customs","London","[c]","[c]","[c]","[c]"
"Leaver CS","2023","Mixed","Internal Audit","HM Revenue and Customs","Outside London","[c]","[c]","[c]","[c]"
"Leaver CS","2023","Mixed","Internal Audit","HM Treasury","London","[c]","[c]","[c]","[c]"
"Leaver CS","2023","Mixed","Internal Audit","HM Treasury","Outside London","[c]","[c]","[c]","[c]"
"Leaver CS","2023","Mixed","Internal Audit","HM Treasury","Unknown","[c]","[c]","[c]","[c]"
"Leaver CS","2023","Mixed","Internal Audit","Ministry of Defence","London","[c]","[c]","[c]","[c]"
"Leaver CS","2023","Mixed","Internal Audit","Ministry of Defence","Outside London","[c]","[c]","[c]","[c]"
"Leaver CS","2023","Mixed","Internal Audit","UK Export Finance","London","[c]","[c]","[c]","[c]"
"Leaver CS","2023","Mixed","Internal Audit","UK Statistics Authority","Outside London","[c]","[c]","[c]","[c]"
"Leaver CS","2023","Mixed","Legal","Attorney General's Departments","London","15","[c]","[c]","[c]"
"Leaver CS","2023","Mixed","Legal","Attorney General's Departments","Outside London","10","[c]","[c]","[c]"
"Leaver CS","2023","Mixed","Legal","Cabinet Office","London","[c]","[c]","[c]","[c]"
"Leaver CS","2023","Mixed","Legal","Competition and Markets Authority","London","[c]","[c]","[c]","[c]"
"Leaver CS","2023","Mixed","Legal","Competition and Markets Authority","Outside London","[c]","[c]","[c]","[c]"
"Leaver CS","2023","Mixed","Legal","Department for Business, Energy and Industrial Strategy","London","[c]","[c]","[c]","[c]"
"Leaver CS","2023","Mixed","Legal","Department for Business, Energy and Industrial Strategy","Outside London","[c]","[c]","[c]","[c]"
"Leaver CS","2023","Mixed","Legal","Department for Education","London","[c]","[c]","[c]","[c]"
"Leaver CS","2023","Mixed","Legal","Department for Education","Outside London","[c]","[c]","[c]","[c]"
"Leaver CS","2023","Mixed","Legal","Department for Transport","Outside London","[c]","[c]","[c]","[c]"
"Leaver CS","2023","Mixed","Legal","Department for Work and Pensions","Outside London","[c]","[c]","[c]","[c]"
"Leaver CS","2023","Mixed","Legal","Department of Health and Social Care","London","[c]","[c]","[c]","[c]"
"Leaver CS","2023","Mixed","Legal","Food Standards Agency","London","[c]","[c]","[c]","[c]"
"Leaver CS","2023","Mixed","Legal","Foreign, Commonwealth and Development Office","London","[c]","[c]","[c]","[c]"
"Leaver CS","2023","Mixed","Legal","Foreign, Commonwealth and Development Office","Outside London","[c]","[c]","[c]","[c]"
"Leaver CS","2023","Mixed","Legal","HM Land Registry","London","[c]","[c]","[c]","[c]"
"Leaver CS","2023","Mixed","Legal","HM Land Registry","Outside London","[c]","[c]","[c]","[c]"
"Leaver CS","2023","Mixed","Legal","HM Revenue and Customs","London","[c]","[c]","[c]","[c]"
"Leaver CS","2023","Mixed","Legal","HM Revenue and Customs","Outside London","[c]","[c]","[c]","[c]"
"Leaver CS","2023","Mixed","Legal","HM Treasury","London","[c]","[c]","[c]","[c]"
"Leaver CS","2023","Mixed","Legal","Ministry of Defence","London","[c]","[c]","[c]","[c]"
"Leaver CS","2023","Mixed","Legal","Ministry of Defence","Outside London","[c]","[c]","[c]","[c]"
"Leaver CS","2023","Mixed","Legal","Ministry of Defence","Overseas","[c]","[c]","[c]","[c]"
"Leaver CS","2023","Mixed","Legal","Ministry of Justice","London","[c]","[c]","[c]","[c]"
"Leaver CS","2023","Mixed","Legal","Ministry of Justice","Outside London","[c]","[c]","[c]","[c]"
"Leaver CS","2023","Mixed","Legal","National Crime Agency","London","[c]","[c]","[c]","[c]"
"Leaver CS","2023","Mixed","Legal","Office for Standards in Education, Children's Services and Skills","London","[c]","[c]","[c]","[c]"
"Leaver CS","2023","Mixed","Legal","Office of Gas and Electricity Markets","London","[c]","[c]","[c]","[c]"
"Leaver CS","2023","Mixed","Legal","Office of Gas and Electricity Markets","Outside London","[c]","[c]","[c]","[c]"
"Leaver CS","2023","Mixed","Legal","Office of Qualifications and Examinations Regulation","Outside London","[c]","[c]","[c]","[c]"
"Leaver CS","2023","Mixed","Legal","Office of Rail and Road","London","[c]","[c]","[c]","[c]"
"Leaver CS","2023","Mixed","Legal","Scottish Government","Outside London","[c]","[c]","[c]","[c]"
"Leaver CS","2023","Mixed","Legal","The National Archives","London","[c]","[c]","[c]","[c]"
"Leaver CS","2023","Mixed","Legal","UK Export Finance","London","[c]","[c]","[c]","[c]"
"Leaver CS","2023","Mixed","Legal","UK Supreme Court","London","[c]","[c]","[c]","[c]"
"Leaver CS","2023","Mixed","Legal","Water Services Regulation Authority","Outside London","[c]","[c]","[c]","[c]"
"Leaver CS","2023","Mixed","No function","Attorney General's Departments","London","[c]","[c]","[c]","[c]"
"Leaver CS","2023","Mixed","No function","Cabinet Office","London","[c]","[c]","[c]","[c]"
"Leaver CS","2023","Mixed","No function","Cabinet Office","Outside London","[c]","[c]","[c]","[c]"
"Leaver CS","2023","Mixed","No function","Cabinet Office","Unknown","[c]","[c]","[c]","[c]"
"Leaver CS","2023","Mixed","No function","Chancellor's other departments","London","[c]","[c]","[c]","[c]"
"Leaver CS","2023","Mixed","No function","Chancellor's other departments","Outside London","[c]","[c]","[c]","[c]"
"Leaver CS","2023","Mixed","No function","Charity Commission","London","[c]","[c]","[c]","[c]"
"Leaver CS","2023","Mixed","No function","Charity Commission","Outside London","[c]","[c]","[c]","[c]"
"Leaver CS","2023","Mixed","No function","Department for Business, Energy and Industrial Strategy","London","25","[c]","[c]","[c]"
"Leaver CS","2023","Mixed","No function","Department for Business, Energy and Industrial Strategy","Outside London","[c]","[c]","[c]","[c]"
"Leaver CS","2023","Mixed","No function","Department for Digital, Culture, Media and Sport","London","10","[c]","[c]","[c]"
"Leaver CS","2023","Mixed","No function","Department for Education","London","[c]","[c]","[c]","[c]"
"Leaver CS","2023","Mixed","No function","Department for Education","Outside London","[c]","[c]","[c]","[c]"
"Leaver CS","2023","Mixed","No function","Department for Environment, Food and Rural Affairs","London","15","[c]","[c]","[c]"
"Leaver CS","2023","Mixed","No function","Department for Environment, Food and Rural Affairs","Outside London","10","[c]","[c]","[c]"
"Leaver CS","2023","Mixed","No function","Department for Environment, Food and Rural Affairs","Unknown","[c]","[c]","[c]","[c]"
"Leaver CS","2023","Mixed","No function","Department for International Trade","London","[c]","[c]","[c]","[c]"
"Leaver CS","2023","Mixed","No function","Department for International Trade","Outside London","[c]","[c]","[c]","[c]"
"Leaver CS","2023","Mixed","No function","Department for International Trade","Overseas","[c]","[c]","[c]","[c]"
"Leaver CS","2023","Mixed","No function","Department for Levelling Up, Housing and Communities","London","[c]","[c]","[c]","[c]"
"Leaver CS","2023","Mixed","No function","Department for Levelling Up, Housing and Communities","Outside London","5","[c]","[c]","[c]"
"Leaver CS","2023","Mixed","No function","Department for Transport","London","5","[c]","[c]","[c]"
"Leaver CS","2023","Mixed","No function","Department for Transport","Outside London","20","[c]","[c]","[c]"
"Leaver CS","2023","Mixed","No function","Department for Work and Pensions","London","45","[c]","30480","31060"
"Leaver CS","2023","Mixed","No function","Department for Work and Pensions","Outside London","115","[c]","26650","27570"
"Leaver CS","2023","Mixed","No function","Department for Work and Pensions","Unknown","[c]","[c]","[c]","[c]"
"Leaver CS","2023","Mixed","No function","Department of Health and Social Care","London","30","[c]","[c]","[c]"
"Leaver CS","2023","Mixed","No function","Department of Health and Social Care","Outside London","30","[c]","[c]","[c]"
"Leaver CS","2023","Mixed","No function","Department of Health and Social Care","Overseas","[c]","[c]","[c]","[c]"
"Leaver CS","2023","Mixed","No function","Food Standards Agency","London","[c]","[c]","[c]","[c]"
"Leaver CS","2023","Mixed","No function","Food Standards Agency","Outside London","[c]","[c]","[c]","[c]"
"Leaver CS","2023","Mixed","No function","HM Land Registry","London","[c]","[c]","[c]","[c]"
"Leaver CS","2023","Mixed","No function","HM Land Registry","Outside London","[c]","[c]","[c]","[c]"
"Leaver CS","2023","Mixed","No function","HM Revenue and Customs","London","5","[c]","[c]","[c]"
"Leaver CS","2023","Mixed","No function","HM Revenue and Customs","Outside London","30","[c]","[c]","[c]"
"Leaver CS","2023","Mixed","No function","HM Treasury","London","15","[c]","[c]","[c]"
"Leaver CS","2023","Mixed","No function","HM Treasury","Outside London","[c]","[c]","[c]","[c]"
"Leaver CS","2023","Mixed","No function","Home Office","London","20","[c]","[c]","[c]"
"Leaver CS","2023","Mixed","No function","Home Office","Outside London","15","[c]","[c]","[c]"
"Leaver CS","2023","Mixed","No function","Home Office","Overseas","[c]","[c]","[c]","[c]"
"Leaver CS","2023","Mixed","No function","Home Office","Unknown","[c]","[c]","[c]","[c]"
"Leaver CS","2023","Mixed","No function","Ministry of Defence","London","5","[c]","[c]","[c]"
"Leaver CS","2023","Mixed","No function","Ministry of Defence","Outside London","15","[c]","[c]","[c]"
"Leaver CS","2023","Mixed","No function","Ministry of Defence","Overseas","[c]","[c]","[c]","[c]"
"Leaver CS","2023","Mixed","No function","Ministry of Defence","Unknown","[c]","[c]","[c]","[c]"
"Leaver CS","2023","Mixed","No function","Ministry of Justice","London","60","[c]","[c]","[c]"
"Leaver CS","2023","Mixed","No function","Ministry of Justice","Outside London","165","[c]","[c]","[c]"
"Leaver CS","2023","Mixed","No function","Ministry of Justice","Unknown","[c]","[c]","[c]","[c]"
"Leaver CS","2023","Mixed","No function","National Crime Agency","London","[c]","[c]","[c]","[c]"
"Leaver CS","2023","Mixed","No function","National Crime Agency","Outside London","[c]","[c]","[c]","[c]"
"Leaver CS","2023","Mixed","No function","National Crime Agency","Overseas","[c]","[c]","[c]","[c]"
"Leaver CS","2023","Mixed","No function","National Crime Agency","Unknown","[c]","[c]","[c]","[c]"
"Leaver CS","2023","Mixed","No function","Office for Standards in Education, Children's Services and Skills","London","[c]","[c]","[c]","[c]"
"Leaver CS","2023","Mixed","No function","Office for Standards in Education, Children's Services and Skills","Outside London","[c]","[c]","[c]","[c]"
"Leaver CS","2023","Mixed","No function","Office of Gas and Electricity Markets","London","[c]","[c]","[c]","[c]"
"Leaver CS","2023","Mixed","No function","Office of Gas and Electricity Markets","Outside London","[c]","[c]","[c]","[c]"
"Leaver CS","2023","Mixed","No function","Office of Qualifications and Examinations Regulation","Outside London","[c]","[c]","[c]","[c]"
"Leaver CS","2023","Mixed","No function","Office of Rail and Road","London","[c]","[c]","[c]","[c]"
"Leaver CS","2023","Mixed","No function","Office of Rail and Road","Outside London","[c]","[c]","[c]","[c]"
"Leaver CS","2023","Mixed","No function","Office of the Secretary of State for Scotland","London","[c]","[c]","[c]","[c]"
"Leaver CS","2023","Mixed","No function","Office of the Secretary of State for Wales","London","[c]","[c]","[c]","[c]"
"Leaver CS","2023","Mixed","No function","Office of the Secretary of State for Wales","Outside London","[c]","[c]","[c]","[c]"
"Leaver CS","2023","Mixed","No function","Scottish Government","Outside London","[c]","[c]","[c]","[c]"
"Leaver CS","2023","Mixed","No function","The National Archives","London","[c]","[c]","[c]","[c]"
"Leaver CS","2023","Mixed","No function","UK Statistics Authority","London","[c]","[c]","[c]","[c]"
"Leaver CS","2023","Mixed","No function","UK Statistics Authority","Outside London","5","[c]","[c]","[c]"
"Leaver CS","2023","Mixed","No function","Water Services Regulation Authority","Outside London","[c]","[c]","[c]","[c]"
"Leaver CS","2023","Mixed","Project Delivery","Attorney General's Departments","London","[c]","[c]","[c]","[c]"
"Leaver CS","2023","Mixed","Project Delivery","Cabinet Office","London","[c]","[c]","[c]","[c]"
"Leaver CS","2023","Mixed","Project Delivery","Cabinet Office","Outside London","[c]","[c]","[c]","[c]"
"Leaver CS","2023","Mixed","Project Delivery","Cabinet Office","Unknown","[c]","[c]","[c]","[c]"
"Leaver CS","2023","Mixed","Project Delivery","Chancellor's other departments","London","[c]","[c]","[c]","[c]"
"Leaver CS","2023","Mixed","Project Delivery","Charity Commission","London","[c]","[c]","[c]","[c]"
"Leaver CS","2023","Mixed","Project Delivery","Charity Commission","Outside London","[c]","[c]","[c]","[c]"
"Leaver CS","2023","Mixed","Project Delivery","Competition and Markets Authority","London","[c]","[c]","[c]","[c]"
"Leaver CS","2023","Mixed","Project Delivery","Competition and Markets Authority","Outside London","[c]","[c]","[c]","[c]"
"Leaver CS","2023","Mixed","Project Delivery","Department for Business, Energy and Industrial Strategy","London","[c]","[c]","[c]","[c]"
"Leaver CS","2023","Mixed","Project Delivery","Department for Business, Energy and Industrial Strategy","Outside London","[c]","[c]","[c]","[c]"
"Leaver CS","2023","Mixed","Project Delivery","Department for Digital, Culture, Media and Sport","London","[c]","[c]","[c]","[c]"
"Leaver CS","2023","Mixed","Project Delivery","Department for Education","London","[c]","[c]","[c]","[c]"
"Leaver CS","2023","Mixed","Project Delivery","Department for Education","Outside London","[c]","[c]","[c]","[c]"
"Leaver CS","2023","Mixed","Project Delivery","Department for Environment, Food and Rural Affairs","London","[c]","[c]","[c]","[c]"
"Leaver CS","2023","Mixed","Project Delivery","Department for Environment, Food and Rural Affairs","Outside London","[c]","[c]","[c]","[c]"
"Leaver CS","2023","Mixed","Project Delivery","Department for International Trade","London","[c]","[c]","[c]","[c]"
"Leaver CS","2023","Mixed","Project Delivery","Department for International Trade","Outside London","[c]","[c]","[c]","[c]"
"Leaver CS","2023","Mixed","Project Delivery","Department for Levelling Up, Housing and Communities","London","[c]","[c]","[c]","[c]"
"Leaver CS","2023","Mixed","Project Delivery","Department for Levelling Up, Housing and Communities","Outside London","[c]","[c]","[c]","[c]"
"Leaver CS","2023","Mixed","Project Delivery","Department for Transport","London","[c]","[c]","[c]","[c]"
"Leaver CS","2023","Mixed","Project Delivery","Department for Transport","Outside London","[c]","[c]","[c]","[c]"
"Leaver CS","2023","Mixed","Project Delivery","Department for Work and Pensions","London","[c]","[c]","[c]","[c]"
"Leaver CS","2023","Mixed","Project Delivery","Department for Work and Pensions","Outside London","[c]","[c]","[c]","[c]"
"Leaver CS","2023","Mixed","Project Delivery","Department of Health and Social Care","London","[c]","[c]","[c]","[c]"
"Leaver CS","2023","Mixed","Project Delivery","Department of Health and Social Care","Outside London","[c]","[c]","[c]","[c]"
"Leaver CS","2023","Mixed","Project Delivery","Department of Health and Social Care","Unknown","[c]","[c]","[c]","[c]"
"Leaver CS","2023","Mixed","Project Delivery","Estyn","Outside London","[c]","[c]","[c]","[c]"
"Leaver CS","2023","Mixed","Project Delivery","Food Standards Agency","London","[c]","[c]","[c]","[c]"
"Leaver CS","2023","Mixed","Project Delivery","Food Standards Agency","Outside London","[c]","[c]","[c]","[c]"
"Leaver CS","2023","Mixed","Project Delivery","Foreign, Commonwealth and Development Office","London","[c]","[c]","[c]","[c]"
"Leaver CS","2023","Mixed","Project Delivery","Foreign, Commonwealth and Development Office","Outside London","[c]","[c]","[c]","[c]"
"Leaver CS","2023","Mixed","Project Delivery","HM Land Registry","London","[c]","[c]","[c]","[c]"
"Leaver CS","2023","Mixed","Project Delivery","HM Land Registry","Outside London","[c]","[c]","[c]","[c]"
"Leaver CS","2023","Mixed","Project Delivery","HM Revenue and Customs","London","[c]","[c]","[c]","[c]"
"Leaver CS","2023","Mixed","Project Delivery","HM Revenue and Customs","Outside London","[c]","[c]","[c]","[c]"
"Leaver CS","2023","Mixed","Project Delivery","HM Treasury","London","[c]","[c]","[c]","[c]"
"Leaver CS","2023","Mixed","Project Delivery","Home Office","London","[c]","[c]","[c]","[c]"
"Leaver CS","2023","Mixed","Project Delivery","Ministry of Defence","London","[c]","[c]","[c]","[c]"
"Leaver CS","2023","Mixed","Project Delivery","Ministry of Defence","Outside London","10","[c]","[c]","[c]"
"Leaver CS","2023","Mixed","Project Delivery","Ministry of Defence","Overseas","[c]","[c]","[c]","[c]"
"Leaver CS","2023","Mixed","Project Delivery","Ministry of Justice","London","[c]","[c]","[c]","[c]"
"Leaver CS","2023","Mixed","Project Delivery","Ministry of Justice","Outside London","[c]","[c]","[c]","[c]"
"Leaver CS","2023","Mixed","Project Delivery","National Crime Agency","London","[c]","[c]","[c]","[c]"
"Leaver CS","2023","Mixed","Project Delivery","National Crime Agency","Outside London","[c]","[c]","[c]","[c]"
"Leaver CS","2023","Mixed","Project Delivery","Office of Gas and Electricity Markets","London","[c]","[c]","[c]","[c]"
"Leaver CS","2023","Mixed","Project Delivery","Office of Gas and Electricity Markets","Outside London","[c]","[c]","[c]","[c]"
"Leaver CS","2023","Mixed","Project Delivery","Scottish Government","Outside London","[c]","[c]","[c]","[c]"
"Leaver CS","2023","Mixed","Project Delivery","UK Export Finance","London","[c]","[c]","[c]","[c]"
"Leaver CS","2023","Mixed","Project Delivery","UK Statistics Authority","London","[c]","[c]","[c]","[c]"
"Leaver CS","2023","Mixed","Project Delivery","UK Statistics Authority","Outside London","[c]","[c]","[c]","[c]"
"Leaver CS","2023","Mixed","Project Delivery","Water Services Regulation Authority","Outside London","[c]","[c]","[c]","[c]"
"Leaver CS","2023","Mixed","Property","Attorney General's Departments","London","[c]","[c]","[c]","[c]"
"Leaver CS","2023","Mixed","Property","Cabinet Office","London","[c]","[c]","[c]","[c]"
"Leaver CS","2023","Mixed","Property","Cabinet Office","Outside London","[c]","[c]","[c]","[c]"
"Leaver CS","2023","Mixed","Property","Cabinet Office","Unknown","[c]","[c]","[c]","[c]"
"Leaver CS","2023","Mixed","Property","Competition and Markets Authority","London","[c]","[c]","[c]","[c]"
"Leaver CS","2023","Mixed","Property","Department for Business, Energy and Industrial Strategy","London","[c]","[c]","[c]","[c]"
"Leaver CS","2023","Mixed","Property","Department for Business, Energy and Industrial Strategy","Outside London","[c]","[c]","[c]","[c]"
"Leaver CS","2023","Mixed","Property","Department for Digital, Culture, Media and Sport","London","[c]","[c]","[c]","[c]"
"Leaver CS","2023","Mixed","Property","Department for Environment, Food and Rural Affairs","London","[c]","[c]","[c]","[c]"
"Leaver CS","2023","Mixed","Property","Department for Environment, Food and Rural Affairs","Outside London","[c]","[c]","[c]","[c]"
"Leaver CS","2023","Mixed","Property","Department for Levelling Up, Housing and Communities","London","[c]","[c]","[c]","[c]"
"Leaver CS","2023","Mixed","Property","Department for Transport","London","[c]","[c]","[c]","[c]"
"Leaver CS","2023","Mixed","Property","Department for Transport","Outside London","[c]","[c]","[c]","[c]"
"Leaver CS","2023","Mixed","Property","Department for Work and Pensions","London","[c]","[c]","[c]","[c]"
"Leaver CS","2023","Mixed","Property","Department for Work and Pensions","Outside London","[c]","[c]","[c]","[c]"
"Leaver CS","2023","Mixed","Property","Department for Work and Pensions","Unknown","[c]","[c]","[c]","[c]"
"Leaver CS","2023","Mixed","Property","Department of Health and Social Care","London","[c]","[c]","[c]","[c]"
"Leaver CS","2023","Mixed","Property","Department of Health and Social Care","Outside London","[c]","[c]","[c]","[c]"
"Leaver CS","2023","Mixed","Property","Foreign, Commonwealth and Development Office","London","[c]","[c]","[c]","[c]"
"Leaver CS","2023","Mixed","Property","Foreign, Commonwealth and Development Office","Outside London","[c]","[c]","[c]","[c]"
"Leaver CS","2023","Mixed","Property","HM Land Registry","Outside London","[c]","[c]","[c]","[c]"
"Leaver CS","2023","Mixed","Property","HM Revenue and Customs","London","[c]","[c]","[c]","[c]"
"Leaver CS","2023","Mixed","Property","HM Revenue and Customs","Outside London","[c]","[c]","[c]","[c]"
"Leaver CS","2023","Mixed","Property","Home Office","London","[c]","[c]","[c]","[c]"
"Leaver CS","2023","Mixed","Property","Home Office","Outside London","[c]","[c]","[c]","[c]"
"Leaver CS","2023","Mixed","Property","Ministry of Defence","London","[c]","[c]","[c]","[c]"
"Leaver CS","2023","Mixed","Property","Ministry of Defence","Outside London","[c]","[c]","[c]","[c]"
"Leaver CS","2023","Mixed","Property","Ministry of Defence","Overseas","[c]","[c]","[c]","[c]"
"Leaver CS","2023","Mixed","Property","Ministry of Defence","Unknown","[c]","[c]","[c]","[c]"
"Leaver CS","2023","Mixed","Property","Ministry of Justice","London","[c]","[c]","[c]","[c]"
"Leaver CS","2023","Mixed","Property","Ministry of Justice","Outside London","[c]","[c]","[c]","[c]"
"Leaver CS","2023","Mixed","Property","Ministry of Justice","Unknown","[c]","[c]","[c]","[c]"
"Leaver CS","2023","Mixed","Property","National Crime Agency","London","[c]","[c]","[c]","[c]"
"Leaver CS","2023","Mixed","Property","Office of Rail and Road","London","[c]","[c]","[c]","[c]"
"Leaver CS","2023","Mixed","Property","Scottish Government","Outside London","[c]","[c]","[c]","[c]"
"Leaver CS","2023","Mixed","Property","The National Archives","London","[c]","[c]","[c]","[c]"
"Leaver CS","2023","Mixed","Property","UK Statistics Authority","Outside London","[c]","[c]","[c]","[c]"
"Leaver CS","2023","Mixed","Property","UK Supreme Court","London","[c]","[c]","[c]","[c]"
"Leaver CS","2023","Mixed","Security","Cabinet Office","London","[c]","[c]","[c]","[c]"
"Leaver CS","2023","Mixed","Security","Cabinet Office","Outside London","[c]","[c]","[c]","[c]"
"Leaver CS","2023","Mixed","Security","Cabinet Office","Unknown","[c]","[c]","[c]","[c]"
"Leaver CS","2023","Mixed","Security","Department for Business, Energy and Industrial Strategy","London","[c]","[c]","[c]","[c]"
"Leaver CS","2023","Mixed","Security","Department for Business, Energy and Industrial Strategy","Outside London","[c]","[c]","[c]","[c]"
"Leaver CS","2023","Mixed","Security","Department for Education","Outside London","[c]","[c]","[c]","[c]"
"Leaver CS","2023","Mixed","Security","Department for Transport","Outside London","[c]","[c]","[c]","[c]"
"Leaver CS","2023","Mixed","Security","Department for Work and Pensions","Outside London","[c]","[c]","[c]","[c]"
"Leaver CS","2023","Mixed","Security","Estyn","Outside London","[c]","[c]","[c]","[c]"
"Leaver CS","2023","Mixed","Security","Food Standards Agency","Outside London","[c]","[c]","[c]","[c]"
"Leaver CS","2023","Mixed","Security","Foreign, Commonwealth and Development Office","London","[c]","[c]","[c]","[c]"
"Leaver CS","2023","Mixed","Security","Foreign, Commonwealth and Development Office","Outside London","[c]","[c]","[c]","[c]"
"Leaver CS","2023","Mixed","Security","Foreign, Commonwealth and Development Office","Overseas","[c]","[c]","[c]","[c]"
"Leaver CS","2023","Mixed","Security","HM Revenue and Customs","London","[c]","[c]","[c]","[c]"
"Leaver CS","2023","Mixed","Security","HM Revenue and Customs","Outside London","[c]","[c]","[c]","[c]"
"Leaver CS","2023","Mixed","Security","Home Office","London","[c]","[c]","[c]","[c]"
"Leaver CS","2023","Mixed","Security","Home Office","Outside London","[c]","[c]","[c]","[c]"
"Leaver CS","2023","Mixed","Security","Ministry of Defence","London","[c]","[c]","[c]","[c]"
"Leaver CS","2023","Mixed","Security","Ministry of Defence","Outside London","[c]","[c]","[c]","[c]"
"Leaver CS","2023","Mixed","Security","Ministry of Defence","Overseas","[c]","[c]","[c]","[c]"
"Leaver CS","2023","Mixed","Security","Ministry of Defence","Unknown","[c]","[c]","[c]","[c]"
"Leaver CS","2023","Mixed","Security","Ministry of Justice","London","[c]","[c]","[c]","[c]"
"Leaver CS","2023","Mixed","Security","Ministry of Justice","Outside London","[c]","[c]","[c]","[c]"
"Leaver CS","2023","Mixed","Security","National Crime Agency","London","[c]","[c]","[c]","[c]"
"Leaver CS","2023","Mixed","Security","National Crime Agency","Outside London","[c]","[c]","[c]","[c]"
"Leaver CS","2023","Mixed","Security","Office of Gas and Electricity Markets","London","[c]","[c]","[c]","[c]"
"Leaver CS","2023","Mixed","Security","UK Statistics Authority","Outside London","[c]","[c]","[c]","[c]"
"Leaver CS","2023","Mixed","Unknown","Attorney General's Departments","London","[c]","[c]","[c]","[c]"
"Leaver CS","2023","Mixed","Unknown","Attorney General's Departments","Outside London","[c]","[c]","[c]","[c]"
"Leaver CS","2023","Mixed","Unknown","Cabinet Office","London","[c]","[c]","[c]","[c]"
"Leaver CS","2023","Mixed","Unknown","Cabinet Office","Outside London","[c]","[c]","[c]","[c]"
"Leaver CS","2023","Mixed","Unknown","Cabinet Office","Unknown","[c]","[c]","[c]","[c]"
"Leaver CS","2023","Mixed","Unknown","Department for Business, Energy and Industrial Strategy","London","[c]","[c]","[c]","[c]"
"Leaver CS","2023","Mixed","Unknown","Department for Business, Energy and Industrial Strategy","Outside London","[c]","[c]","[c]","[c]"
"Leaver CS","2023","Mixed","Unknown","Department for Education","London","[c]","[c]","[c]","[c]"
"Leaver CS","2023","Mixed","Unknown","Department for Education","Outside London","[c]","[c]","[c]","[c]"
"Leaver CS","2023","Mixed","Unknown","Department for Environment, Food and Rural Affairs","London","[c]","[c]","[c]","[c]"
"Leaver CS","2023","Mixed","Unknown","Department for Environment, Food and Rural Affairs","Outside London","[c]","[c]","[c]","[c]"
"Leaver CS","2023","Mixed","Unknown","Department for International Trade","London","[c]","[c]","[c]","[c]"
"Leaver CS","2023","Mixed","Unknown","Department for International Trade","Outside London","[c]","[c]","[c]","[c]"
"Leaver CS","2023","Mixed","Unknown","Department for Work and Pensions","London","[c]","[c]","[c]","[c]"
"Leaver CS","2023","Mixed","Unknown","Department for Work and Pensions","Outside London","[c]","[c]","[c]","[c]"
"Leaver CS","2023","Mixed","Unknown","Department of Health and Social Care","London","20","[c]","[c]","[c]"
"Leaver CS","2023","Mixed","Unknown","Department of Health and Social Care","Outside London","[c]","[c]","[c]","[c]"
"Leaver CS","2023","Mixed","Unknown","Department of Health and Social Care","Unknown","[c]","[c]","[c]","[c]"
"Leaver CS","2023","Mixed","Unknown","Food Standards Agency","Outside London","[c]","[c]","[c]","[c]"
"Leaver CS","2023","Mixed","Unknown","Foreign, Commonwealth and Development Office","London","10","[c]","[c]","[c]"
"Leaver CS","2023","Mixed","Unknown","Foreign, Commonwealth and Development Office","Outside London","[c]","[c]","[c]","[c]"
"Leaver CS","2023","Mixed","Unknown","Foreign, Commonwealth and Development Office","Overseas","[c]","[c]","[c]","[c]"
"Leaver CS","2023","Mixed","Unknown","Ministry of Defence","London","[c]","[c]","[c]","[c]"
"Leaver CS","2023","Mixed","Unknown","Ministry of Defence","Outside London","[c]","[c]","[c]","[c]"
"Leaver CS","2023","Mixed","Unknown","Ministry of Defence","Overseas","[c]","[c]","[c]","[c]"
"Leaver CS","2023","Mixed","Unknown","Ministry of Defence","Unknown","[c]","[c]","[c]","[c]"
"Leaver CS","2023","Mixed","Unknown","Northern Ireland Office","London","[c]","[c]","[c]","[c]"
"Leaver CS","2023","Mixed","Unknown","Northern Ireland Office","Outside London","[c]","[c]","[c]","[c]"
"Leaver CS","2023","Mixed","Unknown","Office of Gas and Electricity Markets","London","[c]","[c]","[c]","[c]"
"Leaver CS","2023","Mixed","Unknown","Office of Gas and Electricity Markets","Outside London","[c]","[c]","[c]","[c]"
"Leaver CS","2023","Mixed","Unknown","Office of the Secretary of State for Scotland","London","[c]","[c]","[c]","[c]"
"Leaver CS","2023","Mixed","Unknown","Office of the Secretary of State for Scotland","Outside London","[c]","[c]","[c]","[c]"
"Leaver CS","2023","Mixed","Unknown","Scottish Government","London","[c]","[c]","[c]","[c]"
"Leaver CS","2023","Mixed","Unknown","Scottish Government","Outside London","5","[c]","[c]","[c]"
"Leaver CS","2023","Mixed","Unknown","Scottish Government","Overseas","[c]","[c]","[c]","[c]"
"Leaver CS","2023","Mixed","Unknown","Welsh Government","Outside London","[c]","[c]","[c]","[c]"
"Leaver CS","2023","Other ethnicity","Analysis","Cabinet Office","London","[c]","[c]","[c]","[c]"
"Leaver CS","2023","Other ethnicity","Analysis","Cabinet Office","Outside London","[c]","[c]","[c]","[c]"
"Leaver CS","2023","Other ethnicity","Analysis","Cabinet Office","Unknown","[c]","[c]","[c]","[c]"
"Leaver CS","2023","Other ethnicity","Analysis","Chancellor's other departments","London","[c]","[c]","[c]","[c]"
"Leaver CS","2023","Other ethnicity","Analysis","Chancellor's other departments","Outside London","[c]","[c]","[c]","[c]"
"Leaver CS","2023","Other ethnicity","Analysis","Competition and Markets Authority","London","[c]","[c]","[c]","[c]"
"Leaver CS","2023","Other ethnicity","Analysis","Competition and Markets Authority","Outside London","[c]","[c]","[c]","[c]"
"Leaver CS","2023","Other ethnicity","Analysis","Department for Business, Energy and Industrial Strategy","London","[c]","[c]","[c]","[c]"
"Leaver CS","2023","Other ethnicity","Analysis","Department for Business, Energy and Industrial Strategy","Outside London","[c]","[c]","[c]","[c]"
"Leaver CS","2023","Other ethnicity","Analysis","Department for Digital, Culture, Media and Sport","London","[c]","[c]","[c]","[c]"
"Leaver CS","2023","Other ethnicity","Analysis","Department for Education","London","[c]","[c]","[c]","[c]"
"Leaver CS","2023","Other ethnicity","Analysis","Department for Education","Outside London","[c]","[c]","[c]","[c]"
"Leaver CS","2023","Other ethnicity","Analysis","Department for Environment, Food and Rural Affairs","Outside London","[c]","[c]","[c]","[c]"
"Leaver CS","2023","Other ethnicity","Analysis","Department for International Trade","London","[c]","[c]","[c]","[c]"
"Leaver CS","2023","Other ethnicity","Analysis","Department for Levelling Up, Housing and Communities","London","[c]","[c]","[c]","[c]"
"Leaver CS","2023","Other ethnicity","Analysis","Department for Levelling Up, Housing and Communities","Outside London","[c]","[c]","[c]","[c]"
"Leaver CS","2023","Other ethnicity","Analysis","Department for Transport","Outside London","[c]","[c]","[c]","[c]"
"Leaver CS","2023","Other ethnicity","Analysis","Department for Work and Pensions","London","[c]","[c]","[c]","[c]"
"Leaver CS","2023","Other ethnicity","Analysis","Department for Work and Pensions","Outside London","[c]","[c]","[c]","[c]"
"Leaver CS","2023","Other ethnicity","Analysis","Department for Work and Pensions","Unknown","[c]","[c]","[c]","[c]"
"Leaver CS","2023","Other ethnicity","Analysis","Department of Health and Social Care","London","[c]","[c]","[c]","[c]"
"Leaver CS","2023","Other ethnicity","Analysis","Estyn","Outside London","[c]","[c]","[c]","[c]"
"Leaver CS","2023","Other ethnicity","Analysis","Food Standards Agency","London","[c]","[c]","[c]","[c]"
"Leaver CS","2023","Other ethnicity","Analysis","Food Standards Agency","Outside London","[c]","[c]","[c]","[c]"
"Leaver CS","2023","Other ethnicity","Analysis","Foreign, Commonwealth and Development Office","Outside London","[c]","[c]","[c]","[c]"
"Leaver CS","2023","Other ethnicity","Analysis","HM Land Registry","London","[c]","[c]","[c]","[c]"
"Leaver CS","2023","Other ethnicity","Analysis","HM Land Registry","Outside London","[c]","[c]","[c]","[c]"
"Leaver CS","2023","Other ethnicity","Analysis","HM Revenue and Customs","London","[c]","[c]","[c]","[c]"
"Leaver CS","2023","Other ethnicity","Analysis","HM Revenue and Customs","Outside London","[c]","[c]","[c]","[c]"
"Leaver CS","2023","Other ethnicity","Analysis","HM Treasury","London","5","[c]","[c]","[c]"
"Leaver CS","2023","Other ethnicity","Analysis","HM Treasury","Outside London","[c]","[c]","[c]","[c]"
"Leaver CS","2023","Other ethnicity","Analysis","Home Office","London","[c]","[c]","[c]","[c]"
"Leaver CS","2023","Other ethnicity","Analysis","Home Office","Outside London","[c]","[c]","[c]","[c]"
"Leaver CS","2023","Other ethnicity","Analysis","Ministry of Defence","London","[c]","[c]","[c]","[c]"
"Leaver CS","2023","Other ethnicity","Analysis","Ministry of Defence","Outside London","[c]","[c]","[c]","[c]"
"Leaver CS","2023","Other ethnicity","Analysis","Ministry of Justice","London","[c]","[c]","[c]","[c]"
"Leaver CS","2023","Other ethnicity","Analysis","Ministry of Justice","Outside London","[c]","[c]","[c]","[c]"
"Leaver CS","2023","Other ethnicity","Analysis","Ministry of Justice","Unknown","[c]","[c]","[c]","[c]"
"Leaver CS","2023","Other ethnicity","Analysis","Office for Standards in Education, Children's Services and Skills","London","[c]","[c]","[c]","[c]"
"Leaver CS","2023","Other ethnicity","Analysis","Office for Standards in Education, Children's Services and Skills","Outside London","[c]","[c]","[c]","[c]"
"Leaver CS","2023","Other ethnicity","Analysis","Office of Gas and Electricity Markets","London","[c]","[c]","[c]","[c]"
"Leaver CS","2023","Other ethnicity","Analysis","Office of Gas and Electricity Markets","Outside London","[c]","[c]","[c]","[c]"
"Leaver CS","2023","Other ethnicity","Analysis","Office of Rail and Road","London","[c]","[c]","[c]","[c]"
"Leaver CS","2023","Other ethnicity","Analysis","Office of Rail and Road","Outside London","[c]","[c]","[c]","[c]"
"Leaver CS","2023","Other ethnicity","Analysis","Scottish Government","Outside London","[c]","[c]","[c]","[c]"
"Leaver CS","2023","Other ethnicity","Analysis","UK Export Finance","London","[c]","[c]","[c]","[c]"
"Leaver CS","2023","Other ethnicity","Analysis","UK Statistics Authority","London","[c]","[c]","[c]","[c]"
"Leaver CS","2023","Other ethnicity","Analysis","UK Statistics Authority","Outside London","[c]","[c]","[c]","[c]"
"Leaver CS","2023","Other ethnicity","Analysis","Water Services Regulation Authority","Outside London","[c]","[c]","[c]","[c]"
"Leaver CS","2023","Other ethnicity","Commercial","Attorney General's Departments","London","[c]","[c]","[c]","[c]"
"Leaver CS","2023","Other ethnicity","Commercial","Attorney General's Departments","Outside London","[c]","[c]","[c]","[c]"
"Leaver CS","2023","Other ethnicity","Commercial","Cabinet Office","London","[c]","[c]","[c]","[c]"
"Leaver CS","2023","Other ethnicity","Commercial","Cabinet Office","Outside London","[c]","[c]","[c]","[c]"
"Leaver CS","2023","Other ethnicity","Commercial","Cabinet Office","Unknown","[c]","[c]","[c]","[c]"
"Leaver CS","2023","Other ethnicity","Commercial","Chancellor's other departments","London","[c]","[c]","[c]","[c]"
"Leaver CS","2023","Other ethnicity","Commercial","Competition and Markets Authority","London","[c]","[c]","[c]","[c]"
"Leaver CS","2023","Other ethnicity","Commercial","Department for Business, Energy and Industrial Strategy","London","[c]","[c]","[c]","[c]"
"Leaver CS","2023","Other ethnicity","Commercial","Department for Business, Energy and Industrial Strategy","Outside London","[c]","[c]","[c]","[c]"
"Leaver CS","2023","Other ethnicity","Commercial","Department for Digital, Culture, Media and Sport","London","[c]","[c]","[c]","[c]"
"Leaver CS","2023","Other ethnicity","Commercial","Department for Education","London","[c]","[c]","[c]","[c]"
"Leaver CS","2023","Other ethnicity","Commercial","Department for Education","Outside London","[c]","[c]","[c]","[c]"
"Leaver CS","2023","Other ethnicity","Commercial","Department for Environment, Food and Rural Affairs","London","[c]","[c]","[c]","[c]"
"Leaver CS","2023","Other ethnicity","Commercial","Department for Environment, Food and Rural Affairs","Outside London","[c]","[c]","[c]","[c]"
"Leaver CS","2023","Other ethnicity","Commercial","Department for International Trade","London","[c]","[c]","[c]","[c]"
"Leaver CS","2023","Other ethnicity","Commercial","Department for Levelling Up, Housing and Communities","London","[c]","[c]","[c]","[c]"
"Leaver CS","2023","Other ethnicity","Commercial","Department for Transport","Outside London","[c]","[c]","[c]","[c]"
"Leaver CS","2023","Other ethnicity","Commercial","Department for Work and Pensions","Outside London","[c]","[c]","[c]","[c]"
"Leaver CS","2023","Other ethnicity","Commercial","Department of Health and Social Care","London","[c]","[c]","[c]","[c]"
"Leaver CS","2023","Other ethnicity","Commercial","Department of Health and Social Care","Outside London","[c]","[c]","[c]","[c]"
"Leaver CS","2023","Other ethnicity","Commercial","Foreign, Commonwealth and Development Office","London","[c]","[c]","[c]","[c]"
"Leaver CS","2023","Other ethnicity","Commercial","Foreign, Commonwealth and Development Office","Outside London","[c]","[c]","[c]","[c]"
"Leaver CS","2023","Other ethnicity","Commercial","HM Land Registry","London","[c]","[c]","[c]","[c]"
"Leaver CS","2023","Other ethnicity","Commercial","HM Land Registry","Outside London","[c]","[c]","[c]","[c]"
"Leaver CS","2023","Other ethnicity","Commercial","HM Revenue and Customs","London","[c]","[c]","[c]","[c]"
"Leaver CS","2023","Other ethnicity","Commercial","HM Revenue and Customs","Outside London","[c]","[c]","[c]","[c]"
"Leaver CS","2023","Other ethnicity","Commercial","Home Office","London","[c]","[c]","[c]","[c]"
"Leaver CS","2023","Other ethnicity","Commercial","Home Office","Outside London","[c]","[c]","[c]","[c]"
"Leaver CS","2023","Other ethnicity","Commercial","Ministry of Defence","London","[c]","[c]","[c]","[c]"
"Leaver CS","2023","Other ethnicity","Commercial","Ministry of Defence","Outside London","[c]","[c]","[c]","[c]"
"Leaver CS","2023","Other ethnicity","Commercial","Ministry of Defence","Overseas","[c]","[c]","[c]","[c]"
"Leaver CS","2023","Other ethnicity","Commercial","Ministry of Justice","London","[c]","[c]","[c]","[c]"
"Leaver CS","2023","Other ethnicity","Commercial","Ministry of Justice","Outside London","[c]","[c]","[c]","[c]"
"Leaver CS","2023","Other ethnicity","Commercial","Scottish Government","Outside London","[c]","[c]","[c]","[c]"
"Leaver CS","2023","Other ethnicity","Commercial","The National Archives","London","[c]","[c]","[c]","[c]"
"Leaver CS","2023","Other ethnicity","Commercial","UK Export Finance","London","[c]","[c]","[c]","[c]"
"Leaver CS","2023","Other ethnicity","Commercial","UK Export Finance","Outside London","[c]","[c]","[c]","[c]"
"Leaver CS","2023","Other ethnicity","Commercial","UK Statistics Authority","Outside London","[c]","[c]","[c]","[c]"
"Leaver CS","2023","Other ethnicity","Communications","Attorney General's Departments","London","[c]","[c]","[c]","[c]"
"Leaver CS","2023","Other ethnicity","Communications","Attorney General's Departments","Outside London","[c]","[c]","[c]","[c]"
"Leaver CS","2023","Other ethnicity","Communications","Cabinet Office","London","[c]","[c]","[c]","[c]"
"Leaver CS","2023","Other ethnicity","Communications","Cabinet Office","Outside London","[c]","[c]","[c]","[c]"
"Leaver CS","2023","Other ethnicity","Communications","Cabinet Office","Unknown","[c]","[c]","[c]","[c]"
"Leaver CS","2023","Other ethnicity","Communications","Chancellor's other departments","London","[c]","[c]","[c]","[c]"
"Leaver CS","2023","Other ethnicity","Communications","Chancellor's other departments","Outside London","[c]","[c]","[c]","[c]"
"Leaver CS","2023","Other ethnicity","Communications","Charity Commission","Outside London","[c]","[c]","[c]","[c]"
"Leaver CS","2023","Other ethnicity","Communications","Competition and Markets Authority","London","[c]","[c]","[c]","[c]"
"Leaver CS","2023","Other ethnicity","Communications","Department for Business, Energy and Industrial Strategy","London","[c]","[c]","[c]","[c]"
"Leaver CS","2023","Other ethnicity","Communications","Department for Business, Energy and Industrial Strategy","Outside London","[c]","[c]","[c]","[c]"
"Leaver CS","2023","Other ethnicity","Communications","Department for Digital, Culture, Media and Sport","London","[c]","[c]","[c]","[c]"
"Leaver CS","2023","Other ethnicity","Communications","Department for Education","London","[c]","[c]","[c]","[c]"
"Leaver CS","2023","Other ethnicity","Communications","Department for Education","Outside London","[c]","[c]","[c]","[c]"
"Leaver CS","2023","Other ethnicity","Communications","Department for Environment, Food and Rural Affairs","London","[c]","[c]","[c]","[c]"
"Leaver CS","2023","Other ethnicity","Communications","Department for Environment, Food and Rural Affairs","Outside London","[c]","[c]","[c]","[c]"
"Leaver CS","2023","Other ethnicity","Communications","Department for International Trade","London","[c]","[c]","[c]","[c]"
"Leaver CS","2023","Other ethnicity","Communications","Department for International Trade","Outside London","[c]","[c]","[c]","[c]"
"Leaver CS","2023","Other ethnicity","Communications","Department for Levelling Up, Housing and Communities","London","[c]","[c]","[c]","[c]"
"Leaver CS","2023","Other ethnicity","Communications","Department for Levelling Up, Housing and Communities","Outside London","[c]","[c]","[c]","[c]"
"Leaver CS","2023","Other ethnicity","Communications","Department for Transport","London","[c]","[c]","[c]","[c]"
"Leaver CS","2023","Other ethnicity","Communications","Department for Transport","Outside London","[c]","[c]","[c]","[c]"
"Leaver CS","2023","Other ethnicity","Communications","Department for Work and Pensions","London","[c]","[c]","[c]","[c]"
"Leaver CS","2023","Other ethnicity","Communications","Department for Work and Pensions","Outside London","[c]","[c]","[c]","[c]"
"Leaver CS","2023","Other ethnicity","Communications","Department for Work and Pensions","Unknown","[c]","[c]","[c]","[c]"
"Leaver CS","2023","Other ethnicity","Communications","Department of Health and Social Care","London","[c]","[c]","[c]","[c]"
"Leaver CS","2023","Other ethnicity","Communications","Food Standards Agency","Outside London","[c]","[c]","[c]","[c]"
"Leaver CS","2023","Other ethnicity","Communications","Foreign, Commonwealth and Development Office","Outside London","[c]","[c]","[c]","[c]"
"Leaver CS","2023","Other ethnicity","Communications","HM Land Registry","London","[c]","[c]","[c]","[c]"
"Leaver CS","2023","Other ethnicity","Communications","HM Land Registry","Outside London","[c]","[c]","[c]","[c]"
"Leaver CS","2023","Other ethnicity","Communications","HM Revenue and Customs","London","[c]","[c]","[c]","[c]"
"Leaver CS","2023","Other ethnicity","Communications","HM Revenue and Customs","Outside London","[c]","[c]","[c]","[c]"
"Leaver CS","2023","Other ethnicity","Communications","HM Treasury","London","[c]","[c]","[c]","[c]"
"Leaver CS","2023","Other ethnicity","Communications","HM Treasury","Unknown","[c]","[c]","[c]","[c]"
"Leaver CS","2023","Other ethnicity","Communications","Home Office","London","[c]","[c]","[c]","[c]"
"Leaver CS","2023","Other ethnicity","Communications","Home Office","Outside London","[c]","[c]","[c]","[c]"
"Leaver CS","2023","Other ethnicity","Communications","Ministry of Defence","London","[c]","[c]","[c]","[c]"
"Leaver CS","2023","Other ethnicity","Communications","Ministry of Defence","Outside London","[c]","[c]","[c]","[c]"
"Leaver CS","2023","Other ethnicity","Communications","Ministry of Justice","London","[c]","[c]","[c]","[c]"
"Leaver CS","2023","Other ethnicity","Communications","Ministry of Justice","Outside London","[c]","[c]","[c]","[c]"
"Leaver CS","2023","Other ethnicity","Communications","National Crime Agency","London","[c]","[c]","[c]","[c]"
"Leaver CS","2023","Other ethnicity","Communications","National Crime Agency","Outside London","[c]","[c]","[c]","[c]"
"Leaver CS","2023","Other ethnicity","Communications","Northern Ireland Office","London","[c]","[c]","[c]","[c]"
"Leaver CS","2023","Other ethnicity","Communications","Office for Standards in Education, Children's Services and Skills","London","[c]","[c]","[c]","[c]"
"Leaver CS","2023","Other ethnicity","Communications","Office for Standards in Education, Children's Services and Skills","Outside London","[c]","[c]","[c]","[c]"
"Leaver CS","2023","Other ethnicity","Communications","Office of Gas and Electricity Markets","London","[c]","[c]","[c]","[c]"
"Leaver CS","2023","Other ethnicity","Communications","Office of Gas and Electricity Markets","Outside London","[c]","[c]","[c]","[c]"
"Leaver CS","2023","Other ethnicity","Communications","Office of Qualifications and Examinations Regulation","Outside London","[c]","[c]","[c]","[c]"
"Leaver CS","2023","Other ethnicity","Communications","Office of Rail and Road","London","[c]","[c]","[c]","[c]"
"Leaver CS","2023","Other ethnicity","Communications","Office of the Secretary of State for Scotland","Outside London","[c]","[c]","[c]","[c]"
"Leaver CS","2023","Other ethnicity","Communications","Scottish Government","Outside London","[c]","[c]","[c]","[c]"
"Leaver CS","2023","Other ethnicity","Communications","UK Export Finance","London","[c]","[c]","[c]","[c]"
"Leaver CS","2023","Other ethnicity","Communications","UK Statistics Authority","London","[c]","[c]","[c]","[c]"
"Leaver CS","2023","Other ethnicity","Communications","UK Statistics Authority","Outside London","[c]","[c]","[c]","[c]"
"Leaver CS","2023","Other ethnicity","Communications","UK Supreme Court","London","[c]","[c]","[c]","[c]"
"Leaver CS","2023","Other ethnicity","Communications","Water Services Regulation Authority","Outside London","[c]","[c]","[c]","[c]"
"Leaver CS","2023","Other ethnicity","Counter Fraud","Attorney General's Departments","London","[c]","[c]","[c]","[c]"
"Leaver CS","2023","Other ethnicity","Counter Fraud","Cabinet Office","London","[c]","[c]","[c]","[c]"
"Leaver CS","2023","Other ethnicity","Counter Fraud","Cabinet Office","Outside London","[c]","[c]","[c]","[c]"
"Leaver CS","2023","Other ethnicity","Counter Fraud","Cabinet Office","Unknown","[c]","[c]","[c]","[c]"
"Leaver CS","2023","Other ethnicity","Counter Fraud","Chancellor's other departments","Outside London","[c]","[c]","[c]","[c]"
"Leaver CS","2023","Other ethnicity","Counter Fraud","Department for Business, Energy and Industrial Strategy","London","[c]","[c]","[c]","[c]"
"Leaver CS","2023","Other ethnicity","Counter Fraud","Department for Business, Energy and Industrial Strategy","Outside London","[c]","[c]","[c]","[c]"
"Leaver CS","2023","Other ethnicity","Counter Fraud","Department for Digital, Culture, Media and Sport","London","[c]","[c]","[c]","[c]"
"Leaver CS","2023","Other ethnicity","Counter Fraud","Department for Transport","London","[c]","[c]","[c]","[c]"
"Leaver CS","2023","Other ethnicity","Counter Fraud","Department for Transport","Outside London","[c]","[c]","[c]","[c]"
"Leaver CS","2023","Other ethnicity","Counter Fraud","Department for Work and Pensions","London","[c]","[c]","[c]","[c]"
"Leaver CS","2023","Other ethnicity","Counter Fraud","Department for Work and Pensions","Outside London","[c]","[c]","[c]","[c]"
"Leaver CS","2023","Other ethnicity","Counter Fraud","Food Standards Agency","Outside London","[c]","[c]","[c]","[c]"
"Leaver CS","2023","Other ethnicity","Counter Fraud","HM Revenue and Customs","London","[c]","[c]","[c]","[c]"
"Leaver CS","2023","Other ethnicity","Counter Fraud","HM Revenue and Customs","Outside London","[c]","[c]","[c]","[c]"
"Leaver CS","2023","Other ethnicity","Counter Fraud","Ministry of Defence","London","[c]","[c]","[c]","[c]"
"Leaver CS","2023","Other ethnicity","Debt","Department for Work and Pensions","London","[c]","[c]","[c]","[c]"
"Leaver CS","2023","Other ethnicity","Debt","Department for Work and Pensions","Outside London","[c]","[c]","[c]","[c]"
"Leaver CS","2023","Other ethnicity","Debt","Department for Work and Pensions","Unknown","[c]","[c]","[c]","[c]"
"Leaver CS","2023","Other ethnicity","Debt","HM Revenue and Customs","London","[c]","[c]","[c]","[c]"
"Leaver CS","2023","Other ethnicity","Debt","HM Revenue and Customs","Outside London","[c]","[c]","[c]","[c]"
"Leaver CS","2023","Other ethnicity","Digital, Data & Technology","Attorney General's Departments","London","[c]","[c]","[c]","[c]"
"Leaver CS","2023","Other ethnicity","Digital, Data & Technology","Attorney General's Departments","Outside London","[c]","[c]","[c]","[c]"
"Leaver CS","2023","Other ethnicity","Digital, Data & Technology","Cabinet Office","London","[c]","[c]","[c]","[c]"
"Leaver CS","2023","Other ethnicity","Digital, Data & Technology","Cabinet Office","Outside London","[c]","[c]","[c]","[c]"
"Leaver CS","2023","Other ethnicity","Digital, Data & Technology","Cabinet Office","Unknown","[c]","[c]","[c]","[c]"
"Leaver CS","2023","Other ethnicity","Digital, Data & Technology","Chancellor's other departments","London","[c]","[c]","[c]","[c]"
"Leaver CS","2023","Other ethnicity","Digital, Data & Technology","Charity Commission","London","[c]","[c]","[c]","[c]"
"Leaver CS","2023","Other ethnicity","Digital, Data & Technology","Charity Commission","Outside London","[c]","[c]","[c]","[c]"
"Leaver CS","2023","Other ethnicity","Digital, Data & Technology","Competition and Markets Authority","London","[c]","[c]","[c]","[c]"
"Leaver CS","2023","Other ethnicity","Digital, Data & Technology","Department for Business, Energy and Industrial Strategy","London","[c]","[c]","[c]","[c]"
"Leaver CS","2023","Other ethnicity","Digital, Data & Technology","Department for Business, Energy and Industrial Strategy","Outside London","[c]","[c]","[c]","[c]"
"Leaver CS","2023","Other ethnicity","Digital, Data & Technology","Department for Business, Energy and Industrial Strategy","Overseas","[c]","[c]","[c]","[c]"
"Leaver CS","2023","Other ethnicity","Digital, Data & Technology","Department for Digital, Culture, Media and Sport","London","[c]","[c]","[c]","[c]"
"Leaver CS","2023","Other ethnicity","Digital, Data & Technology","Department for Education","London","[c]","[c]","[c]","[c]"
"Leaver CS","2023","Other ethnicity","Digital, Data & Technology","Department for Education","Outside London","[c]","[c]","[c]","[c]"
"Leaver CS","2023","Other ethnicity","Digital, Data & Technology","Department for Environment, Food and Rural Affairs","London","[c]","[c]","[c]","[c]"
"Leaver CS","2023","Other ethnicity","Digital, Data & Technology","Department for Environment, Food and Rural Affairs","Outside London","[c]","[c]","[c]","[c]"
"Leaver CS","2023","Other ethnicity","Digital, Data & Technology","Department for International Trade","London","[c]","[c]","[c]","[c]"
"Leaver CS","2023","Other ethnicity","Digital, Data & Technology","Department for International Trade","Outside London","[c]","[c]","[c]","[c]"
"Leaver CS","2023","Other ethnicity","Digital, Data & Technology","Department for Levelling Up, Housing and Communities","London","[c]","[c]","[c]","[c]"
"Leaver CS","2023","Other ethnicity","Digital, Data & Technology","Department for Levelling Up, Housing and Communities","Outside London","[c]","[c]","[c]","[c]"
"Leaver CS","2023","Other ethnicity","Digital, Data & Technology","Department for Transport","Outside London","[c]","[c]","[c]","[c]"
"Leaver CS","2023","Other ethnicity","Digital, Data & Technology","Department for Work and Pensions","London","[c]","[c]","[c]","[c]"
"Leaver CS","2023","Other ethnicity","Digital, Data & Technology","Department for Work and Pensions","Outside London","[c]","[c]","[c]","[c]"
"Leaver CS","2023","Other ethnicity","Digital, Data & Technology","Department of Health and Social Care","London","[c]","[c]","[c]","[c]"
"Leaver CS","2023","Other ethnicity","Digital, Data & Technology","Department of Health and Social Care","Outside London","[c]","[c]","[c]","[c]"
"Leaver CS","2023","Other ethnicity","Digital, Data & Technology","Food Standards Agency","London","[c]","[c]","[c]","[c]"
"Leaver CS","2023","Other ethnicity","Digital, Data & Technology","Food Standards Agency","Outside London","[c]","[c]","[c]","[c]"
"Leaver CS","2023","Other ethnicity","Digital, Data & Technology","Foreign, Commonwealth and Development Office","London","[c]","[c]","[c]","[c]"
"Leaver CS","2023","Other ethnicity","Digital, Data & Technology","Foreign, Commonwealth and Development Office","Outside London","[c]","[c]","[c]","[c]"
"Leaver CS","2023","Other ethnicity","Digital, Data & Technology","HM Land Registry","London","[c]","[c]","[c]","[c]"
"Leaver CS","2023","Other ethnicity","Digital, Data & Technology","HM Land Registry","Outside London","[c]","[c]","[c]","[c]"
"Leaver CS","2023","Other ethnicity","Digital, Data & Technology","HM Revenue and Customs","London","[c]","[c]","[c]","[c]"
"Leaver CS","2023","Other ethnicity","Digital, Data & Technology","HM Revenue and Customs","Outside London","[c]","[c]","[c]","[c]"
"Leaver CS","2023","Other ethnicity","Digital, Data & Technology","HM Treasury","London","[c]","[c]","[c]","[c]"
"Leaver CS","2023","Other ethnicity","Digital, Data & Technology","Home Office","London","[c]","[c]","[c]","[c]"
"Leaver CS","2023","Other ethnicity","Digital, Data & Technology","Home Office","Outside London","[c]","[c]","[c]","[c]"
"Leaver CS","2023","Other ethnicity","Digital, Data & Technology","Home Office","Unknown","[c]","[c]","[c]","[c]"
"Leaver CS","2023","Other ethnicity","Digital, Data & Technology","Ministry of Defence","London","[c]","[c]","[c]","[c]"
"Leaver CS","2023","Other ethnicity","Digital, Data & Technology","Ministry of Defence","Outside London","[c]","[c]","[c]","[c]"
"Leaver CS","2023","Other ethnicity","Digital, Data & Technology","Ministry of Defence","Overseas","[c]","[c]","[c]","[c]"
"Leaver CS","2023","Other ethnicity","Digital, Data & Technology","Ministry of Justice","London","[c]","[c]","[c]","[c]"
"Leaver CS","2023","Other ethnicity","Digital, Data & Technology","Ministry of Justice","Outside London","[c]","[c]","[c]","[c]"
"Leaver CS","2023","Other ethnicity","Digital, Data & Technology","National Crime Agency","London","[c]","[c]","[c]","[c]"
"Leaver CS","2023","Other ethnicity","Digital, Data & Technology","National Crime Agency","Outside London","[c]","[c]","[c]","[c]"
"Leaver CS","2023","Other ethnicity","Digital, Data & Technology","National Crime Agency","Overseas","[c]","[c]","[c]","[c]"
"Leaver CS","2023","Other ethnicity","Digital, Data & Technology","Office for Standards in Education, Children's Services and Skills","London","[c]","[c]","[c]","[c]"
"Leaver CS","2023","Other ethnicity","Digital, Data & Technology","Office for Standards in Education, Children's Services and Skills","Outside London","[c]","[c]","[c]","[c]"
"Leaver CS","2023","Other ethnicity","Digital, Data & Technology","Office of Gas and Electricity Markets","London","[c]","[c]","[c]","[c]"
"Leaver CS","2023","Other ethnicity","Digital, Data & Technology","Office of Gas and Electricity Markets","Outside London","[c]","[c]","[c]","[c]"
"Leaver CS","2023","Other ethnicity","Digital, Data & Technology","Office of Qualifications and Examinations Regulation","Outside London","[c]","[c]","[c]","[c]"
"Leaver CS","2023","Other ethnicity","Digital, Data & Technology","Office of Rail and Road","London","[c]","[c]","[c]","[c]"
"Leaver CS","2023","Other ethnicity","Digital, Data & Technology","Scottish Government","Outside London","[c]","[c]","[c]","[c]"
"Leaver CS","2023","Other ethnicity","Digital, Data & Technology","The National Archives","London","[c]","[c]","[c]","[c]"
"Leaver CS","2023","Other ethnicity","Digital, Data & Technology","UK Export Finance","London","[c]","[c]","[c]","[c]"
"Leaver CS","2023","Other ethnicity","Digital, Data & Technology","UK Statistics Authority","London","[c]","[c]","[c]","[c]"
"Leaver CS","2023","Other ethnicity","Digital, Data & Technology","UK Statistics Authority","Outside London","[c]","[c]","[c]","[c]"
"Leaver CS","2023","Other ethnicity","Digital, Data & Technology","UK Supreme Court","London","[c]","[c]","[c]","[c]"
"Leaver CS","2023","Other ethnicity","Digital, Data & Technology","Water Services Regulation Authority","Outside London","[c]","[c]","[c]","[c]"
"Leaver CS","2023","Other ethnicity","Finance","Attorney General's Departments","London","[c]","[c]","[c]","[c]"
"Leaver CS","2023","Other ethnicity","Finance","Attorney General's Departments","Outside London","[c]","[c]","[c]","[c]"
"Leaver CS","2023","Other ethnicity","Finance","Cabinet Office","London","[c]","[c]","[c]","[c]"
"Leaver CS","2023","Other ethnicity","Finance","Cabinet Office","Outside London","[c]","[c]","[c]","[c]"
"Leaver CS","2023","Other ethnicity","Finance","Cabinet Office","Unknown","[c]","[c]","[c]","[c]"
"Leaver CS","2023","Other ethnicity","Finance","Chancellor's other departments","London","[c]","[c]","[c]","[c]"
"Leaver CS","2023","Other ethnicity","Finance","Charity Commission","Outside London","[c]","[c]","[c]","[c]"
"Leaver CS","2023","Other ethnicity","Finance","Competition and Markets Authority","London","[c]","[c]","[c]","[c]"
"Leaver CS","2023","Other ethnicity","Finance","Department for Business, Energy and Industrial Strategy","London","[c]","[c]","[c]","[c]"
"Leaver CS","2023","Other ethnicity","Finance","Department for Business, Energy and Industrial Strategy","Outside London","[c]","[c]","[c]","[c]"
"Leaver CS","2023","Other ethnicity","Finance","Department for Digital, Culture, Media and Sport","London","[c]","[c]","[c]","[c]"
"Leaver CS","2023","Other ethnicity","Finance","Department for Education","London","[c]","[c]","[c]","[c]"
"Leaver CS","2023","Other ethnicity","Finance","Department for Education","Outside London","[c]","[c]","[c]","[c]"
"Leaver CS","2023","Other ethnicity","Finance","Department for Environment, Food and Rural Affairs","London","[c]","[c]","[c]","[c]"
"Leaver CS","2023","Other ethnicity","Finance","Department for Environment, Food and Rural Affairs","Outside London","[c]","[c]","[c]","[c]"
"Leaver CS","2023","Other ethnicity","Finance","Department for International Trade","London","[c]","[c]","[c]","[c]"
"Leaver CS","2023","Other ethnicity","Finance","Department for Levelling Up, Housing and Communities","London","[c]","[c]","[c]","[c]"
"Leaver CS","2023","Other ethnicity","Finance","Department for Levelling Up, Housing and Communities","Outside London","[c]","[c]","[c]","[c]"
"Leaver CS","2023","Other ethnicity","Finance","Department for Transport","London","[c]","[c]","[c]","[c]"
"Leaver CS","2023","Other ethnicity","Finance","Department for Transport","Outside London","[c]","[c]","[c]","[c]"
"Leaver CS","2023","Other ethnicity","Finance","Department for Work and Pensions","London","[c]","[c]","[c]","[c]"
"Leaver CS","2023","Other ethnicity","Finance","Department for Work and Pensions","Outside London","[c]","[c]","[c]","[c]"
"Leaver CS","2023","Other ethnicity","Finance","Department for Work and Pensions","Unknown","[c]","[c]","[c]","[c]"
"Leaver CS","2023","Other ethnicity","Finance","Department of Health and Social Care","London","[c]","[c]","[c]","[c]"
"Leaver CS","2023","Other ethnicity","Finance","Department of Health and Social Care","Outside London","[c]","[c]","[c]","[c]"
"Leaver CS","2023","Other ethnicity","Finance","Estyn","Outside London","[c]","[c]","[c]","[c]"
"Leaver CS","2023","Other ethnicity","Finance","Food Standards Agency","London","[c]","[c]","[c]","[c]"
"Leaver CS","2023","Other ethnicity","Finance","Food Standards Agency","Outside London","[c]","[c]","[c]","[c]"
"Leaver CS","2023","Other ethnicity","Finance","Foreign, Commonwealth and Development Office","Outside London","[c]","[c]","[c]","[c]"
"Leaver CS","2023","Other ethnicity","Finance","HM Land Registry","London","[c]","[c]","[c]","[c]"
"Leaver CS","2023","Other ethnicity","Finance","HM Land Registry","Outside London","[c]","[c]","[c]","[c]"
"Leaver CS","2023","Other ethnicity","Finance","HM Revenue and Customs","London","[c]","[c]","[c]","[c]"
"Leaver CS","2023","Other ethnicity","Finance","HM Revenue and Customs","Outside London","[c]","[c]","[c]","[c]"
"Leaver CS","2023","Other ethnicity","Finance","HM Treasury","London","[c]","[c]","[c]","[c]"
"Leaver CS","2023","Other ethnicity","Finance","HM Treasury","Outside London","[c]","[c]","[c]","[c]"
"Leaver CS","2023","Other ethnicity","Finance","Home Office","London","[c]","[c]","[c]","[c]"
"Leaver CS","2023","Other ethnicity","Finance","Home Office","Outside London","[c]","[c]","[c]","[c]"
"Leaver CS","2023","Other ethnicity","Finance","Home Office","Unknown","[c]","[c]","[c]","[c]"
"Leaver CS","2023","Other ethnicity","Finance","Ministry of Defence","London","[c]","[c]","[c]","[c]"
"Leaver CS","2023","Other ethnicity","Finance","Ministry of Defence","Outside London","[c]","[c]","[c]","[c]"
"Leaver CS","2023","Other ethnicity","Finance","Ministry of Defence","Overseas","[c]","[c]","[c]","[c]"
"Leaver CS","2023","Other ethnicity","Finance","Ministry of Defence","Unknown","[c]","[c]","[c]","[c]"
"Leaver CS","2023","Other ethnicity","Finance","Ministry of Justice","London","[c]","[c]","[c]","[c]"
"Leaver CS","2023","Other ethnicity","Finance","Ministry of Justice","Outside London","[c]","[c]","[c]","[c]"
"Leaver CS","2023","Other ethnicity","Finance","Ministry of Justice","Unknown","[c]","[c]","[c]","[c]"
"Leaver CS","2023","Other ethnicity","Finance","National Crime Agency","London","[c]","[c]","[c]","[c]"
"Leaver CS","2023","Other ethnicity","Finance","National Crime Agency","Outside London","[c]","[c]","[c]","[c]"
"Leaver CS","2023","Other ethnicity","Finance","Office for Standards in Education, Children's Services and Skills","Outside London","[c]","[c]","[c]","[c]"
"Leaver CS","2023","Other ethnicity","Finance","Office of Gas and Electricity Markets","London","[c]","[c]","[c]","[c]"
"Leaver CS","2023","Other ethnicity","Finance","Office of Qualifications and Examinations Regulation","Outside London","[c]","[c]","[c]","[c]"
"Leaver CS","2023","Other ethnicity","Finance","Office of Rail and Road","London","[c]","[c]","[c]","[c]"
"Leaver CS","2023","Other ethnicity","Finance","Scottish Government","Outside London","[c]","[c]","[c]","[c]"
"Leaver CS","2023","Other ethnicity","Finance","The National Archives","London","[c]","[c]","[c]","[c]"
"Leaver CS","2023","Other ethnicity","Finance","UK Export Finance","London","[c]","[c]","[c]","[c]"
"Leaver CS","2023","Other ethnicity","Finance","UK Statistics Authority","London","[c]","[c]","[c]","[c]"
"Leaver CS","2023","Other ethnicity","Finance","UK Statistics Authority","Outside London","[c]","[c]","[c]","[c]"
"Leaver CS","2023","Other ethnicity","Finance","Water Services Regulation Authority","Outside London","[c]","[c]","[c]","[c]"
"Leaver CS","2023","Other ethnicity","Finance","Welsh Government","Outside London","[c]","[c]","[c]","[c]"
"Leaver CS","2023","Other ethnicity","Grants Management","Department for Environment, Food and Rural Affairs","Outside London","[c]","[c]","[c]","[c]"
"Leaver CS","2023","Other ethnicity","Human Resources","Attorney General's Departments","London","[c]","[c]","[c]","[c]"
"Leaver CS","2023","Other ethnicity","Human Resources","Attorney General's Departments","Outside London","[c]","[c]","[c]","[c]"
"Leaver CS","2023","Other ethnicity","Human Resources","Cabinet Office","London","[c]","[c]","[c]","[c]"
"Leaver CS","2023","Other ethnicity","Human Resources","Cabinet Office","Outside London","[c]","[c]","[c]","[c]"
"Leaver CS","2023","Other ethnicity","Human Resources","Cabinet Office","Unknown","[c]","[c]","[c]","[c]"
"Leaver CS","2023","Other ethnicity","Human Resources","Chancellor's other departments","London","[c]","[c]","[c]","[c]"
"Leaver CS","2023","Other ethnicity","Human Resources","Charity Commission","Outside London","[c]","[c]","[c]","[c]"
"Leaver CS","2023","Other ethnicity","Human Resources","Competition and Markets Authority","London","[c]","[c]","[c]","[c]"
"Leaver CS","2023","Other ethnicity","Human Resources","Competition and Markets Authority","Outside London","[c]","[c]","[c]","[c]"
"Leaver CS","2023","Other ethnicity","Human Resources","Department for Business, Energy and Industrial Strategy","London","[c]","[c]","[c]","[c]"
"Leaver CS","2023","Other ethnicity","Human Resources","Department for Business, Energy and Industrial Strategy","Outside London","[c]","[c]","[c]","[c]"
"Leaver CS","2023","Other ethnicity","Human Resources","Department for Digital, Culture, Media and Sport","London","[c]","[c]","[c]","[c]"
"Leaver CS","2023","Other ethnicity","Human Resources","Department for Education","London","[c]","[c]","[c]","[c]"
"Leaver CS","2023","Other ethnicity","Human Resources","Department for Education","Outside London","[c]","[c]","[c]","[c]"
"Leaver CS","2023","Other ethnicity","Human Resources","Department for Environment, Food and Rural Affairs","London","[c]","[c]","[c]","[c]"
"Leaver CS","2023","Other ethnicity","Human Resources","Department for Environment, Food and Rural Affairs","Outside London","[c]","[c]","[c]","[c]"
"Leaver CS","2023","Other ethnicity","Human Resources","Department for International Trade","London","[c]","[c]","[c]","[c]"
"Leaver CS","2023","Other ethnicity","Human Resources","Department for International Trade","Outside London","[c]","[c]","[c]","[c]"
"Leaver CS","2023","Other ethnicity","Human Resources","Department for Levelling Up, Housing and Communities","London","[c]","[c]","[c]","[c]"
"Leaver CS","2023","Other ethnicity","Human Resources","Department for Levelling Up, Housing and Communities","Outside London","[c]","[c]","[c]","[c]"
"Leaver CS","2023","Other ethnicity","Human Resources","Department for Transport","London","[c]","[c]","[c]","[c]"
"Leaver CS","2023","Other ethnicity","Human Resources","Department for Transport","Outside London","[c]","[c]","[c]","[c]"
"Leaver CS","2023","Other ethnicity","Human Resources","Department for Work and Pensions","London","[c]","[c]","[c]","[c]"
"Leaver CS","2023","Other ethnicity","Human Resources","Department for Work and Pensions","Outside London","[c]","[c]","[c]","[c]"
"Leaver CS","2023","Other ethnicity","Human Resources","Department of Health and Social Care","London","[c]","[c]","[c]","[c]"
"Leaver CS","2023","Other ethnicity","Human Resources","Department of Health and Social Care","Outside London","[c]","[c]","[c]","[c]"
"Leaver CS","2023","Other ethnicity","Human Resources","Estyn","Outside London","[c]","[c]","[c]","[c]"
"Leaver CS","2023","Other ethnicity","Human Resources","Food Standards Agency","Outside London","[c]","[c]","[c]","[c]"
"Leaver CS","2023","Other ethnicity","Human Resources","Foreign, Commonwealth and Development Office","London","[c]","[c]","[c]","[c]"
"Leaver CS","2023","Other ethnicity","Human Resources","Foreign, Commonwealth and Development Office","Outside London","[c]","[c]","[c]","[c]"
"Leaver CS","2023","Other ethnicity","Human Resources","HM Land Registry","Outside London","[c]","[c]","[c]","[c]"
"Leaver CS","2023","Other ethnicity","Human Resources","HM Revenue and Customs","London","[c]","[c]","[c]","[c]"
"Leaver CS","2023","Other ethnicity","Human Resources","HM Revenue and Customs","Outside London","[c]","[c]","[c]","[c]"
"Leaver CS","2023","Other ethnicity","Human Resources","HM Treasury","London","[c]","[c]","[c]","[c]"
"Leaver CS","2023","Other ethnicity","Human Resources","HM Treasury","Outside London","[c]","[c]","[c]","[c]"
"Leaver CS","2023","Other ethnicity","Human Resources","Home Office","London","[c]","[c]","[c]","[c]"
"Leaver CS","2023","Other ethnicity","Human Resources","Home Office","Outside London","[c]","[c]","[c]","[c]"
"Leaver CS","2023","Other ethnicity","Human Resources","Ministry of Defence","London","[c]","[c]","[c]","[c]"
"Leaver CS","2023","Other ethnicity","Human Resources","Ministry of Defence","Outside London","[c]","[c]","[c]","[c]"
"Leaver CS","2023","Other ethnicity","Human Resources","Ministry of Defence","Overseas","[c]","[c]","[c]","[c]"
"Leaver CS","2023","Other ethnicity","Human Resources","Ministry of Defence","Unknown","[c]","[c]","[c]","[c]"
"Leaver CS","2023","Other ethnicity","Human Resources","Ministry of Justice","London","[c]","[c]","[c]","[c]"
"Leaver CS","2023","Other ethnicity","Human Resources","Ministry of Justice","Outside London","[c]","[c]","[c]","[c]"
"Leaver CS","2023","Other ethnicity","Human Resources","National Crime Agency","London","[c]","[c]","[c]","[c]"
"Leaver CS","2023","Other ethnicity","Human Resources","National Crime Agency","Outside London","[c]","[c]","[c]","[c]"
"Leaver CS","2023","Other ethnicity","Human Resources","National Crime Agency","Unknown","[c]","[c]","[c]","[c]"
"Leaver CS","2023","Other ethnicity","Human Resources","Northern Ireland Office","London","[c]","[c]","[c]","[c]"
"Leaver CS","2023","Other ethnicity","Human Resources","Northern Ireland Office","Outside London","[c]","[c]","[c]","[c]"
"Leaver CS","2023","Other ethnicity","Human Resources","Office for Standards in Education, Children's Services and Skills","Outside London","[c]","[c]","[c]","[c]"
"Leaver CS","2023","Other ethnicity","Human Resources","Office of Gas and Electricity Markets","London","[c]","[c]","[c]","[c]"
"Leaver CS","2023","Other ethnicity","Human Resources","Office of Gas and Electricity Markets","Outside London","[c]","[c]","[c]","[c]"
"Leaver CS","2023","Other ethnicity","Human Resources","Office of Qualifications and Examinations Regulation","Outside London","[c]","[c]","[c]","[c]"
"Leaver CS","2023","Other ethnicity","Human Resources","Office of Rail and Road","Outside London","[c]","[c]","[c]","[c]"
"Leaver CS","2023","Other ethnicity","Human Resources","Office of the Secretary of State for Scotland","London","[c]","[c]","[c]","[c]"
"Leaver CS","2023","Other ethnicity","Human Resources","Office of the Secretary of State for Wales","Outside London","[c]","[c]","[c]","[c]"
"Leaver CS","2023","Other ethnicity","Human Resources","Scottish Government","Outside London","[c]","[c]","[c]","[c]"
"Leaver CS","2023","Other ethnicity","Human Resources","The National Archives","London","[c]","[c]","[c]","[c]"
"Leaver CS","2023","Other ethnicity","Human Resources","UK Statistics Authority","London","[c]","[c]","[c]","[c]"
"Leaver CS","2023","Other ethnicity","Human Resources","UK Statistics Authority","Outside London","[c]","[c]","[c]","[c]"
"Leaver CS","2023","Other ethnicity","Human Resources","Water Services Regulation Authority","Outside London","[c]","[c]","[c]","[c]"
"Leaver CS","2023","Other ethnicity","Internal Audit","Department for Business, Energy and Industrial Strategy","Outside London","[c]","[c]","[c]","[c]"
"Leaver CS","2023","Other ethnicity","Internal Audit","Department for Transport","Outside London","[c]","[c]","[c]","[c]"
"Leaver CS","2023","Other ethnicity","Internal Audit","Foreign, Commonwealth and Development Office","Outside London","[c]","[c]","[c]","[c]"
"Leaver CS","2023","Other ethnicity","Internal Audit","HM Land Registry","Outside London","[c]","[c]","[c]","[c]"
"Leaver CS","2023","Other ethnicity","Internal Audit","HM Revenue and Customs","London","[c]","[c]","[c]","[c]"
"Leaver CS","2023","Other ethnicity","Internal Audit","HM Revenue and Customs","Outside London","[c]","[c]","[c]","[c]"
"Leaver CS","2023","Other ethnicity","Internal Audit","HM Treasury","London","[c]","[c]","[c]","[c]"
"Leaver CS","2023","Other ethnicity","Internal Audit","HM Treasury","Outside London","[c]","[c]","[c]","[c]"
"Leaver CS","2023","Other ethnicity","Internal Audit","HM Treasury","Unknown","[c]","[c]","[c]","[c]"
"Leaver CS","2023","Other ethnicity","Internal Audit","Ministry of Defence","London","[c]","[c]","[c]","[c]"
"Leaver CS","2023","Other ethnicity","Internal Audit","Ministry of Defence","Outside London","[c]","[c]","[c]","[c]"
"Leaver CS","2023","Other ethnicity","Internal Audit","UK Export Finance","London","[c]","[c]","[c]","[c]"
"Leaver CS","2023","Other ethnicity","Internal Audit","UK Statistics Authority","Outside London","[c]","[c]","[c]","[c]"
"Leaver CS","2023","Other ethnicity","Legal","Attorney General's Departments","London","5","[c]","[c]","[c]"
"Leaver CS","2023","Other ethnicity","Legal","Attorney General's Departments","Outside London","[c]","[c]","[c]","[c]"
"Leaver CS","2023","Other ethnicity","Legal","Cabinet Office","London","[c]","[c]","[c]","[c]"
"Leaver CS","2023","Other ethnicity","Legal","Competition and Markets Authority","London","[c]","[c]","[c]","[c]"
"Leaver CS","2023","Other ethnicity","Legal","Competition and Markets Authority","Outside London","[c]","[c]","[c]","[c]"
"Leaver CS","2023","Other ethnicity","Legal","Department for Business, Energy and Industrial Strategy","London","[c]","[c]","[c]","[c]"
"Leaver CS","2023","Other ethnicity","Legal","Department for Business, Energy and Industrial Strategy","Outside London","[c]","[c]","[c]","[c]"
"Leaver CS","2023","Other ethnicity","Legal","Department for Education","London","[c]","[c]","[c]","[c]"
"Leaver CS","2023","Other ethnicity","Legal","Department for Education","Outside London","[c]","[c]","[c]","[c]"
"Leaver CS","2023","Other ethnicity","Legal","Department for Transport","Outside London","[c]","[c]","[c]","[c]"
"Leaver CS","2023","Other ethnicity","Legal","Department for Work and Pensions","Outside London","[c]","[c]","[c]","[c]"
"Leaver CS","2023","Other ethnicity","Legal","Department of Health and Social Care","London","[c]","[c]","[c]","[c]"
"Leaver CS","2023","Other ethnicity","Legal","Food Standards Agency","London","[c]","[c]","[c]","[c]"
"Leaver CS","2023","Other ethnicity","Legal","Foreign, Commonwealth and Development Office","London","[c]","[c]","[c]","[c]"
"Leaver CS","2023","Other ethnicity","Legal","Foreign, Commonwealth and Development Office","Outside London","[c]","[c]","[c]","[c]"
"Leaver CS","2023","Other ethnicity","Legal","HM Land Registry","London","[c]","[c]","[c]","[c]"
"Leaver CS","2023","Other ethnicity","Legal","HM Land Registry","Outside London","[c]","[c]","[c]","[c]"
"Leaver CS","2023","Other ethnicity","Legal","HM Revenue and Customs","London","[c]","[c]","[c]","[c]"
"Leaver CS","2023","Other ethnicity","Legal","HM Revenue and Customs","Outside London","[c]","[c]","[c]","[c]"
"Leaver CS","2023","Other ethnicity","Legal","HM Treasury","London","[c]","[c]","[c]","[c]"
"Leaver CS","2023","Other ethnicity","Legal","Ministry of Defence","London","[c]","[c]","[c]","[c]"
"Leaver CS","2023","Other ethnicity","Legal","Ministry of Defence","Outside London","[c]","[c]","[c]","[c]"
"Leaver CS","2023","Other ethnicity","Legal","Ministry of Defence","Overseas","[c]","[c]","[c]","[c]"
"Leaver CS","2023","Other ethnicity","Legal","Ministry of Justice","London","[c]","[c]","[c]","[c]"
"Leaver CS","2023","Other ethnicity","Legal","Ministry of Justice","Outside London","[c]","[c]","[c]","[c]"
"Leaver CS","2023","Other ethnicity","Legal","National Crime Agency","London","[c]","[c]","[c]","[c]"
"Leaver CS","2023","Other ethnicity","Legal","Office for Standards in Education, Children's Services and Skills","London","[c]","[c]","[c]","[c]"
"Leaver CS","2023","Other ethnicity","Legal","Office of Gas and Electricity Markets","London","[c]","[c]","[c]","[c]"
"Leaver CS","2023","Other ethnicity","Legal","Office of Gas and Electricity Markets","Outside London","[c]","[c]","[c]","[c]"
"Leaver CS","2023","Other ethnicity","Legal","Office of Qualifications and Examinations Regulation","Outside London","[c]","[c]","[c]","[c]"
"Leaver CS","2023","Other ethnicity","Legal","Office of Rail and Road","London","[c]","[c]","[c]","[c]"
"Leaver CS","2023","Other ethnicity","Legal","Scottish Government","Outside London","[c]","[c]","[c]","[c]"
"Leaver CS","2023","Other ethnicity","Legal","The National Archives","London","[c]","[c]","[c]","[c]"
"Leaver CS","2023","Other ethnicity","Legal","UK Export Finance","London","[c]","[c]","[c]","[c]"
"Leaver CS","2023","Other ethnicity","Legal","UK Supreme Court","London","[c]","[c]","[c]","[c]"
"Leaver CS","2023","Other ethnicity","Legal","Water Services Regulation Authority","Outside London","[c]","[c]","[c]","[c]"
"Leaver CS","2023","Other ethnicity","No function","Attorney General's Departments","London","[c]","[c]","[c]","[c]"
"Leaver CS","2023","Other ethnicity","No function","Cabinet Office","London","[c]","[c]","[c]","[c]"
"Leaver CS","2023","Other ethnicity","No function","Cabinet Office","Outside London","[c]","[c]","[c]","[c]"
"Leaver CS","2023","Other ethnicity","No function","Cabinet Office","Unknown","[c]","[c]","[c]","[c]"
"Leaver CS","2023","Other ethnicity","No function","Chancellor's other departments","London","[c]","[c]","[c]","[c]"
"Leaver CS","2023","Other ethnicity","No function","Chancellor's other departments","Outside London","[c]","[c]","[c]","[c]"
"Leaver CS","2023","Other ethnicity","No function","Charity Commission","London","[c]","[c]","[c]","[c]"
"Leaver CS","2023","Other ethnicity","No function","Charity Commission","Outside London","[c]","[c]","[c]","[c]"
"Leaver CS","2023","Other ethnicity","No function","Department for Business, Energy and Industrial Strategy","London","[c]","[c]","[c]","[c]"
"Leaver CS","2023","Other ethnicity","No function","Department for Business, Energy and Industrial Strategy","Outside London","[c]","[c]","[c]","[c]"
"Leaver CS","2023","Other ethnicity","No function","Department for Digital, Culture, Media and Sport","London","[c]","[c]","[c]","[c]"
"Leaver CS","2023","Other ethnicity","No function","Department for Education","London","5","[c]","[c]","[c]"
"Leaver CS","2023","Other ethnicity","No function","Department for Education","Outside London","[c]","[c]","[c]","[c]"
"Leaver CS","2023","Other ethnicity","No function","Department for Environment, Food and Rural Affairs","London","5","[c]","[c]","[c]"
"Leaver CS","2023","Other ethnicity","No function","Department for Environment, Food and Rural Affairs","Outside London","[c]","[c]","[c]","[c]"
"Leaver CS","2023","Other ethnicity","No function","Department for Environment, Food and Rural Affairs","Unknown","[c]","[c]","[c]","[c]"
"Leaver CS","2023","Other ethnicity","No function","Department for International Trade","London","[c]","[c]","[c]","[c]"
"Leaver CS","2023","Other ethnicity","No function","Department for International Trade","Outside London","[c]","[c]","[c]","[c]"
"Leaver CS","2023","Other ethnicity","No function","Department for International Trade","Overseas","[c]","[c]","[c]","[c]"
"Leaver CS","2023","Other ethnicity","No function","Department for Levelling Up, Housing and Communities","London","5","[c]","[c]","[c]"
"Leaver CS","2023","Other ethnicity","No function","Department for Levelling Up, Housing and Communities","Outside London","[c]","[c]","[c]","[c]"
"Leaver CS","2023","Other ethnicity","No function","Department for Transport","London","[c]","[c]","[c]","[c]"
"Leaver CS","2023","Other ethnicity","No function","Department for Transport","Outside London","5","[c]","[c]","[c]"
"Leaver CS","2023","Other ethnicity","No function","Department for Work and Pensions","London","15","[c]","[c]","[c]"
"Leaver CS","2023","Other ethnicity","No function","Department for Work and Pensions","Outside London","30","[c]","[c]","[c]"
"Leaver CS","2023","Other ethnicity","No function","Department for Work and Pensions","Unknown","[c]","[c]","[c]","[c]"
"Leaver CS","2023","Other ethnicity","No function","Department of Health and Social Care","London","10","[c]","[c]","[c]"
"Leaver CS","2023","Other ethnicity","No function","Department of Health and Social Care","Outside London","10","[c]","[c]","[c]"
"Leaver CS","2023","Other ethnicity","No function","Department of Health and Social Care","Overseas","[c]","[c]","[c]","[c]"
"Leaver CS","2023","Other ethnicity","No function","Food Standards Agency","London","[c]","[c]","[c]","[c]"
"Leaver CS","2023","Other ethnicity","No function","Food Standards Agency","Outside London","[c]","[c]","[c]","[c]"
"Leaver CS","2023","Other ethnicity","No function","HM Land Registry","London","[c]","[c]","[c]","[c]"
"Leaver CS","2023","Other ethnicity","No function","HM Land Registry","Outside London","[c]","[c]","[c]","[c]"
"Leaver CS","2023","Other ethnicity","No function","HM Revenue and Customs","London","[c]","[c]","[c]","[c]"
"Leaver CS","2023","Other ethnicity","No function","HM Revenue and Customs","Outside London","5","[c]","[c]","[c]"
"Leaver CS","2023","Other ethnicity","No function","HM Treasury","London","15","[c]","[c]","[c]"
"Leaver CS","2023","Other ethnicity","No function","HM Treasury","Outside London","[c]","[c]","[c]","[c]"
"Leaver CS","2023","Other ethnicity","No function","Home Office","London","5","[c]","[c]","[c]"
"Leaver CS","2023","Other ethnicity","No function","Home Office","Outside London","5","[c]","[c]","[c]"
"Leaver CS","2023","Other ethnicity","No function","Home Office","Overseas","[c]","[c]","[c]","[c]"
"Leaver CS","2023","Other ethnicity","No function","Home Office","Unknown","[c]","[c]","[c]","[c]"
"Leaver CS","2023","Other ethnicity","No function","Ministry of Defence","London","[c]","[c]","[c]","[c]"
"Leaver CS","2023","Other ethnicity","No function","Ministry of Defence","Outside London","[c]","[c]","[c]","[c]"
"Leaver CS","2023","Other ethnicity","No function","Ministry of Defence","Overseas","[c]","[c]","[c]","[c]"
"Leaver CS","2023","Other ethnicity","No function","Ministry of Defence","Unknown","[c]","[c]","[c]","[c]"
"Leaver CS","2023","Other ethnicity","No function","Ministry of Justice","London","20","[c]","[c]","[c]"
"Leaver CS","2023","Other ethnicity","No function","Ministry of Justice","Outside London","30","[c]","[c]","[c]"
"Leaver CS","2023","Other ethnicity","No function","Ministry of Justice","Unknown","[c]","[c]","[c]","[c]"
"Leaver CS","2023","Other ethnicity","No function","National Crime Agency","London","[c]","[c]","[c]","[c]"
"Leaver CS","2023","Other ethnicity","No function","National Crime Agency","Outside London","[c]","[c]","[c]","[c]"
"Leaver CS","2023","Other ethnicity","No function","National Crime Agency","Overseas","[c]","[c]","[c]","[c]"
"Leaver CS","2023","Other ethnicity","No function","National Crime Agency","Unknown","[c]","[c]","[c]","[c]"
"Leaver CS","2023","Other ethnicity","No function","Office for Standards in Education, Children's Services and Skills","London","[c]","[c]","[c]","[c]"
"Leaver CS","2023","Other ethnicity","No function","Office for Standards in Education, Children's Services and Skills","Outside London","[c]","[c]","[c]","[c]"
"Leaver CS","2023","Other ethnicity","No function","Office of Gas and Electricity Markets","London","[c]","[c]","[c]","[c]"
"Leaver CS","2023","Other ethnicity","No function","Office of Gas and Electricity Markets","Outside London","[c]","[c]","[c]","[c]"
"Leaver CS","2023","Other ethnicity","No function","Office of Qualifications and Examinations Regulation","Outside London","[c]","[c]","[c]","[c]"
"Leaver CS","2023","Other ethnicity","No function","Office of Rail and Road","London","[c]","[c]","[c]","[c]"
"Leaver CS","2023","Other ethnicity","No function","Office of Rail and Road","Outside London","[c]","[c]","[c]","[c]"
"Leaver CS","2023","Other ethnicity","No function","Office of the Secretary of State for Scotland","London","[c]","[c]","[c]","[c]"
"Leaver CS","2023","Other ethnicity","No function","Office of the Secretary of State for Wales","London","[c]","[c]","[c]","[c]"
"Leaver CS","2023","Other ethnicity","No function","Office of the Secretary of State for Wales","Outside London","[c]","[c]","[c]","[c]"
"Leaver CS","2023","Other ethnicity","No function","Scottish Government","Outside London","10","[c]","[c]","[c]"
"Leaver CS","2023","Other ethnicity","No function","The National Archives","London","[c]","[c]","[c]","[c]"
"Leaver CS","2023","Other ethnicity","No function","UK Statistics Authority","London","[c]","[c]","[c]","[c]"
"Leaver CS","2023","Other ethnicity","No function","UK Statistics Authority","Outside London","[c]","[c]","[c]","[c]"
"Leaver CS","2023","Other ethnicity","No function","Water Services Regulation Authority","Outside London","[c]","[c]","[c]","[c]"
"Leaver CS","2023","Other ethnicity","Project Delivery","Attorney General's Departments","London","[c]","[c]","[c]","[c]"
"Leaver CS","2023","Other ethnicity","Project Delivery","Cabinet Office","London","[c]","[c]","[c]","[c]"
"Leaver CS","2023","Other ethnicity","Project Delivery","Cabinet Office","Outside London","[c]","[c]","[c]","[c]"
"Leaver CS","2023","Other ethnicity","Project Delivery","Cabinet Office","Unknown","[c]","[c]","[c]","[c]"
"Leaver CS","2023","Other ethnicity","Project Delivery","Chancellor's other departments","London","[c]","[c]","[c]","[c]"
"Leaver CS","2023","Other ethnicity","Project Delivery","Charity Commission","London","[c]","[c]","[c]","[c]"
"Leaver CS","2023","Other ethnicity","Project Delivery","Charity Commission","Outside London","[c]","[c]","[c]","[c]"
"Leaver CS","2023","Other ethnicity","Project Delivery","Competition and Markets Authority","London","[c]","[c]","[c]","[c]"
"Leaver CS","2023","Other ethnicity","Project Delivery","Competition and Markets Authority","Outside London","[c]","[c]","[c]","[c]"
"Leaver CS","2023","Other ethnicity","Project Delivery","Department for Business, Energy and Industrial Strategy","London","[c]","[c]","[c]","[c]"
"Leaver CS","2023","Other ethnicity","Project Delivery","Department for Business, Energy and Industrial Strategy","Outside London","[c]","[c]","[c]","[c]"
"Leaver CS","2023","Other ethnicity","Project Delivery","Department for Digital, Culture, Media and Sport","London","[c]","[c]","[c]","[c]"
"Leaver CS","2023","Other ethnicity","Project Delivery","Department for Education","London","[c]","[c]","[c]","[c]"
"Leaver CS","2023","Other ethnicity","Project Delivery","Department for Education","Outside London","[c]","[c]","[c]","[c]"
"Leaver CS","2023","Other ethnicity","Project Delivery","Department for Environment, Food and Rural Affairs","London","[c]","[c]","[c]","[c]"
"Leaver CS","2023","Other ethnicity","Project Delivery","Department for Environment, Food and Rural Affairs","Outside London","[c]","[c]","[c]","[c]"
"Leaver CS","2023","Other ethnicity","Project Delivery","Department for International Trade","London","[c]","[c]","[c]","[c]"
"Leaver CS","2023","Other ethnicity","Project Delivery","Department for International Trade","Outside London","[c]","[c]","[c]","[c]"
"Leaver CS","2023","Other ethnicity","Project Delivery","Department for Levelling Up, Housing and Communities","London","[c]","[c]","[c]","[c]"
"Leaver CS","2023","Other ethnicity","Project Delivery","Department for Levelling Up, Housing and Communities","Outside London","[c]","[c]","[c]","[c]"
"Leaver CS","2023","Other ethnicity","Project Delivery","Department for Transport","London","[c]","[c]","[c]","[c]"
"Leaver CS","2023","Other ethnicity","Project Delivery","Department for Transport","Outside London","[c]","[c]","[c]","[c]"
"Leaver CS","2023","Other ethnicity","Project Delivery","Department for Work and Pensions","London","[c]","[c]","[c]","[c]"
"Leaver CS","2023","Other ethnicity","Project Delivery","Department for Work and Pensions","Outside London","[c]","[c]","[c]","[c]"
"Leaver CS","2023","Other ethnicity","Project Delivery","Department of Health and Social Care","London","[c]","[c]","[c]","[c]"
"Leaver CS","2023","Other ethnicity","Project Delivery","Department of Health and Social Care","Outside London","[c]","[c]","[c]","[c]"
"Leaver CS","2023","Other ethnicity","Project Delivery","Department of Health and Social Care","Unknown","[c]","[c]","[c]","[c]"
"Leaver CS","2023","Other ethnicity","Project Delivery","Estyn","Outside London","[c]","[c]","[c]","[c]"
"Leaver CS","2023","Other ethnicity","Project Delivery","Food Standards Agency","London","[c]","[c]","[c]","[c]"
"Leaver CS","2023","Other ethnicity","Project Delivery","Food Standards Agency","Outside London","[c]","[c]","[c]","[c]"
"Leaver CS","2023","Other ethnicity","Project Delivery","Foreign, Commonwealth and Development Office","London","[c]","[c]","[c]","[c]"
"Leaver CS","2023","Other ethnicity","Project Delivery","Foreign, Commonwealth and Development Office","Outside London","[c]","[c]","[c]","[c]"
"Leaver CS","2023","Other ethnicity","Project Delivery","HM Land Registry","London","[c]","[c]","[c]","[c]"
"Leaver CS","2023","Other ethnicity","Project Delivery","HM Land Registry","Outside London","[c]","[c]","[c]","[c]"
"Leaver CS","2023","Other ethnicity","Project Delivery","HM Revenue and Customs","London","[c]","[c]","[c]","[c]"
"Leaver CS","2023","Other ethnicity","Project Delivery","HM Revenue and Customs","Outside London","[c]","[c]","[c]","[c]"
"Leaver CS","2023","Other ethnicity","Project Delivery","HM Treasury","London","[c]","[c]","[c]","[c]"
"Leaver CS","2023","Other ethnicity","Project Delivery","Home Office","London","[c]","[c]","[c]","[c]"
"Leaver CS","2023","Other ethnicity","Project Delivery","Ministry of Defence","London","[c]","[c]","[c]","[c]"
"Leaver CS","2023","Other ethnicity","Project Delivery","Ministry of Defence","Outside London","[c]","[c]","[c]","[c]"
"Leaver CS","2023","Other ethnicity","Project Delivery","Ministry of Defence","Overseas","[c]","[c]","[c]","[c]"
"Leaver CS","2023","Other ethnicity","Project Delivery","Ministry of Justice","London","[c]","[c]","[c]","[c]"
"Leaver CS","2023","Other ethnicity","Project Delivery","Ministry of Justice","Outside London","[c]","[c]","[c]","[c]"
"Leaver CS","2023","Other ethnicity","Project Delivery","National Crime Agency","London","[c]","[c]","[c]","[c]"
"Leaver CS","2023","Other ethnicity","Project Delivery","National Crime Agency","Outside London","[c]","[c]","[c]","[c]"
"Leaver CS","2023","Other ethnicity","Project Delivery","Office of Gas and Electricity Markets","London","[c]","[c]","[c]","[c]"
"Leaver CS","2023","Other ethnicity","Project Delivery","Office of Gas and Electricity Markets","Outside London","[c]","[c]","[c]","[c]"
"Leaver CS","2023","Other ethnicity","Project Delivery","Scottish Government","Outside London","[c]","[c]","[c]","[c]"
"Leaver CS","2023","Other ethnicity","Project Delivery","UK Export Finance","London","[c]","[c]","[c]","[c]"
"Leaver CS","2023","Other ethnicity","Project Delivery","UK Statistics Authority","London","[c]","[c]","[c]","[c]"
"Leaver CS","2023","Other ethnicity","Project Delivery","UK Statistics Authority","Outside London","[c]","[c]","[c]","[c]"
"Leaver CS","2023","Other ethnicity","Project Delivery","Water Services Regulation Authority","Outside London","[c]","[c]","[c]","[c]"
"Leaver CS","2023","Other ethnicity","Property","Attorney General's Departments","London","[c]","[c]","[c]","[c]"
"Leaver CS","2023","Other ethnicity","Property","Cabinet Office","London","[c]","[c]","[c]","[c]"
"Leaver CS","2023","Other ethnicity","Property","Cabinet Office","Outside London","[c]","[c]","[c]","[c]"
"Leaver CS","2023","Other ethnicity","Property","Cabinet Office","Unknown","[c]","[c]","[c]","[c]"
"Leaver CS","2023","Other ethnicity","Property","Competition and Markets Authority","London","[c]","[c]","[c]","[c]"
"Leaver CS","2023","Other ethnicity","Property","Department for Business, Energy and Industrial Strategy","London","[c]","[c]","[c]","[c]"
"Leaver CS","2023","Other ethnicity","Property","Department for Business, Energy and Industrial Strategy","Outside London","[c]","[c]","[c]","[c]"
"Leaver CS","2023","Other ethnicity","Property","Department for Digital, Culture, Media and Sport","London","[c]","[c]","[c]","[c]"
"Leaver CS","2023","Other ethnicity","Property","Department for Environment, Food and Rural Affairs","London","[c]","[c]","[c]","[c]"
"Leaver CS","2023","Other ethnicity","Property","Department for Environment, Food and Rural Affairs","Outside London","[c]","[c]","[c]","[c]"
"Leaver CS","2023","Other ethnicity","Property","Department for Levelling Up, Housing and Communities","London","[c]","[c]","[c]","[c]"
"Leaver CS","2023","Other ethnicity","Property","Department for Transport","London","[c]","[c]","[c]","[c]"
"Leaver CS","2023","Other ethnicity","Property","Department for Transport","Outside London","[c]","[c]","[c]","[c]"
"Leaver CS","2023","Other ethnicity","Property","Department for Work and Pensions","London","[c]","[c]","[c]","[c]"
"Leaver CS","2023","Other ethnicity","Property","Department for Work and Pensions","Outside London","[c]","[c]","[c]","[c]"
"Leaver CS","2023","Other ethnicity","Property","Department for Work and Pensions","Unknown","[c]","[c]","[c]","[c]"
"Leaver CS","2023","Other ethnicity","Property","Department of Health and Social Care","London","[c]","[c]","[c]","[c]"
"Leaver CS","2023","Other ethnicity","Property","Department of Health and Social Care","Outside London","[c]","[c]","[c]","[c]"
"Leaver CS","2023","Other ethnicity","Property","Foreign, Commonwealth and Development Office","London","[c]","[c]","[c]","[c]"
"Leaver CS","2023","Other ethnicity","Property","Foreign, Commonwealth and Development Office","Outside London","[c]","[c]","[c]","[c]"
"Leaver CS","2023","Other ethnicity","Property","HM Land Registry","Outside London","[c]","[c]","[c]","[c]"
"Leaver CS","2023","Other ethnicity","Property","HM Revenue and Customs","London","[c]","[c]","[c]","[c]"
"Leaver CS","2023","Other ethnicity","Property","HM Revenue and Customs","Outside London","[c]","[c]","[c]","[c]"
"Leaver CS","2023","Other ethnicity","Property","Home Office","London","[c]","[c]","[c]","[c]"
"Leaver CS","2023","Other ethnicity","Property","Home Office","Outside London","[c]","[c]","[c]","[c]"
"Leaver CS","2023","Other ethnicity","Property","Ministry of Defence","London","[c]","[c]","[c]","[c]"
"Leaver CS","2023","Other ethnicity","Property","Ministry of Defence","Outside London","[c]","[c]","[c]","[c]"
"Leaver CS","2023","Other ethnicity","Property","Ministry of Defence","Overseas","[c]","[c]","[c]","[c]"
"Leaver CS","2023","Other ethnicity","Property","Ministry of Defence","Unknown","[c]","[c]","[c]","[c]"
"Leaver CS","2023","Other ethnicity","Property","Ministry of Justice","London","[c]","[c]","[c]","[c]"
"Leaver CS","2023","Other ethnicity","Property","Ministry of Justice","Outside London","[c]","[c]","[c]","[c]"
"Leaver CS","2023","Other ethnicity","Property","Ministry of Justice","Unknown","[c]","[c]","[c]","[c]"
"Leaver CS","2023","Other ethnicity","Property","National Crime Agency","London","[c]","[c]","[c]","[c]"
"Leaver CS","2023","Other ethnicity","Property","Office of Rail and Road","London","[c]","[c]","[c]","[c]"
"Leaver CS","2023","Other ethnicity","Property","Scottish Government","Outside London","[c]","[c]","[c]","[c]"
"Leaver CS","2023","Other ethnicity","Property","The National Archives","London","[c]","[c]","[c]","[c]"
"Leaver CS","2023","Other ethnicity","Property","UK Statistics Authority","Outside London","[c]","[c]","[c]","[c]"
"Leaver CS","2023","Other ethnicity","Property","UK Supreme Court","London","[c]","[c]","[c]","[c]"
"Leaver CS","2023","Other ethnicity","Security","Cabinet Office","London","[c]","[c]","[c]","[c]"
"Leaver CS","2023","Other ethnicity","Security","Cabinet Office","Outside London","[c]","[c]","[c]","[c]"
"Leaver CS","2023","Other ethnicity","Security","Cabinet Office","Unknown","[c]","[c]","[c]","[c]"
"Leaver CS","2023","Other ethnicity","Security","Department for Business, Energy and Industrial Strategy","London","[c]","[c]","[c]","[c]"
"Leaver CS","2023","Other ethnicity","Security","Department for Business, Energy and Industrial Strategy","Outside London","[c]","[c]","[c]","[c]"
"Leaver CS","2023","Other ethnicity","Security","Department for Education","Outside London","[c]","[c]","[c]","[c]"
"Leaver CS","2023","Other ethnicity","Security","Department for Transport","Outside London","[c]","[c]","[c]","[c]"
"Leaver CS","2023","Other ethnicity","Security","Department for Work and Pensions","Outside London","[c]","[c]","[c]","[c]"
"Leaver CS","2023","Other ethnicity","Security","Estyn","Outside London","[c]","[c]","[c]","[c]"
"Leaver CS","2023","Other ethnicity","Security","Food Standards Agency","Outside London","[c]","[c]","[c]","[c]"
"Leaver CS","2023","Other ethnicity","Security","Foreign, Commonwealth and Development Office","London","[c]","[c]","[c]","[c]"
"Leaver CS","2023","Other ethnicity","Security","Foreign, Commonwealth and Development Office","Outside London","[c]","[c]","[c]","[c]"
"Leaver CS","2023","Other ethnicity","Security","Foreign, Commonwealth and Development Office","Overseas","[c]","[c]","[c]","[c]"
"Leaver CS","2023","Other ethnicity","Security","HM Revenue and Customs","London","[c]","[c]","[c]","[c]"
"Leaver CS","2023","Other ethnicity","Security","HM Revenue and Customs","Outside London","[c]","[c]","[c]","[c]"
"Leaver CS","2023","Other ethnicity","Security","Home Office","London","[c]","[c]","[c]","[c]"
"Leaver CS","2023","Other ethnicity","Security","Home Office","Outside London","[c]","[c]","[c]","[c]"
"Leaver CS","2023","Other ethnicity","Security","Ministry of Defence","London","[c]","[c]","[c]","[c]"
"Leaver CS","2023","Other ethnicity","Security","Ministry of Defence","Outside London","[c]","[c]","[c]","[c]"
"Leaver CS","2023","Other ethnicity","Security","Ministry of Defence","Overseas","[c]","[c]","[c]","[c]"
"Leaver CS","2023","Other ethnicity","Security","Ministry of Defence","Unknown","[c]","[c]","[c]","[c]"
"Leaver CS","2023","Other ethnicity","Security","Ministry of Justice","London","[c]","[c]","[c]","[c]"
"Leaver CS","2023","Other ethnicity","Security","Ministry of Justice","Outside London","[c]","[c]","[c]","[c]"
"Leaver CS","2023","Other ethnicity","Security","National Crime Agency","London","[c]","[c]","[c]","[c]"
"Leaver CS","2023","Other ethnicity","Security","National Crime Agency","Outside London","[c]","[c]","[c]","[c]"
"Leaver CS","2023","Other ethnicity","Security","Office of Gas and Electricity Markets","London","[c]","[c]","[c]","[c]"
"Leaver CS","2023","Other ethnicity","Security","UK Statistics Authority","Outside London","[c]","[c]","[c]","[c]"
"Leaver CS","2023","Other ethnicity","Unknown","Attorney General's Departments","London","[c]","[c]","[c]","[c]"
"Leaver CS","2023","Other ethnicity","Unknown","Attorney General's Departments","Outside London","[c]","[c]","[c]","[c]"
"Leaver CS","2023","Other ethnicity","Unknown","Cabinet Office","London","[c]","[c]","[c]","[c]"
"Leaver CS","2023","Other ethnicity","Unknown","Cabinet Office","Outside London","[c]","[c]","[c]","[c]"
"Leaver CS","2023","Other ethnicity","Unknown","Cabinet Office","Unknown","[c]","[c]","[c]","[c]"
"Leaver CS","2023","Other ethnicity","Unknown","Department for Business, Energy and Industrial Strategy","London","[c]","[c]","[c]","[c]"
"Leaver CS","2023","Other ethnicity","Unknown","Department for Business, Energy and Industrial Strategy","Outside London","[c]","[c]","[c]","[c]"
"Leaver CS","2023","Other ethnicity","Unknown","Department for Education","London","[c]","[c]","[c]","[c]"
"Leaver CS","2023","Other ethnicity","Unknown","Department for Education","Outside London","[c]","[c]","[c]","[c]"
"Leaver CS","2023","Other ethnicity","Unknown","Department for Environment, Food and Rural Affairs","London","[c]","[c]","[c]","[c]"
"Leaver CS","2023","Other ethnicity","Unknown","Department for Environment, Food and Rural Affairs","Outside London","[c]","[c]","[c]","[c]"
"Leaver CS","2023","Other ethnicity","Unknown","Department for International Trade","London","[c]","[c]","[c]","[c]"
"Leaver CS","2023","Other ethnicity","Unknown","Department for International Trade","Outside London","[c]","[c]","[c]","[c]"
"Leaver CS","2023","Other ethnicity","Unknown","Department for Work and Pensions","London","[c]","[c]","[c]","[c]"
"Leaver CS","2023","Other ethnicity","Unknown","Department for Work and Pensions","Outside London","[c]","[c]","[c]","[c]"
"Leaver CS","2023","Other ethnicity","Unknown","Department of Health and Social Care","London","5","[c]","[c]","[c]"
"Leaver CS","2023","Other ethnicity","Unknown","Department of Health and Social Care","Outside London","[c]","[c]","[c]","[c]"
"Leaver CS","2023","Other ethnicity","Unknown","Department of Health and Social Care","Unknown","[c]","[c]","[c]","[c]"
"Leaver CS","2023","Other ethnicity","Unknown","Food Standards Agency","Outside London","[c]","[c]","[c]","[c]"
"Leaver CS","2023","Other ethnicity","Unknown","Foreign, Commonwealth and Development Office","London","[c]","[c]","[c]","[c]"
"Leaver CS","2023","Other ethnicity","Unknown","Foreign, Commonwealth and Development Office","Outside London","[c]","[c]","[c]","[c]"
"Leaver CS","2023","Other ethnicity","Unknown","Foreign, Commonwealth and Development Office","Overseas","[c]","[c]","[c]","[c]"
"Leaver CS","2023","Other ethnicity","Unknown","Ministry of Defence","London","[c]","[c]","[c]","[c]"
"Leaver CS","2023","Other ethnicity","Unknown","Ministry of Defence","Outside London","[c]","[c]","[c]","[c]"
"Leaver CS","2023","Other ethnicity","Unknown","Ministry of Defence","Overseas","[c]","[c]","[c]","[c]"
"Leaver CS","2023","Other ethnicity","Unknown","Ministry of Defence","Unknown","[c]","[c]","[c]","[c]"
"Leaver CS","2023","Other ethnicity","Unknown","Northern Ireland Office","London","[c]","[c]","[c]","[c]"
"Leaver CS","2023","Other ethnicity","Unknown","Northern Ireland Office","Outside London","[c]","[c]","[c]","[c]"
"Leaver CS","2023","Other ethnicity","Unknown","Office of Gas and Electricity Markets","London","[c]","[c]","[c]","[c]"
"Leaver CS","2023","Other ethnicity","Unknown","Office of Gas and Electricity Markets","Outside London","[c]","[c]","[c]","[c]"
"Leaver CS","2023","Other ethnicity","Unknown","Office of the Secretary of State for Scotland","London","[c]","[c]","[c]","[c]"
"Leaver CS","2023","Other ethnicity","Unknown","Office of the Secretary of State for Scotland","Outside London","[c]","[c]","[c]","[c]"
"Leaver CS","2023","Other ethnicity","Unknown","Scottish Government","London","[c]","[c]","[c]","[c]"
"Leaver CS","2023","Other ethnicity","Unknown","Scottish Government","Outside London","[c]","[c]","[c]","[c]"
"Leaver CS","2023","Other ethnicity","Unknown","Scottish Government","Overseas","[c]","[c]","[c]","[c]"
"Leaver CS","2023","Other ethnicity","Unknown","Welsh Government","Outside London","[c]","[c]","[c]","[c]"
"Leaver CS","2023","Undeclared","Analysis","Chancellor's other departments","London","[c]","[c]","[c]","[c]"
"Leaver CS","2023","Undeclared","Analysis","Competition and Markets Authority","London","[c]","[c]","[c]","[c]"
"Leaver CS","2023","Undeclared","Analysis","Competition and Markets Authority","Outside London","[c]","[c]","[c]","[c]"
"Leaver CS","2023","Undeclared","Analysis","Department for Business, Energy and Industrial Strategy","London","[c]","[c]","[c]","[c]"
"Leaver CS","2023","Undeclared","Analysis","Department for Digital, Culture, Media and Sport","London","[c]","[c]","[c]","[c]"
"Leaver CS","2023","Undeclared","Analysis","Department for Work and Pensions","London","[c]","[c]","[c]","[c]"
"Leaver CS","2023","Undeclared","Analysis","Department for Work and Pensions","Outside London","[c]","[c]","[c]","[c]"
"Leaver CS","2023","Undeclared","Analysis","HM Treasury","London","[c]","[c]","[c]","[c]"
"Leaver CS","2023","Undeclared","Analysis","Home Office","London","[c]","[c]","[c]","[c]"
"Leaver CS","2023","Undeclared","Analysis","Ministry of Defence","Outside London","15","[c]","[c]","[c]"
"Leaver CS","2023","Undeclared","Analysis","Ministry of Justice","London","[c]","[c]","[c]","[c]"
"Leaver CS","2023","Undeclared","Analysis","Ministry of Justice","Outside London","[c]","[c]","[c]","[c]"
"Leaver CS","2023","Undeclared","Analysis","Office of Rail and Road","Outside London","[c]","[c]","[c]","[c]"
"Leaver CS","2023","Undeclared","Analysis","UK Statistics Authority","Outside London","[c]","[c]","[c]","[c]"
"Leaver CS","2023","Undeclared","Commercial","Cabinet Office","London","[c]","[c]","[c]","[c]"
"Leaver CS","2023","Undeclared","Commercial","Cabinet Office","Outside London","[c]","[c]","[c]","[c]"
"Leaver CS","2023","Undeclared","Commercial","Department for Transport","Outside London","[c]","[c]","[c]","[c]"
"Leaver CS","2023","Undeclared","Commercial","HM Revenue and Customs","Outside London","[c]","[c]","[c]","[c]"
"Leaver CS","2023","Undeclared","Commercial","Ministry of Defence","Outside London","5","[c]","[c]","[c]"
"Leaver CS","2023","Undeclared","Commercial","Ministry of Justice","London","[c]","[c]","[c]","[c]"
"Leaver CS","2023","Undeclared","Commercial","UK Export Finance","London","[c]","[c]","[c]","[c]"
"Leaver CS","2023","Undeclared","Commercial","UK Statistics Authority","Outside London","[c]","[c]","[c]","[c]"
"Leaver CS","2023","Undeclared","Communications","Department for Business, Energy and Industrial Strategy","Outside London","[c]","[c]","[c]","[c]"
"Leaver CS","2023","Undeclared","Communications","Department for Transport","Outside London","[c]","[c]","[c]","[c]"
"Leaver CS","2023","Undeclared","Communications","Department for Work and Pensions","London","[c]","[c]","[c]","[c]"
"Leaver CS","2023","Undeclared","Communications","Ministry of Defence","Outside London","[c]","[c]","[c]","[c]"
"Leaver CS","2023","Undeclared","Communications","Office of Gas and Electricity Markets","London","[c]","[c]","[c]","[c]"
"Leaver CS","2023","Undeclared","Communications","Office of Qualifications and Examinations Regulation","Outside London","[c]","[c]","[c]","[c]"
"Leaver CS","2023","Undeclared","Communications","Scottish Government","Outside London","[c]","[c]","[c]","[c]"
"Leaver CS","2023","Undeclared","Counter Fraud","Attorney General's Departments","London","[c]","[c]","[c]","[c]"
"Leaver CS","2023","Undeclared","Counter Fraud","Cabinet Office","London","[c]","[c]","[c]","[c]"
"Leaver CS","2023","Undeclared","Counter Fraud","Department for Transport","Outside London","[c]","[c]","[c]","[c]"
"Leaver CS","2023","Undeclared","Counter Fraud","Department for Work and Pensions","London","5","[c]","[c]","[c]"
"Leaver CS","2023","Undeclared","Counter Fraud","Department for Work and Pensions","Outside London","10","[c]","[c]","[c]"
"Leaver CS","2023","Undeclared","Counter Fraud","HM Revenue and Customs","London","10","[c]","[c]","[c]"
"Leaver CS","2023","Undeclared","Counter Fraud","HM Revenue and Customs","Outside London","15","[c]","[c]","[c]"
"Leaver CS","2023","Undeclared","Debt","Department for Work and Pensions","Outside London","10","[c]","[c]","[c]"
"Leaver CS","2023","Undeclared","Debt","Department for Work and Pensions","Unknown","[c]","[c]","[c]","[c]"
"Leaver CS","2023","Undeclared","Debt","HM Revenue and Customs","London","5","[c]","[c]","[c]"
"Leaver CS","2023","Undeclared","Debt","HM Revenue and Customs","Outside London","5","[c]","[c]","[c]"
"Leaver CS","2023","Undeclared","Digital, Data & Technology","Cabinet Office","London","[c]","[c]","[c]","[c]"
"Leaver CS","2023","Undeclared","Digital, Data & Technology","Cabinet Office","Outside London","[c]","[c]","[c]","[c]"
"Leaver CS","2023","Undeclared","Digital, Data & Technology","Competition and Markets Authority","London","[c]","[c]","[c]","[c]"
"Leaver CS","2023","Undeclared","Digital, Data & Technology","Department for Business, Energy and Industrial Strategy","Outside London","[c]","[c]","[c]","[c]"
"Leaver CS","2023","Undeclared","Digital, Data & Technology","Department for Digital, Culture, Media and Sport","London","[c]","[c]","[c]","[c]"
"Leaver CS","2023","Undeclared","Digital, Data & Technology","Department for Education","Outside London","[c]","[c]","[c]","[c]"
"Leaver CS","2023","Undeclared","Digital, Data & Technology","Department for Environment, Food and Rural Affairs","London","[c]","[c]","[c]","[c]"
"Leaver CS","2023","Undeclared","Digital, Data & Technology","Department for Environment, Food and Rural Affairs","Outside London","10","[c]","[c]","[c]"
"Leaver CS","2023","Undeclared","Digital, Data & Technology","Department for Transport","Outside London","5","[c]","[c]","[c]"
"Leaver CS","2023","Undeclared","Digital, Data & Technology","Department for Work and Pensions","Outside London","15","[c]","[c]","[c]"
"Leaver CS","2023","Undeclared","Digital, Data & Technology","Department of Health and Social Care","London","[c]","[c]","[c]","[c]"
"Leaver CS","2023","Undeclared","Digital, Data & Technology","Food Standards Agency","London","[c]","[c]","[c]","[c]"
"Leaver CS","2023","Undeclared","Digital, Data & Technology","HM Land Registry","Outside London","[c]","[c]","[c]","[c]"
"Leaver CS","2023","Undeclared","Digital, Data & Technology","HM Revenue and Customs","London","[c]","[c]","[c]","[c]"
"Leaver CS","2023","Undeclared","Digital, Data & Technology","HM Revenue and Customs","Outside London","10","[c]","[c]","[c]"
"Leaver CS","2023","Undeclared","Digital, Data & Technology","HM Treasury","London","[c]","[c]","[c]","[c]"
"Leaver CS","2023","Undeclared","Digital, Data & Technology","Home Office","London","5","[c]","[c]","[c]"
"Leaver CS","2023","Undeclared","Digital, Data & Technology","Home Office","Outside London","[c]","[c]","[c]","[c]"
"Leaver CS","2023","Undeclared","Digital, Data & Technology","Ministry of Defence","Outside London","15","[c]","[c]","[c]"
"Leaver CS","2023","Undeclared","Digital, Data & Technology","Ministry of Justice","London","[c]","[c]","[c]","[c]"
"Leaver CS","2023","Undeclared","Digital, Data & Technology","Ministry of Justice","Outside London","[c]","[c]","[c]","[c]"
"Leaver CS","2023","Undeclared","Digital, Data & Technology","National Crime Agency","London","[c]","[c]","[c]","[c]"
"Leaver CS","2023","Undeclared","Digital, Data & Technology","National Crime Agency","Outside London","[c]","[c]","[c]","[c]"
"Leaver CS","2023","Undeclared","Digital, Data & Technology","Office of Gas and Electricity Markets","Outside London","[c]","[c]","[c]","[c]"
"Leaver CS","2023","Undeclared","Digital, Data & Technology","UK Export Finance","London","[c]","[c]","[c]","[c]"
"Leaver CS","2023","Undeclared","Digital, Data & Technology","UK Statistics Authority","Outside London","[c]","[c]","[c]","[c]"
"Leaver CS","2023","Undeclared","Finance","Department for Business, Energy and Industrial Strategy","Outside London","[c]","[c]","[c]","[c]"
"Leaver CS","2023","Undeclared","Finance","Department for Education","London","[c]","[c]","[c]","[c]"
"Leaver CS","2023","Undeclared","Finance","Department for Education","Outside London","[c]","[c]","[c]","[c]"
"Leaver CS","2023","Undeclared","Finance","Department for International Trade","London","[c]","[c]","[c]","[c]"
"Leaver CS","2023","Undeclared","Finance","Department for Transport","Outside London","[c]","[c]","[c]","[c]"
"Leaver CS","2023","Undeclared","Finance","Department for Work and Pensions","Outside London","[c]","[c]","[c]","[c]"
"Leaver CS","2023","Undeclared","Finance","HM Revenue and Customs","Outside London","10","[c]","[c]","[c]"
"Leaver CS","2023","Undeclared","Finance","HM Treasury","London","5","[c]","[c]","[c]"
"Leaver CS","2023","Undeclared","Finance","Home Office","Unknown","[c]","[c]","[c]","[c]"
"Leaver CS","2023","Undeclared","Finance","Ministry of Defence","London","[c]","[c]","[c]","[c]"
"Leaver CS","2023","Undeclared","Finance","Ministry of Defence","Outside London","10","[c]","[c]","[c]"
"Leaver CS","2023","Undeclared","Finance","Ministry of Justice","London","[c]","[c]","[c]","[c]"
"Leaver CS","2023","Undeclared","Finance","Ministry of Justice","Outside London","[c]","[c]","[c]","[c]"
"Leaver CS","2023","Undeclared","Finance","Office of Gas and Electricity Markets","London","[c]","[c]","[c]","[c]"
"Leaver CS","2023","Undeclared","Finance","Scottish Government","Outside London","[c]","[c]","[c]","[c]"
"Leaver CS","2023","Undeclared","Finance","Water Services Regulation Authority","Outside London","[c]","[c]","[c]","[c]"
"Leaver CS","2023","Undeclared","Grants Management","Department for Environment, Food and Rural Affairs","Outside London","5","[c]","[c]","[c]"
"Leaver CS","2023","Undeclared","Human Resources","Cabinet Office","London","[c]","[c]","[c]","[c]"
"Leaver CS","2023","Undeclared","Human Resources","Cabinet Office","Outside London","[c]","[c]","[c]","[c]"
"Leaver CS","2023","Undeclared","Human Resources","Department for Business, Energy and Industrial Strategy","London","[c]","[c]","[c]","[c]"
"Leaver CS","2023","Undeclared","Human Resources","Department for Business, Energy and Industrial Strategy","Outside London","[c]","[c]","[c]","[c]"
"Leaver CS","2023","Undeclared","Human Resources","Department for Education","Outside London","[c]","[c]","[c]","[c]"
"Leaver CS","2023","Undeclared","Human Resources","Department for Transport","Outside London","[c]","[c]","[c]","[c]"
"Leaver CS","2023","Undeclared","Human Resources","Department for Work and Pensions","Outside London","[c]","[c]","[c]","[c]"
"Leaver CS","2023","Undeclared","Human Resources","Department of Health and Social Care","London","[c]","[c]","[c]","[c]"
"Leaver CS","2023","Undeclared","Human Resources","HM Land Registry","Outside London","[c]","[c]","[c]","[c]"
"Leaver CS","2023","Undeclared","Human Resources","HM Revenue and Customs","London","[c]","[c]","[c]","[c]"
"Leaver CS","2023","Undeclared","Human Resources","HM Treasury","London","[c]","[c]","[c]","[c]"
"Leaver CS","2023","Undeclared","Human Resources","Ministry of Defence","London","[c]","[c]","[c]","[c]"
"Leaver CS","2023","Undeclared","Human Resources","Ministry of Defence","Outside London","35","[c]","34670","35570"
"Leaver CS","2023","Undeclared","Human Resources","Ministry of Defence","Overseas","[c]","[c]","[c]","[c]"
"Leaver CS","2023","Undeclared","Human Resources","Ministry of Justice","London","[c]","[c]","[c]","[c]"
"Leaver CS","2023","Undeclared","Human Resources","Ministry of Justice","Outside London","[c]","[c]","[c]","[c]"
"Leaver CS","2023","Undeclared","Internal Audit","HM Revenue and Customs","London","[c]","[c]","[c]","[c]"
"Leaver CS","2023","Undeclared","Internal Audit","HM Treasury","London","[c]","[c]","[c]","[c]"
"Leaver CS","2023","Undeclared","Internal Audit","Ministry of Defence","Outside London","[c]","[c]","[c]","[c]"
"Leaver CS","2023","Undeclared","Legal","Attorney General's Departments","London","[c]","[c]","[c]","[c]"
"Leaver CS","2023","Undeclared","Legal","Attorney General's Departments","Outside London","[c]","[c]","[c]","[c]"
"Leaver CS","2023","Undeclared","Legal","Competition and Markets Authority","London","[c]","[c]","[c]","[c]"
"Leaver CS","2023","Undeclared","Legal","HM Land Registry","London","[c]","[c]","[c]","[c]"
"Leaver CS","2023","Undeclared","Legal","HM Land Registry","Outside London","[c]","[c]","[c]","[c]"
"Leaver CS","2023","Undeclared","Legal","HM Treasury","London","[c]","[c]","[c]","[c]"
"Leaver CS","2023","Undeclared","Legal","Ministry of Justice","Outside London","[c]","[c]","[c]","[c]"
"Leaver CS","2023","Undeclared","Legal","Office for Standards in Education, Children's Services and Skills","London","[c]","[c]","[c]","[c]"
"Leaver CS","2023","Undeclared","Legal","Office of Gas and Electricity Markets","London","[c]","[c]","[c]","[c]"
"Leaver CS","2023","Undeclared","Legal","Office of Gas and Electricity Markets","Outside London","[c]","[c]","[c]","[c]"
"Leaver CS","2023","Undeclared","Legal","Scottish Government","Outside London","[c]","[c]","[c]","[c]"
"Leaver CS","2023","Undeclared","Legal","UK Export Finance","London","[c]","[c]","[c]","[c]"
"Leaver CS","2023","Undeclared","No function","Cabinet Office","London","5","[c]","[c]","[c]"
"Leaver CS","2023","Undeclared","No function","Cabinet Office","Outside London","[c]","[c]","[c]","[c]"
"Leaver CS","2023","Undeclared","No function","Chancellor's other departments","London","[c]","[c]","[c]","[c]"
"Leaver CS","2023","Undeclared","No function","Department for Business, Energy and Industrial Strategy","London","20","[c]","[c]","[c]"
"Leaver CS","2023","Undeclared","No function","Department for Business, Energy and Industrial Strategy","Outside London","10","[c]","[c]","[c]"
"Leaver CS","2023","Undeclared","No function","Department for Digital, Culture, Media and Sport","London","[c]","[c]","[c]","[c]"
"Leaver CS","2023","Undeclared","No function","Department for Education","London","[c]","[c]","[c]","[c]"
"Leaver CS","2023","Undeclared","No function","Department for Education","Outside London","[c]","[c]","[c]","[c]"
"Leaver CS","2023","Undeclared","No function","Department for Environment, Food and Rural Affairs","London","10","[c]","[c]","[c]"
"Leaver CS","2023","Undeclared","No function","Department for Environment, Food and Rural Affairs","Outside London","20","[c]","[c]","[c]"
"Leaver CS","2023","Undeclared","No function","Department for Levelling Up, Housing and Communities","London","[c]","[c]","[c]","[c]"
"Leaver CS","2023","Undeclared","No function","Department for Levelling Up, Housing and Communities","Outside London","[c]","[c]","[c]","[c]"
"Leaver CS","2023","Undeclared","No function","Department for Transport","London","10","[c]","[c]","[c]"
"Leaver CS","2023","Undeclared","No function","Department for Transport","Outside London","70","[c]","29630","27470"
"Leaver CS","2023","Undeclared","No function","Department for Work and Pensions","London","40","[c]","30100","31060"
"Leaver CS","2023","Undeclared","No function","Department for Work and Pensions","Outside London","235","[c]","25770","22410"
"Leaver CS","2023","Undeclared","No function","Department of Health and Social Care","London","35","[c]","42110","40560"
"Leaver CS","2023","Undeclared","No function","Department of Health and Social Care","Outside London","50","[c]","40220","36330"
"Leaver CS","2023","Undeclared","No function","HM Land Registry","London","[c]","[c]","[c]","[c]"
"Leaver CS","2023","Undeclared","No function","HM Land Registry","Outside London","5","[c]","[c]","[c]"
"Leaver CS","2023","Undeclared","No function","HM Revenue and Customs","London","5","[c]","[c]","[c]"
"Leaver CS","2023","Undeclared","No function","HM Revenue and Customs","Outside London","75","[c]","[c]","[c]"
"Leaver CS","2023","Undeclared","No function","HM Treasury","London","10","[c]","[c]","[c]"
"Leaver CS","2023","Undeclared","No function","HM Treasury","Outside London","[c]","[c]","[c]","[c]"
"Leaver CS","2023","Undeclared","No function","Home Office","London","25","[c]","[c]","[c]"
"Leaver CS","2023","Undeclared","No function","Home Office","Outside London","60","[c]","29170","27370"
"Leaver CS","2023","Undeclared","No function","Home Office","Unknown","[c]","[c]","[c]","[c]"
"Leaver CS","2023","Undeclared","No function","Ministry of Defence","London","10","[c]","[c]","[c]"
"Leaver CS","2023","Undeclared","No function","Ministry of Defence","Outside London","60","[c]","36090","33190"
"Leaver CS","2023","Undeclared","No function","Ministry of Justice","London","40","[c]","[c]","[c]"
"Leaver CS","2023","Undeclared","No function","Ministry of Justice","Outside London","195","[c]","25170","21780"
"Leaver CS","2023","Undeclared","No function","National Crime Agency","London","[c]","[c]","[c]","[c]"
"Leaver CS","2023","Undeclared","No function","National Crime Agency","Outside London","10","[c]","[c]","[c]"
"Leaver CS","2023","Undeclared","No function","National Crime Agency","Unknown","[c]","[c]","[c]","[c]"
"Leaver CS","2023","Undeclared","No function","Office for Standards in Education, Children's Services and Skills","Outside London","[c]","[c]","[c]","[c]"
"Leaver CS","2023","Undeclared","No function","Office of Gas and Electricity Markets","London","[c]","[c]","[c]","[c]"
"Leaver CS","2023","Undeclared","No function","Office of Gas and Electricity Markets","Outside London","[c]","[c]","[c]","[c]"
"Leaver CS","2023","Undeclared","No function","Office of Rail and Road","Outside London","[c]","[c]","[c]","[c]"
"Leaver CS","2023","Undeclared","No function","Scottish Government","Outside London","25","[c]","[c]","[c]"
"Leaver CS","2023","Undeclared","No function","The National Archives","London","[c]","[c]","[c]","[c]"
"Leaver CS","2023","Undeclared","No function","UK Statistics Authority","Outside London","5","[c]","[c]","[c]"
"Leaver CS","2023","Undeclared","Project Delivery","Chancellor's other departments","London","[c]","[c]","[c]","[c]"
"Leaver CS","2023","Undeclared","Project Delivery","Competition and Markets Authority","London","[c]","[c]","[c]","[c]"
"Leaver CS","2023","Undeclared","Project Delivery","Department for Digital, Culture, Media and Sport","London","[c]","[c]","[c]","[c]"
"Leaver CS","2023","Undeclared","Project Delivery","Department for Education","London","[c]","[c]","[c]","[c]"
"Leaver CS","2023","Undeclared","Project Delivery","Department for Education","Outside London","[c]","[c]","[c]","[c]"
"Leaver CS","2023","Undeclared","Project Delivery","Department for Transport","Outside London","[c]","[c]","[c]","[c]"
"Leaver CS","2023","Undeclared","Project Delivery","Department for Work and Pensions","London","[c]","[c]","[c]","[c]"
"Leaver CS","2023","Undeclared","Project Delivery","Department for Work and Pensions","Outside London","[c]","[c]","[c]","[c]"
"Leaver CS","2023","Undeclared","Project Delivery","HM Revenue and Customs","London","[c]","[c]","[c]","[c]"
"Leaver CS","2023","Undeclared","Project Delivery","HM Revenue and Customs","Outside London","20","[c]","[c]","[c]"
"Leaver CS","2023","Undeclared","Project Delivery","HM Treasury","London","[c]","[c]","[c]","[c]"
"Leaver CS","2023","Undeclared","Project Delivery","Ministry of Defence","Outside London","30","[c]","42910","41800"
"Leaver CS","2023","Undeclared","Project Delivery","National Crime Agency","Outside London","[c]","[c]","[c]","[c]"
"Leaver CS","2023","Undeclared","Project Delivery","Scottish Government","Outside London","[c]","[c]","[c]","[c]"
"Leaver CS","2023","Undeclared","Project Delivery","UK Export Finance","London","[c]","[c]","[c]","[c]"
"Leaver CS","2023","Undeclared","Property","Cabinet Office","Outside London","[c]","[c]","[c]","[c]"
"Leaver CS","2023","Undeclared","Property","Department for Business, Energy and Industrial Strategy","Outside London","[c]","[c]","[c]","[c]"
"Leaver CS","2023","Undeclared","Property","Department for Environment, Food and Rural Affairs","Outside London","[c]","[c]","[c]","[c]"
"Leaver CS","2023","Undeclared","Property","Department for Transport","Outside London","[c]","[c]","[c]","[c]"
"Leaver CS","2023","Undeclared","Property","HM Revenue and Customs","London","5","[c]","[c]","[c]"
"Leaver CS","2023","Undeclared","Property","HM Revenue and Customs","Outside London","[c]","[c]","[c]","[c]"
"Leaver CS","2023","Undeclared","Property","Ministry of Defence","Outside London","5","[c]","[c]","[c]"
"Leaver CS","2023","Undeclared","Security","Cabinet Office","London","[c]","[c]","[c]","[c]"
"Leaver CS","2023","Undeclared","Security","Cabinet Office","Outside London","[c]","[c]","[c]","[c]"
"Leaver CS","2023","Undeclared","Security","Department for Business, Energy and Industrial Strategy","London","[c]","[c]","[c]","[c]"
"Leaver CS","2023","Undeclared","Security","Department for Transport","Outside London","[c]","[c]","[c]","[c]"
"Leaver CS","2023","Undeclared","Security","Food Standards Agency","Outside London","[c]","[c]","[c]","[c]"
"Leaver CS","2023","Undeclared","Security","HM Revenue and Customs","Outside London","[c]","[c]","[c]","[c]"
"Leaver CS","2023","Undeclared","Security","Home Office","London","[c]","[c]","[c]","[c]"
"Leaver CS","2023","Undeclared","Security","Ministry of Defence","London","[c]","[c]","[c]","[c]"
"Leaver CS","2023","Undeclared","Security","Ministry of Defence","Outside London","15","[c]","[c]","[c]"
"Leaver CS","2023","Undeclared","Unknown","Department for International Trade","London","[c]","[c]","[c]","[c]"
"Leaver CS","2023","Undeclared","Unknown","Department for Work and Pensions","London","[c]","[c]","[c]","[c]"
"Leaver CS","2023","Undeclared","Unknown","Department for Work and Pensions","Outside London","[c]","[c]","[c]","[c]"
"Leaver CS","2023","Undeclared","Unknown","Department of Health and Social Care","London","5","[c]","[c]","[c]"
"Leaver CS","2023","Undeclared","Unknown","Department of Health and Social Care","Outside London","5","[c]","[c]","[c]"
"Leaver CS","2023","Undeclared","Unknown","Foreign, Commonwealth and Development Office","London","[c]","[c]","[c]","[c]"
"Leaver CS","2023","Undeclared","Unknown","Ministry of Defence","Outside London","5","[c]","[c]","[c]"
"Leaver CS","2023","Undeclared","Unknown","Office of Gas and Electricity Markets","London","5","[c]","[c]","[c]"
"Leaver CS","2023","Undeclared","Unknown","Office of Gas and Electricity Markets","Outside London","[c]","[c]","[c]","[c]"
"Leaver CS","2023","Undeclared","Unknown","Scottish Government","Outside London","20","[c]","[c]","[c]"
"Leaver CS","2023","Undeclared","Unknown","Welsh Government","Outside London","5","[c]","[c]","[c]"
"Leaver CS","2023","Unknown","Analysis","Cabinet Office","London","5","[c]","[c]","[c]"
"Leaver CS","2023","Unknown","Analysis","Cabinet Office","Outside London","[c]","[c]","[c]","[c]"
"Leaver CS","2023","Unknown","Analysis","Cabinet Office","Unknown","[c]","[c]","[c]","[c]"
"Leaver CS","2023","Unknown","Analysis","Chancellor's other departments","London","[c]","[c]","[c]","[c]"
"Leaver CS","2023","Unknown","Analysis","Department for Business, Energy and Industrial Strategy","London","5","[c]","[c]","[c]"
"Leaver CS","2023","Unknown","Analysis","Department for Business, Energy and Industrial Strategy","Outside London","[c]","[c]","[c]","[c]"
"Leaver CS","2023","Unknown","Analysis","Department for Education","London","5","[c]","[c]","[c]"
"Leaver CS","2023","Unknown","Analysis","Department for Education","Outside London","[c]","[c]","[c]","[c]"
"Leaver CS","2023","Unknown","Analysis","Department for Environment, Food and Rural Affairs","Outside London","[c]","[c]","[c]","[c]"
"Leaver CS","2023","Unknown","Analysis","Department for International Trade","London","5","[c]","[c]","[c]"
"Leaver CS","2023","Unknown","Analysis","Department for Levelling Up, Housing and Communities","London","[c]","[c]","[c]","[c]"
"Leaver CS","2023","Unknown","Analysis","Department for Levelling Up, Housing and Communities","Outside London","[c]","[c]","[c]","[c]"
"Leaver CS","2023","Unknown","Analysis","Department for Work and Pensions","London","[c]","[c]","[c]","[c]"
"Leaver CS","2023","Unknown","Analysis","Department for Work and Pensions","Outside London","[c]","[c]","[c]","[c]"
"Leaver CS","2023","Unknown","Analysis","Department for Work and Pensions","Unknown","[c]","[c]","[c]","[c]"
"Leaver CS","2023","Unknown","Analysis","Food Standards Agency","Outside London","[c]","[c]","[c]","[c]"
"Leaver CS","2023","Unknown","Analysis","Foreign, Commonwealth and Development Office","Outside London","[c]","[c]","[c]","[c]"
"Leaver CS","2023","Unknown","Analysis","HM Land Registry","London","[c]","[c]","[c]","[c]"
"Leaver CS","2023","Unknown","Analysis","HM Land Registry","Outside London","[c]","[c]","[c]","[c]"
"Leaver CS","2023","Unknown","Analysis","HM Revenue and Customs","London","[c]","[c]","[c]","[c]"
"Leaver CS","2023","Unknown","Analysis","HM Revenue and Customs","Outside London","[c]","[c]","[c]","[c]"
"Leaver CS","2023","Unknown","Analysis","Home Office","London","25","[c]","[c]","[c]"
"Leaver CS","2023","Unknown","Analysis","Home Office","Outside London","[c]","[c]","[c]","[c]"
"Leaver CS","2023","Unknown","Analysis","Ministry of Defence","London","[c]","[c]","[c]","[c]"
"Leaver CS","2023","Unknown","Analysis","Ministry of Defence","Outside London","40","[c]","30210","29190"
"Leaver CS","2023","Unknown","Analysis","Ministry of Justice","London","10","[c]","[c]","[c]"
"Leaver CS","2023","Unknown","Analysis","Ministry of Justice","Outside London","[c]","[c]","[c]","[c]"
"Leaver CS","2023","Unknown","Analysis","Ministry of Justice","Unknown","[c]","[c]","[c]","[c]"
"Leaver CS","2023","Unknown","Analysis","UK Statistics Authority","London","[c]","[c]","[c]","[c]"
"Leaver CS","2023","Unknown","Analysis","UK Statistics Authority","Outside London","20","[c]","[c]","[c]"
"Leaver CS","2023","Unknown","Commercial","Cabinet Office","London","90","[c]","72600","68000"
"Leaver CS","2023","Unknown","Commercial","Cabinet Office","Outside London","55","[c]","67850","65500"
"Leaver CS","2023","Unknown","Commercial","Cabinet Office","Unknown","5","[c]","[c]","[c]"
"Leaver CS","2023","Unknown","Commercial","Department for Business, Energy and Industrial Strategy","London","[c]","[c]","[c]","[c]"
"Leaver CS","2023","Unknown","Commercial","Department for Business, Energy and Industrial Strategy","Outside London","5","[c]","[c]","[c]"
"Leaver CS","2023","Unknown","Commercial","Department for Digital, Culture, Media and Sport","London","[c]","[c]","[c]","[c]"
"Leaver CS","2023","Unknown","Commercial","Department for Education","London","[c]","[c]","[c]","[c]"
"Leaver CS","2023","Unknown","Commercial","Department for Education","Outside London","5","[c]","[c]","[c]"
"Leaver CS","2023","Unknown","Commercial","Department for Environment, Food and Rural Affairs","Outside London","[c]","[c]","[c]","[c]"
"Leaver CS","2023","Unknown","Commercial","Department for International Trade","London","[c]","[c]","[c]","[c]"
"Leaver CS","2023","Unknown","Commercial","Department for Transport","Outside London","[c]","[c]","[c]","[c]"
"Leaver CS","2023","Unknown","Commercial","Department of Health and Social Care","London","[c]","[c]","[c]","[c]"
"Leaver CS","2023","Unknown","Commercial","Foreign, Commonwealth and Development Office","Outside London","[c]","[c]","[c]","[c]"
"Leaver CS","2023","Unknown","Commercial","HM Revenue and Customs","Outside London","[c]","[c]","[c]","[c]"
"Leaver CS","2023","Unknown","Commercial","Home Office","London","[c]","[c]","[c]","[c]"
"Leaver CS","2023","Unknown","Commercial","Home Office","Outside London","[c]","[c]","[c]","[c]"
"Leaver CS","2023","Unknown","Commercial","Ministry of Defence","Outside London","10","[c]","[c]","[c]"
"Leaver CS","2023","Unknown","Commercial","Ministry of Justice","London","[c]","[c]","[c]","[c]"
"Leaver CS","2023","Unknown","Commercial","Ministry of Justice","Outside London","[c]","[c]","[c]","[c]"
"Leaver CS","2023","Unknown","Commercial","Scottish Government","Outside London","10","[c]","[c]","[c]"
"Leaver CS","2023","Unknown","Commercial","The National Archives","London","[c]","[c]","[c]","[c]"
"Leaver CS","2023","Unknown","Communications","Attorney General's Departments","London","[c]","[c]","[c]","[c]"
"Leaver CS","2023","Unknown","Communications","Cabinet Office","London","10","[c]","[c]","[c]"
"Leaver CS","2023","Unknown","Communications","Cabinet Office","Outside London","[c]","[c]","[c]","[c]"
"Leaver CS","2023","Unknown","Communications","Cabinet Office","Unknown","[c]","[c]","[c]","[c]"
"Leaver CS","2023","Unknown","Communications","Chancellor's other departments","London","[c]","[c]","[c]","[c]"
"Leaver CS","2023","Unknown","Communications","Charity Commission","Outside London","[c]","[c]","[c]","[c]"
"Leaver CS","2023","Unknown","Communications","Department for Business, Energy and Industrial Strategy","London","5","[c]","[c]","[c]"
"Leaver CS","2023","Unknown","Communications","Department for Business, Energy and Industrial Strategy","Outside London","[c]","[c]","[c]","[c]"
"Leaver CS","2023","Unknown","Communications","Department for Digital, Culture, Media and Sport","London","[c]","[c]","[c]","[c]"
"Leaver CS","2023","Unknown","Communications","Department for Education","London","[c]","[c]","[c]","[c]"
"Leaver CS","2023","Unknown","Communications","Department for Environment, Food and Rural Affairs","London","[c]","[c]","[c]","[c]"
"Leaver CS","2023","Unknown","Communications","Department for Environment, Food and Rural Affairs","Outside London","[c]","[c]","[c]","[c]"
"Leaver CS","2023","Unknown","Communications","Department for International Trade","London","[c]","[c]","[c]","[c]"
"Leaver CS","2023","Unknown","Communications","Department for Levelling Up, Housing and Communities","London","5","[c]","[c]","[c]"
"Leaver CS","2023","Unknown","Communications","Department for Transport","Outside London","[c]","[c]","[c]","[c]"
"Leaver CS","2023","Unknown","Communications","Department for Work and Pensions","London","5","[c]","[c]","[c]"
"Leaver CS","2023","Unknown","Communications","Department for Work and Pensions","Outside London","[c]","[c]","[c]","[c]"
"Leaver CS","2023","Unknown","Communications","Department for Work and Pensions","Unknown","[c]","[c]","[c]","[c]"
"Leaver CS","2023","Unknown","Communications","HM Land Registry","London","[c]","[c]","[c]","[c]"
"Leaver CS","2023","Unknown","Communications","HM Land Registry","Outside London","[c]","[c]","[c]","[c]"
"Leaver CS","2023","Unknown","Communications","HM Revenue and Customs","London","[c]","[c]","[c]","[c]"
"Leaver CS","2023","Unknown","Communications","HM Revenue and Customs","Outside London","[c]","[c]","[c]","[c]"
"Leaver CS","2023","Unknown","Communications","Home Office","London","[c]","[c]","[c]","[c]"
"Leaver CS","2023","Unknown","Communications","Ministry of Defence","London","[c]","[c]","[c]","[c]"
"Leaver CS","2023","Unknown","Communications","Ministry of Defence","Outside London","[c]","[c]","[c]","[c]"
"Leaver CS","2023","Unknown","Communications","Ministry of Justice","London","10","[c]","[c]","[c]"
"Leaver CS","2023","Unknown","Communications","Northern Ireland Office","London","[c]","[c]","[c]","[c]"
"Leaver CS","2023","Unknown","Communications","Office of the Secretary of State for Scotland","Outside London","[c]","[c]","[c]","[c]"
"Leaver CS","2023","Unknown","Communications","Scottish Government","Outside London","[c]","[c]","[c]","[c]"
"Leaver CS","2023","Unknown","Communications","UK Statistics Authority","London","[c]","[c]","[c]","[c]"
"Leaver CS","2023","Unknown","Communications","UK Statistics Authority","Outside London","[c]","[c]","[c]","[c]"
"Leaver CS","2023","Unknown","Counter Fraud","Attorney General's Departments","London","15","[c]","[c]","[c]"
"Leaver CS","2023","Unknown","Counter Fraud","Cabinet Office","London","[c]","[c]","[c]","[c]"
"Leaver CS","2023","Unknown","Counter Fraud","Cabinet Office","Outside London","[c]","[c]","[c]","[c]"
"Leaver CS","2023","Unknown","Counter Fraud","Department for Business, Energy and Industrial Strategy","Outside London","5","[c]","[c]","[c]"
"Leaver CS","2023","Unknown","Counter Fraud","Department for Work and Pensions","London","5","[c]","[c]","[c]"
"Leaver CS","2023","Unknown","Counter Fraud","Department for Work and Pensions","Outside London","30","[c]","26260","26500"
"Leaver CS","2023","Unknown","Counter Fraud","HM Revenue and Customs","London","25","[c]","[c]","[c]"
"Leaver CS","2023","Unknown","Counter Fraud","HM Revenue and Customs","Outside London","45","[c]","[c]","[c]"
"Leaver CS","2023","Unknown","Debt","Department for Work and Pensions","Outside London","55","[c]","21880","21690"
"Leaver CS","2023","Unknown","Debt","Department for Work and Pensions","Unknown","[c]","[c]","[c]","[c]"
"Leaver CS","2023","Unknown","Debt","HM Revenue and Customs","London","10","[c]","[c]","[c]"
"Leaver CS","2023","Unknown","Debt","HM Revenue and Customs","Outside London","155","[c]","[c]","[c]"
"Leaver CS","2023","Unknown","Digital, Data & Technology","Cabinet Office","London","40","[c]","43500","41870"
"Leaver CS","2023","Unknown","Digital, Data & Technology","Cabinet Office","Outside London","10","[c]","[c]","[c]"
"Leaver CS","2023","Unknown","Digital, Data & Technology","Cabinet Office","Unknown","[c]","[c]","[c]","[c]"
"Leaver CS","2023","Unknown","Digital, Data & Technology","Charity Commission","London","[c]","[c]","[c]","[c]"
"Leaver CS","2023","Unknown","Digital, Data & Technology","Charity Commission","Outside London","[c]","[c]","[c]","[c]"
"Leaver CS","2023","Unknown","Digital, Data & Technology","Department for Business, Energy and Industrial Strategy","Outside London","35","[c]","35820","33170"
"Leaver CS","2023","Unknown","Digital, Data & Technology","Department for Education","London","10","[c]","[c]","[c]"
"Leaver CS","2023","Unknown","Digital, Data & Technology","Department for Education","Outside London","15","[c]","[c]","[c]"
"Leaver CS","2023","Unknown","Digital, Data & Technology","Department for Environment, Food and Rural Affairs","London","[c]","[c]","[c]","[c]"
"Leaver CS","2023","Unknown","Digital, Data & Technology","Department for Environment, Food and Rural Affairs","Outside London","10","[c]","[c]","[c]"
"Leaver CS","2023","Unknown","Digital, Data & Technology","Department for International Trade","London","5","[c]","[c]","[c]"
"Leaver CS","2023","Unknown","Digital, Data & Technology","Department for International Trade","Outside London","[c]","[c]","[c]","[c]"
"Leaver CS","2023","Unknown","Digital, Data & Technology","Department for Levelling Up, Housing and Communities","London","[c]","[c]","[c]","[c]"
"Leaver CS","2023","Unknown","Digital, Data & Technology","Department for Levelling Up, Housing and Communities","Outside London","[c]","[c]","[c]","[c]"
"Leaver CS","2023","Unknown","Digital, Data & Technology","Department for Transport","Outside London","10","[c]","[c]","[c]"
"Leaver CS","2023","Unknown","Digital, Data & Technology","Department for Work and Pensions","London","10","[c]","[c]","[c]"
"Leaver CS","2023","Unknown","Digital, Data & Technology","Department for Work and Pensions","Outside London","55","[c]","43860","39270"
"Leaver CS","2023","Unknown","Digital, Data & Technology","Department of Health and Social Care","London","[c]","[c]","[c]","[c]"
"Leaver CS","2023","Unknown","Digital, Data & Technology","Department of Health and Social Care","Outside London","[c]","[c]","[c]","[c]"
"Leaver CS","2023","Unknown","Digital, Data & Technology","Food Standards Agency","Outside London","[c]","[c]","[c]","[c]"
"Leaver CS","2023","Unknown","Digital, Data & Technology","Foreign, Commonwealth and Development Office","Outside London","[c]","[c]","[c]","[c]"
"Leaver CS","2023","Unknown","Digital, Data & Technology","HM Land Registry","London","[c]","[c]","[c]","[c]"
"Leaver CS","2023","Unknown","Digital, Data & Technology","HM Land Registry","Outside London","25","[c]","[c]","[c]"
"Leaver CS","2023","Unknown","Digital, Data & Technology","HM Revenue and Customs","London","10","[c]","[c]","[c]"
"Leaver CS","2023","Unknown","Digital, Data & Technology","HM Revenue and Customs","Outside London","50","[c]","[c]","[c]"
"Leaver CS","2023","Unknown","Digital, Data & Technology","Home Office","London","20","[c]","[c]","[c]"
"Leaver CS","2023","Unknown","Digital, Data & Technology","Home Office","Outside London","10","[c]","[c]","[c]"
"Leaver CS","2023","Unknown","Digital, Data & Technology","Ministry of Defence","London","[c]","[c]","[c]","[c]"
"Leaver CS","2023","Unknown","Digital, Data & Technology","Ministry of Defence","Outside London","35","[c]","36660","34300"
"Leaver CS","2023","Unknown","Digital, Data & Technology","Ministry of Justice","London","30","[c]","[c]","[c]"
"Leaver CS","2023","Unknown","Digital, Data & Technology","Ministry of Justice","Outside London","10","[c]","[c]","[c]"
"Leaver CS","2023","Unknown","Digital, Data & Technology","National Crime Agency","London","[c]","[c]","[c]","[c]"
"Leaver CS","2023","Unknown","Digital, Data & Technology","National Crime Agency","Outside London","[c]","[c]","[c]","[c]"
"Leaver CS","2023","Unknown","Digital, Data & Technology","Scottish Government","Outside London","[c]","[c]","[c]","[c]"
"Leaver CS","2023","Unknown","Digital, Data & Technology","The National Archives","London","[c]","[c]","[c]","[c]"
"Leaver CS","2023","Unknown","Digital, Data & Technology","UK Statistics Authority","London","[c]","[c]","[c]","[c]"
"Leaver CS","2023","Unknown","Digital, Data & Technology","UK Statistics Authority","Outside London","20","[c]","[c]","[c]"
"Leaver CS","2023","Unknown","Digital, Data & Technology","UK Supreme Court","London","[c]","[c]","[c]","[c]"
"Leaver CS","2023","Unknown","Finance","Attorney General's Departments","London","[c]","[c]","[c]","[c]"
"Leaver CS","2023","Unknown","Finance","Attorney General's Departments","Outside London","[c]","[c]","[c]","[c]"
"Leaver CS","2023","Unknown","Finance","Cabinet Office","London","10","[c]","[c]","[c]"
"Leaver CS","2023","Unknown","Finance","Cabinet Office","Outside London","5","[c]","[c]","[c]"
"Leaver CS","2023","Unknown","Finance","Cabinet Office","Unknown","[c]","[c]","[c]","[c]"
"Leaver CS","2023","Unknown","Finance","Department for Business, Energy and Industrial Strategy","London","[c]","[c]","[c]","[c]"
"Leaver CS","2023","Unknown","Finance","Department for Business, Energy and Industrial Strategy","Outside London","[c]","[c]","[c]","[c]"
"Leaver CS","2023","Unknown","Finance","Department for Education","Outside London","[c]","[c]","[c]","[c]"
"Leaver CS","2023","Unknown","Finance","Department for Environment, Food and Rural Affairs","Outside London","[c]","[c]","[c]","[c]"
"Leaver CS","2023","Unknown","Finance","Department for International Trade","London","[c]","[c]","[c]","[c]"
"Leaver CS","2023","Unknown","Finance","Department for Levelling Up, Housing and Communities","London","[c]","[c]","[c]","[c]"
"Leaver CS","2023","Unknown","Finance","Department for Levelling Up, Housing and Communities","Outside London","[c]","[c]","[c]","[c]"
"Leaver CS","2023","Unknown","Finance","Department for Transport","Outside London","5","[c]","[c]","[c]"
"Leaver CS","2023","Unknown","Finance","Department for Work and Pensions","London","5","[c]","[c]","[c]"
"Leaver CS","2023","Unknown","Finance","Department for Work and Pensions","Outside London","10","[c]","[c]","[c]"
"Leaver CS","2023","Unknown","Finance","Department for Work and Pensions","Unknown","[c]","[c]","[c]","[c]"
"Leaver CS","2023","Unknown","Finance","Department of Health and Social Care","London","[c]","[c]","[c]","[c]"
"Leaver CS","2023","Unknown","Finance","Department of Health and Social Care","Outside London","[c]","[c]","[c]","[c]"
"Leaver CS","2023","Unknown","Finance","HM Land Registry","London","[c]","[c]","[c]","[c]"
"Leaver CS","2023","Unknown","Finance","HM Land Registry","Outside London","[c]","[c]","[c]","[c]"
"Leaver CS","2023","Unknown","Finance","HM Revenue and Customs","London","10","[c]","[c]","[c]"
"Leaver CS","2023","Unknown","Finance","HM Revenue and Customs","Outside London","30","[c]","[c]","[c]"
"Leaver CS","2023","Unknown","Finance","Home Office","London","[c]","[c]","[c]","[c]"
"Leaver CS","2023","Unknown","Finance","Ministry of Defence","London","[c]","[c]","[c]","[c]"
"Leaver CS","2023","Unknown","Finance","Ministry of Defence","Outside London","15","[c]","[c]","[c]"
"Leaver CS","2023","Unknown","Finance","Ministry of Justice","London","[c]","[c]","[c]","[c]"
"Leaver CS","2023","Unknown","Finance","Ministry of Justice","Outside London","[c]","[c]","[c]","[c]"
"Leaver CS","2023","Unknown","Finance","National Crime Agency","Outside London","[c]","[c]","[c]","[c]"
"Leaver CS","2023","Unknown","Finance","Scottish Government","Outside London","5","[c]","[c]","[c]"
"Leaver CS","2023","Unknown","Finance","Welsh Government","Outside London","[c]","[c]","[c]","[c]"
"Leaver CS","2023","Unknown","Grants Management","Department for Environment, Food and Rural Affairs","Outside London","110","[c]","23160","22150"
"Leaver CS","2023","Unknown","Human Resources","Attorney General's Departments","Outside London","[c]","[c]","[c]","[c]"
"Leaver CS","2023","Unknown","Human Resources","Cabinet Office","London","[c]","[c]","[c]","[c]"
"Leaver CS","2023","Unknown","Human Resources","Cabinet Office","Outside London","10","[c]","[c]","[c]"
"Leaver CS","2023","Unknown","Human Resources","Cabinet Office","Unknown","[c]","[c]","[c]","[c]"
"Leaver CS","2023","Unknown","Human Resources","Competition and Markets Authority","London","[c]","[c]","[c]","[c]"
"Leaver CS","2023","Unknown","Human Resources","Department for Business, Energy and Industrial Strategy","London","[c]","[c]","[c]","[c]"
"Leaver CS","2023","Unknown","Human Resources","Department for Business, Energy and Industrial Strategy","Outside London","[c]","[c]","[c]","[c]"
"Leaver CS","2023","Unknown","Human Resources","Department for Digital, Culture, Media and Sport","London","[c]","[c]","[c]","[c]"
"Leaver CS","2023","Unknown","Human Resources","Department for Education","Outside London","[c]","[c]","[c]","[c]"
"Leaver CS","2023","Unknown","Human Resources","Department for Environment, Food and Rural Affairs","London","[c]","[c]","[c]","[c]"
"Leaver CS","2023","Unknown","Human Resources","Department for Environment, Food and Rural Affairs","Outside London","5","[c]","[c]","[c]"
"Leaver CS","2023","Unknown","Human Resources","Department for International Trade","London","[c]","[c]","[c]","[c]"
"Leaver CS","2023","Unknown","Human Resources","Department for Transport","London","[c]","[c]","[c]","[c]"
"Leaver CS","2023","Unknown","Human Resources","Department for Transport","Outside London","5","[c]","[c]","[c]"
"Leaver CS","2023","Unknown","Human Resources","Department for Work and Pensions","London","[c]","[c]","[c]","[c]"
"Leaver CS","2023","Unknown","Human Resources","Department for Work and Pensions","Outside London","5","[c]","[c]","[c]"
"Leaver CS","2023","Unknown","Human Resources","Department of Health and Social Care","Outside London","[c]","[c]","[c]","[c]"
"Leaver CS","2023","Unknown","Human Resources","HM Land Registry","Outside London","[c]","[c]","[c]","[c]"
"Leaver CS","2023","Unknown","Human Resources","HM Revenue and Customs","London","[c]","[c]","[c]","[c]"
"Leaver CS","2023","Unknown","Human Resources","HM Revenue and Customs","Outside London","10","[c]","[c]","[c]"
"Leaver CS","2023","Unknown","Human Resources","Home Office","London","[c]","[c]","[c]","[c]"
"Leaver CS","2023","Unknown","Human Resources","Home Office","Outside London","5","[c]","[c]","[c]"
"Leaver CS","2023","Unknown","Human Resources","Ministry of Defence","London","[c]","[c]","[c]","[c]"
"Leaver CS","2023","Unknown","Human Resources","Ministry of Defence","Outside London","60","[c]","30820","26670"
"Leaver CS","2023","Unknown","Human Resources","Ministry of Defence","Overseas","40","[c]","48910","46130"
"Leaver CS","2023","Unknown","Human Resources","Ministry of Justice","London","5","[c]","[c]","[c]"
"Leaver CS","2023","Unknown","Human Resources","Ministry of Justice","Outside London","10","[c]","[c]","[c]"
"Leaver CS","2023","Unknown","Human Resources","National Crime Agency","Outside London","[c]","[c]","[c]","[c]"
"Leaver CS","2023","Unknown","Human Resources","National Crime Agency","Unknown","[c]","[c]","[c]","[c]"
"Leaver CS","2023","Unknown","Human Resources","Office of the Secretary of State for Scotland","London","[c]","[c]","[c]","[c]"
"Leaver CS","2023","Unknown","Human Resources","Scottish Government","Outside London","[c]","[c]","[c]","[c]"
"Leaver CS","2023","Unknown","Human Resources","UK Statistics Authority","Outside London","[c]","[c]","[c]","[c]"
"Leaver CS","2023","Unknown","Internal Audit","Department for Transport","Outside London","[c]","[c]","[c]","[c]"
"Leaver CS","2023","Unknown","Internal Audit","HM Revenue and Customs","London","[c]","[c]","[c]","[c]"
"Leaver CS","2023","Unknown","Internal Audit","Ministry of Defence","London","[c]","[c]","[c]","[c]"
"Leaver CS","2023","Unknown","Internal Audit","Ministry of Defence","Outside London","[c]","[c]","[c]","[c]"
"Leaver CS","2023","Unknown","Legal","Attorney General's Departments","London","40","[c]","51390","54250"
"Leaver CS","2023","Unknown","Legal","Attorney General's Departments","Outside London","30","[c]","43390","51580"
"Leaver CS","2023","Unknown","Legal","Cabinet Office","London","[c]","[c]","[c]","[c]"
"Leaver CS","2023","Unknown","Legal","Competition and Markets Authority","London","[c]","[c]","[c]","[c]"
"Leaver CS","2023","Unknown","Legal","Department for Business, Energy and Industrial Strategy","London","[c]","[c]","[c]","[c]"
"Leaver CS","2023","Unknown","Legal","Department for Education","London","[c]","[c]","[c]","[c]"
"Leaver CS","2023","Unknown","Legal","Department for Education","Outside London","[c]","[c]","[c]","[c]"
"Leaver CS","2023","Unknown","Legal","Foreign, Commonwealth and Development Office","Outside London","[c]","[c]","[c]","[c]"
"Leaver CS","2023","Unknown","Legal","HM Land Registry","London","[c]","[c]","[c]","[c]"
"Leaver CS","2023","Unknown","Legal","HM Land Registry","Outside London","5","[c]","[c]","[c]"
"Leaver CS","2023","Unknown","Legal","HM Revenue and Customs","London","[c]","[c]","[c]","[c]"
"Leaver CS","2023","Unknown","Legal","HM Revenue and Customs","Outside London","5","[c]","[c]","[c]"
"Leaver CS","2023","Unknown","Legal","Ministry of Defence","London","[c]","[c]","[c]","[c]"
"Leaver CS","2023","Unknown","Legal","Ministry of Justice","London","[c]","[c]","[c]","[c]"
"Leaver CS","2023","Unknown","Legal","Ministry of Justice","Outside London","[c]","[c]","[c]","[c]"
"Leaver CS","2023","Unknown","Legal","Scottish Government","Outside London","[c]","[c]","[c]","[c]"
"Leaver CS","2023","Unknown","Legal","UK Supreme Court","London","[c]","[c]","[c]","[c]"
"Leaver CS","2023","Unknown","No function","Attorney General's Departments","London","[c]","[c]","[c]","[c]"
"Leaver CS","2023","Unknown","No function","Cabinet Office","London","50","[c]","45780","40600"
"Leaver CS","2023","Unknown","No function","Cabinet Office","Outside London","[c]","[c]","[c]","[c]"
"Leaver CS","2023","Unknown","No function","Cabinet Office","Unknown","[c]","[c]","[c]","[c]"
"Leaver CS","2023","Unknown","No function","Charity Commission","London","[c]","[c]","[c]","[c]"
"Leaver CS","2023","Unknown","No function","Charity Commission","Outside London","10","[c]","[c]","[c]"
"Leaver CS","2023","Unknown","No function","Department for Business, Energy and Industrial Strategy","London","45","[c]","46060","40050"
"Leaver CS","2023","Unknown","No function","Department for Business, Energy and Industrial Strategy","Outside London","85","[c]","27480","24030"
"Leaver CS","2023","Unknown","No function","Department for Digital, Culture, Media and Sport","London","25","[c]","[c]","[c]"
"Leaver CS","2023","Unknown","No function","Department for Education","London","10","[c]","[c]","[c]"
"Leaver CS","2023","Unknown","No function","Department for Education","Outside London","20","[c]","[c]","[c]"
"Leaver CS","2023","Unknown","No function","Department for Environment, Food and Rural Affairs","London","65","[c]","[c]","[c]"
"Leaver CS","2023","Unknown","No function","Department for Environment, Food and Rural Affairs","Outside London","60","[c]","27670","25340"
"Leaver CS","2023","Unknown","No function","Department for Environment, Food and Rural Affairs","Unknown","5","[c]","[c]","[c]"
"Leaver CS","2023","Unknown","No function","Department for International Trade","London","35","[c]","43960","42000"
"Leaver CS","2023","Unknown","No function","Department for International Trade","Outside London","10","[c]","[c]","[c]"
"Leaver CS","2023","Unknown","No function","Department for International Trade","Overseas","[c]","[c]","[c]","[c]"
"Leaver CS","2023","Unknown","No function","Department for Levelling Up, Housing and Communities","London","25","[c]","[c]","[c]"
"Leaver CS","2023","Unknown","No function","Department for Levelling Up, Housing and Communities","Outside London","30","[c]","[c]","[c]"
"Leaver CS","2023","Unknown","No function","Department for Transport","London","55","[c]","39590","35190"
"Leaver CS","2023","Unknown","No function","Department for Transport","Outside London","285","[c]","24860","24000"
"Leaver CS","2023","Unknown","No function","Department for Work and Pensions","London","90","[c]","31150","31060"
"Leaver CS","2023","Unknown","No function","Department for Work and Pensions","Outside London","460","[c]","24730","21690"
"Leaver CS","2023","Unknown","No function","Department for Work and Pensions","Unknown","10","[c]","[c]","[c]"
"Leaver CS","2023","Unknown","No function","Department of Health and Social Care","London","295","[c]","48660","41870"
"Leaver CS","2023","Unknown","No function","Department of Health and Social Care","Outside London","215","[c]","43930","39350"
"Leaver CS","2023","Unknown","No function","Food Standards Agency","Outside London","10","[c]","[c]","[c]"
"Leaver CS","2023","Unknown","No function","HM Land Registry","London","10","[c]","[c]","[c]"
"Leaver CS","2023","Unknown","No function","HM Land Registry","Outside London","55","[c]","25930","23390"
"Leaver CS","2023","Unknown","No function","HM Revenue and Customs","London","40","[c]","[c]","[c]"
"Leaver CS","2023","Unknown","No function","HM Revenue and Customs","Outside London","630","[c]","[c]","[c]"
"Leaver CS","2023","Unknown","No function","Home Office","London","195","[c]","33060","29750"
"Leaver CS","2023","Unknown","No function","Home Office","Outside London","425","[c]","24990","25750"
"Leaver CS","2023","Unknown","No function","Home Office","Overseas","[c]","[c]","[c]","[c]"
"Leaver CS","2023","Unknown","No function","Home Office","Unknown","[c]","[c]","[c]","[c]"
"Leaver CS","2023","Unknown","No function","Ministry of Defence","London","25","[c]","[c]","[c]"
"Leaver CS","2023","Unknown","No function","Ministry of Defence","Outside London","200","[c]","32850","27060"
"Leaver CS","2023","Unknown","No function","Ministry of Defence","Overseas","[c]","[c]","[c]","[c]"
"Leaver CS","2023","Unknown","No function","Ministry of Justice","London","465","[c]","29540","25480"
"Leaver CS","2023","Unknown","No function","Ministry of Justice","Outside London","1865","[c]","22150","21780"
"Leaver CS","2023","Unknown","No function","Ministry of Justice","Unknown","20","[c]","[c]","[c]"
"Leaver CS","2023","Unknown","No function","National Crime Agency","London","10","[c]","[c]","[c]"
"Leaver CS","2023","Unknown","No function","National Crime Agency","Outside London","20","[c]","[c]","[c]"
"Leaver CS","2023","Unknown","No function","National Crime Agency","Overseas","[c]","[c]","[c]","[c]"
"Leaver CS","2023","Unknown","No function","Office for Standards in Education, Children's Services and Skills","London","[c]","[c]","[c]","[c]"
"Leaver CS","2023","Unknown","No function","Office for Standards in Education, Children's Services and Skills","Outside London","[c]","[c]","[c]","[c]"
"Leaver CS","2023","Unknown","No function","Office of Rail and Road","Outside London","[c]","[c]","[c]","[c]"
"Leaver CS","2023","Unknown","No function","Office of the Secretary of State for Scotland","London","[c]","[c]","[c]","[c]"
"Leaver CS","2023","Unknown","No function","Office of the Secretary of State for Wales","London","[c]","[c]","[c]","[c]"
"Leaver CS","2023","Unknown","No function","Scottish Government","Outside London","315","[c]","29660","26410"
"Leaver CS","2023","Unknown","No function","The National Archives","London","10","[c]","[c]","[c]"
"Leaver CS","2023","Unknown","No function","UK Statistics Authority","London","[c]","[c]","[c]","[c]"
"Leaver CS","2023","Unknown","No function","UK Statistics Authority","Outside London","100","[c]","22630","21200"
"Leaver CS","2023","Unknown","Project Delivery","Attorney General's Departments","London","[c]","[c]","[c]","[c]"
"Leaver CS","2023","Unknown","Project Delivery","Cabinet Office","London","15","[c]","[c]","[c]"
"Leaver CS","2023","Unknown","Project Delivery","Cabinet Office","Outside London","[c]","[c]","[c]","[c]"
"Leaver CS","2023","Unknown","Project Delivery","Cabinet Office","Unknown","[c]","[c]","[c]","[c]"
"Leaver CS","2023","Unknown","Project Delivery","Charity Commission","London","[c]","[c]","[c]","[c]"
"Leaver CS","2023","Unknown","Project Delivery","Charity Commission","Outside London","[c]","[c]","[c]","[c]"
"Leaver CS","2023","Unknown","Project Delivery","Competition and Markets Authority","London","[c]","[c]","[c]","[c]"
"Leaver CS","2023","Unknown","Project Delivery","Department for Business, Energy and Industrial Strategy","London","[c]","[c]","[c]","[c]"
"Leaver CS","2023","Unknown","Project Delivery","Department for Business, Energy and Industrial Strategy","Outside London","5","[c]","[c]","[c]"
"Leaver CS","2023","Unknown","Project Delivery","Department for Digital, Culture, Media and Sport","London","5","[c]","[c]","[c]"
"Leaver CS","2023","Unknown","Project Delivery","Department for Education","London","[c]","[c]","[c]","[c]"
"Leaver CS","2023","Unknown","Project Delivery","Department for Education","Outside London","[c]","[c]","[c]","[c]"
"Leaver CS","2023","Unknown","Project Delivery","Department for Environment, Food and Rural Affairs","London","[c]","[c]","[c]","[c]"
"Leaver CS","2023","Unknown","Project Delivery","Department for Environment, Food and Rural Affairs","Outside London","[c]","[c]","[c]","[c]"
"Leaver CS","2023","Unknown","Project Delivery","Department for International Trade","London","[c]","[c]","[c]","[c]"
"Leaver CS","2023","Unknown","Project Delivery","Department for Levelling Up, Housing and Communities","London","[c]","[c]","[c]","[c]"
"Leaver CS","2023","Unknown","Project Delivery","Department for Transport","London","[c]","[c]","[c]","[c]"
"Leaver CS","2023","Unknown","Project Delivery","Department for Transport","Outside London","[c]","[c]","[c]","[c]"
"Leaver CS","2023","Unknown","Project Delivery","Department for Work and Pensions","London","[c]","[c]","[c]","[c]"
"Leaver CS","2023","Unknown","Project Delivery","Department for Work and Pensions","Outside London","[c]","[c]","[c]","[c]"
"Leaver CS","2023","Unknown","Project Delivery","Department of Health and Social Care","London","[c]","[c]","[c]","[c]"
"Leaver CS","2023","Unknown","Project Delivery","Department of Health and Social Care","Unknown","[c]","[c]","[c]","[c]"
"Leaver CS","2023","Unknown","Project Delivery","Food Standards Agency","London","[c]","[c]","[c]","[c]"
"Leaver CS","2023","Unknown","Project Delivery","HM Land Registry","London","[c]","[c]","[c]","[c]"
"Leaver CS","2023","Unknown","Project Delivery","HM Land Registry","Outside London","[c]","[c]","[c]","[c]"
"Leaver CS","2023","Unknown","Project Delivery","HM Revenue and Customs","London","15","[c]","[c]","[c]"
"Leaver CS","2023","Unknown","Project Delivery","HM Revenue and Customs","Outside London","20","[c]","[c]","[c]"
"Leaver CS","2023","Unknown","Project Delivery","Ministry of Defence","Outside London","45","[c]","38400","39680"
"Leaver CS","2023","Unknown","Project Delivery","Ministry of Justice","London","[c]","[c]","[c]","[c]"
"Leaver CS","2023","Unknown","Project Delivery","Ministry of Justice","Outside London","[c]","[c]","[c]","[c]"
"Leaver CS","2023","Unknown","Project Delivery","National Crime Agency","Outside London","[c]","[c]","[c]","[c]"
"Leaver CS","2023","Unknown","Project Delivery","Scottish Government","Outside London","[c]","[c]","[c]","[c]"
"Leaver CS","2023","Unknown","Project Delivery","UK Statistics Authority","Outside London","5","[c]","[c]","[c]"
"Leaver CS","2023","Unknown","Property","Attorney General's Departments","London","[c]","[c]","[c]","[c]"
"Leaver CS","2023","Unknown","Property","Cabinet Office","London","[c]","[c]","[c]","[c]"
"Leaver CS","2023","Unknown","Property","Cabinet Office","Outside London","[c]","[c]","[c]","[c]"
"Leaver CS","2023","Unknown","Property","Department for Business, Energy and Industrial Strategy","Outside London","[c]","[c]","[c]","[c]"
"Leaver CS","2023","Unknown","Property","Department for Environment, Food and Rural Affairs","London","[c]","[c]","[c]","[c]"
"Leaver CS","2023","Unknown","Property","Department for Environment, Food and Rural Affairs","Outside London","10","[c]","[c]","[c]"
"Leaver CS","2023","Unknown","Property","Department for Transport","Outside London","[c]","[c]","[c]","[c]"
"Leaver CS","2023","Unknown","Property","Department for Work and Pensions","London","[c]","[c]","[c]","[c]"
"Leaver CS","2023","Unknown","Property","Department for Work and Pensions","Outside London","[c]","[c]","[c]","[c]"
"Leaver CS","2023","Unknown","Property","Department for Work and Pensions","Unknown","[c]","[c]","[c]","[c]"
"Leaver CS","2023","Unknown","Property","HM Land Registry","Outside London","[c]","[c]","[c]","[c]"
"Leaver CS","2023","Unknown","Property","HM Revenue and Customs","London","10","[c]","[c]","[c]"
"Leaver CS","2023","Unknown","Property","HM Revenue and Customs","Outside London","70","[c]","29550","23760"
"Leaver CS","2023","Unknown","Property","Ministry of Defence","London","[c]","[c]","[c]","[c]"
"Leaver CS","2023","Unknown","Property","Ministry of Defence","Outside London","25","[c]","[c]","[c]"
"Leaver CS","2023","Unknown","Property","Ministry of Justice","London","[c]","[c]","[c]","[c]"
"Leaver CS","2023","Unknown","Property","Ministry of Justice","Outside London","[c]","[c]","[c]","[c]"
"Leaver CS","2023","Unknown","Property","Scottish Government","Outside London","30","[c]","[c]","[c]"
"Leaver CS","2023","Unknown","Security","Cabinet Office","London","5","[c]","[c]","[c]"
"Leaver CS","2023","Unknown","Security","Cabinet Office","Outside London","25","[c]","[c]","[c]"
"Leaver CS","2023","Unknown","Security","Department for Business, Energy and Industrial Strategy","Outside London","[c]","[c]","[c]","[c]"
"Leaver CS","2023","Unknown","Security","Department for Transport","Outside London","[c]","[c]","[c]","[c]"
"Leaver CS","2023","Unknown","Security","HM Revenue and Customs","Outside London","[c]","[c]","[c]","[c]"
"Leaver CS","2023","Unknown","Security","Ministry of Defence","London","10","[c]","[c]","[c]"
"Leaver CS","2023","Unknown","Security","Ministry of Defence","Outside London","125","[c]","29140","27500"
"Leaver CS","2023","Unknown","Security","Ministry of Justice","London","5","[c]","[c]","[c]"
"Leaver CS","2023","Unknown","Security","Ministry of Justice","Outside London","[c]","[c]","[c]","[c]"
"Leaver CS","2023","Unknown","Security","UK Statistics Authority","Outside London","[c]","[c]","[c]","[c]"
"Leaver CS","2023","Unknown","Unknown","Attorney General's Departments","London","[c]","[c]","[c]","[c]"
"Leaver CS","2023","Unknown","Unknown","Cabinet Office","London","30","[c]","30240","30130"
"Leaver CS","2023","Unknown","Unknown","Cabinet Office","Outside London","5","[c]","[c]","[c]"
"Leaver CS","2023","Unknown","Unknown","Cabinet Office","Unknown","10","[c]","[c]","[c]"
"Leaver CS","2023","Unknown","Unknown","Department for Business, Energy and Industrial Strategy","London","[c]","[c]","[c]","[c]"
"Leaver CS","2023","Unknown","Unknown","Department for Business, Energy and Industrial Strategy","Outside London","[c]","[c]","[c]","[c]"
"Leaver CS","2023","Unknown","Unknown","Department for Education","London","[c]","[c]","[c]","[c]"
"Leaver CS","2023","Unknown","Unknown","Department for Education","Outside London","[c]","[c]","[c]","[c]"
"Leaver CS","2023","Unknown","Unknown","Department for Environment, Food and Rural Affairs","Outside London","[c]","[c]","[c]","[c]"
"Leaver CS","2023","Unknown","Unknown","Department for International Trade","London","30","[c]","[c]","[c]"
"Leaver CS","2023","Unknown","Unknown","Department for International Trade","Outside London","[c]","[c]","[c]","[c]"
"Leaver CS","2023","Unknown","Unknown","Department for Work and Pensions","London","15","[c]","[c]","[c]"
"Leaver CS","2023","Unknown","Unknown","Department for Work and Pensions","Outside London","5","[c]","[c]","[c]"
"Leaver CS","2023","Unknown","Unknown","Department of Health and Social Care","London","140","[c]","[c]","[c]"
"Leaver CS","2023","Unknown","Unknown","Department of Health and Social Care","Outside London","55","[c]","[c]","[c]"
"Leaver CS","2023","Unknown","Unknown","Department of Health and Social Care","Unknown","45","[c]","[c]","[c]"
"Leaver CS","2023","Unknown","Unknown","Food Standards Agency","Outside London","[c]","[c]","[c]","[c]"
"Leaver CS","2023","Unknown","Unknown","Foreign, Commonwealth and Development Office","London","135","[c]","[c]","[c]"
"Leaver CS","2023","Unknown","Unknown","Foreign, Commonwealth and Development Office","Outside London","40","[c]","[c]","[c]"
"Leaver CS","2023","Unknown","Unknown","Foreign, Commonwealth and Development Office","Overseas","25","[c]","[c]","[c]"
"Leaver CS","2023","Unknown","Unknown","Ministry of Defence","London","[c]","[c]","[c]","[c]"
"Leaver CS","2023","Unknown","Unknown","Ministry of Defence","Outside London","15","[c]","[c]","[c]"
"Leaver CS","2023","Unknown","Unknown","Ministry of Defence","Overseas","[c]","[c]","[c]","[c]"
"Leaver CS","2023","Unknown","Unknown","Ministry of Defence","Unknown","200","[c]","36910","34110"
"Leaver CS","2023","Unknown","Unknown","Northern Ireland Office","London","[c]","[c]","[c]","[c]"
"Leaver CS","2023","Unknown","Unknown","Office of the Secretary of State for Scotland","London","[c]","[c]","[c]","[c]"
"Leaver CS","2023","Unknown","Unknown","Office of the Secretary of State for Scotland","Outside London","[c]","[c]","[c]","[c]"
"Leaver CS","2023","Unknown","Unknown","Scottish Government","Outside London","350","[c]","33460","29450"
"Leaver CS","2023","Unknown","Unknown","Welsh Government","Outside London","15","[c]","[c]","[c]"
"Leaver CS","2023","White","Analysis","Cabinet Office","London","[c]","[c]","[c]","[c]"
"Leaver CS","2023","White","Analysis","Cabinet Office","Outside London","[c]","[c]","[c]","[c]"
"Leaver CS","2023","White","Analysis","Cabinet Office","Unknown","[c]","[c]","[c]","[c]"
"Leaver CS","2023","White","Analysis","Chancellor's other departments","London","15","[c]","[c]","[c]"
"Leaver CS","2023","White","Analysis","Chancellor's other departments","Outside London","[c]","[c]","[c]","[c]"
"Leaver CS","2023","White","Analysis","Competition and Markets Authority","London","10","[c]","[c]","[c]"
"Leaver CS","2023","White","Analysis","Competition and Markets Authority","Outside London","[c]","[c]","[c]","[c]"
"Leaver CS","2023","White","Analysis","Department for Business, Energy and Industrial Strategy","London","10","[c]","[c]","[c]"
"Leaver CS","2023","White","Analysis","Department for Business, Energy and Industrial Strategy","Outside London","[c]","[c]","[c]","[c]"
"Leaver CS","2023","White","Analysis","Department for Digital, Culture, Media and Sport","London","10","[c]","[c]","[c]"
"Leaver CS","2023","White","Analysis","Department for Education","London","5","[c]","[c]","[c]"
"Leaver CS","2023","White","Analysis","Department for Education","Outside London","20","[c]","[c]","[c]"
"Leaver CS","2023","White","Analysis","Department for Environment, Food and Rural Affairs","Outside London","35","[c]","33060","29510"
"Leaver CS","2023","White","Analysis","Department for International Trade","London","10","[c]","[c]","[c]"
"Leaver CS","2023","White","Analysis","Department for Levelling Up, Housing and Communities","London","15","[c]","[c]","[c]"
"Leaver CS","2023","White","Analysis","Department for Levelling Up, Housing and Communities","Outside London","5","[c]","[c]","[c]"
"Leaver CS","2023","White","Analysis","Department for Transport","Outside London","[c]","[c]","[c]","[c]"
"Leaver CS","2023","White","Analysis","Department for Work and Pensions","London","[c]","[c]","[c]","[c]"
"Leaver CS","2023","White","Analysis","Department for Work and Pensions","Outside London","5","[c]","[c]","[c]"
"Leaver CS","2023","White","Analysis","Department for Work and Pensions","Unknown","[c]","[c]","[c]","[c]"
"Leaver CS","2023","White","Analysis","Department of Health and Social Care","London","[c]","[c]","[c]","[c]"
"Leaver CS","2023","White","Analysis","Estyn","Outside London","[c]","[c]","[c]","[c]"
"Leaver CS","2023","White","Analysis","Food Standards Agency","London","[c]","[c]","[c]","[c]"
"Leaver CS","2023","White","Analysis","Food Standards Agency","Outside London","[c]","[c]","[c]","[c]"
"Leaver CS","2023","White","Analysis","Foreign, Commonwealth and Development Office","Outside London","[c]","[c]","[c]","[c]"
"Leaver CS","2023","White","Analysis","HM Land Registry","London","[c]","[c]","[c]","[c]"
"Leaver CS","2023","White","Analysis","HM Land Registry","Outside London","[c]","[c]","[c]","[c]"
"Leaver CS","2023","White","Analysis","HM Revenue and Customs","London","15","[c]","[c]","[c]"
"Leaver CS","2023","White","Analysis","HM Revenue and Customs","Outside London","15","[c]","[c]","[c]"
"Leaver CS","2023","White","Analysis","HM Treasury","London","30","[c]","[c]","[c]"
"Leaver CS","2023","White","Analysis","HM Treasury","Outside London","[c]","[c]","[c]","[c]"
"Leaver CS","2023","White","Analysis","Home Office","London","15","[c]","[c]","[c]"
"Leaver CS","2023","White","Analysis","Home Office","Outside London","5","[c]","[c]","[c]"
"Leaver CS","2023","White","Analysis","Ministry of Defence","London","5","[c]","[c]","[c]"
"Leaver CS","2023","White","Analysis","Ministry of Defence","Outside London","140","[c]","36250","38070"
"Leaver CS","2023","White","Analysis","Ministry of Justice","London","15","[c]","[c]","[c]"
"Leaver CS","2023","White","Analysis","Ministry of Justice","Outside London","5","[c]","[c]","[c]"
"Leaver CS","2023","White","Analysis","Ministry of Justice","Unknown","[c]","[c]","[c]","[c]"
"Leaver CS","2023","White","Analysis","Office for Standards in Education, Children's Services and Skills","London","[c]","[c]","[c]","[c]"
"Leaver CS","2023","White","Analysis","Office for Standards in Education, Children's Services and Skills","Outside London","15","[c]","[c]","[c]"
"Leaver CS","2023","White","Analysis","Office of Gas and Electricity Markets","London","[c]","[c]","[c]","[c]"
"Leaver CS","2023","White","Analysis","Office of Gas and Electricity Markets","Outside London","[c]","[c]","[c]","[c]"
"Leaver CS","2023","White","Analysis","Office of Rail and Road","London","[c]","[c]","[c]","[c]"
"Leaver CS","2023","White","Analysis","Office of Rail and Road","Outside London","[c]","[c]","[c]","[c]"
"Leaver CS","2023","White","Analysis","Scottish Government","Outside London","[c]","[c]","[c]","[c]"
"Leaver CS","2023","White","Analysis","UK Export Finance","London","[c]","[c]","[c]","[c]"
"Leaver CS","2023","White","Analysis","UK Statistics Authority","London","10","[c]","[c]","[c]"
"Leaver CS","2023","White","Analysis","UK Statistics Authority","Outside London","85","[c]","31550","30210"
"Leaver CS","2023","White","Analysis","Water Services Regulation Authority","Outside London","5","[c]","[c]","[c]"
"Leaver CS","2023","White","Commercial","Attorney General's Departments","London","[c]","[c]","[c]","[c]"
"Leaver CS","2023","White","Commercial","Attorney General's Departments","Outside London","[c]","[c]","[c]","[c]"
"Leaver CS","2023","White","Commercial","Cabinet Office","London","20","[c]","[c]","[c]"
"Leaver CS","2023","White","Commercial","Cabinet Office","Outside London","30","[c]","44880","38840"
"Leaver CS","2023","White","Commercial","Cabinet Office","Unknown","[c]","[c]","[c]","[c]"
"Leaver CS","2023","White","Commercial","Chancellor's other departments","London","[c]","[c]","[c]","[c]"
"Leaver CS","2023","White","Commercial","Competition and Markets Authority","London","[c]","[c]","[c]","[c]"
"Leaver CS","2023","White","Commercial","Department for Business, Energy and Industrial Strategy","London","[c]","[c]","[c]","[c]"
"Leaver CS","2023","White","Commercial","Department for Business, Energy and Industrial Strategy","Outside London","10","[c]","[c]","[c]"
"Leaver CS","2023","White","Commercial","Department for Digital, Culture, Media and Sport","London","10","[c]","[c]","[c]"
"Leaver CS","2023","White","Commercial","Department for Education","London","[c]","[c]","[c]","[c]"
"Leaver CS","2023","White","Commercial","Department for Education","Outside London","20","[c]","[c]","[c]"
"Leaver CS","2023","White","Commercial","Department for Environment, Food and Rural Affairs","London","[c]","[c]","[c]","[c]"
"Leaver CS","2023","White","Commercial","Department for Environment, Food and Rural Affairs","Outside London","15","[c]","[c]","[c]"
"Leaver CS","2023","White","Commercial","Department for International Trade","London","[c]","[c]","[c]","[c]"
"Leaver CS","2023","White","Commercial","Department for Levelling Up, Housing and Communities","London","[c]","[c]","[c]","[c]"
"Leaver CS","2023","White","Commercial","Department for Transport","Outside London","15","[c]","[c]","[c]"
"Leaver CS","2023","White","Commercial","Department for Work and Pensions","Outside London","5","[c]","[c]","[c]"
"Leaver CS","2023","White","Commercial","Department of Health and Social Care","London","[c]","[c]","[c]","[c]"
"Leaver CS","2023","White","Commercial","Department of Health and Social Care","Outside London","[c]","[c]","[c]","[c]"
"Leaver CS","2023","White","Commercial","Foreign, Commonwealth and Development Office","London","[c]","[c]","[c]","[c]"
"Leaver CS","2023","White","Commercial","Foreign, Commonwealth and Development Office","Outside London","10","[c]","[c]","[c]"
"Leaver CS","2023","White","Commercial","HM Land Registry","London","[c]","[c]","[c]","[c]"
"Leaver CS","2023","White","Commercial","HM Land Registry","Outside London","[c]","[c]","[c]","[c]"
"Leaver CS","2023","White","Commercial","HM Revenue and Customs","London","[c]","[c]","[c]","[c]"
"Leaver CS","2023","White","Commercial","HM Revenue and Customs","Outside London","5","[c]","[c]","[c]"
"Leaver CS","2023","White","Commercial","Home Office","London","5","[c]","[c]","[c]"
"Leaver CS","2023","White","Commercial","Home Office","Outside London","[c]","[c]","[c]","[c]"
"Leaver CS","2023","White","Commercial","Ministry of Defence","London","[c]","[c]","[c]","[c]"
"Leaver CS","2023","White","Commercial","Ministry of Defence","Outside London","125","[c]","41360","37630"
"Leaver CS","2023","White","Commercial","Ministry of Defence","Overseas","[c]","[c]","[c]","[c]"
"Leaver CS","2023","White","Commercial","Ministry of Justice","London","[c]","[c]","[c]","[c]"
"Leaver CS","2023","White","Commercial","Ministry of Justice","Outside London","10","[c]","[c]","[c]"
"Leaver CS","2023","White","Commercial","Scottish Government","Outside London","5","[c]","[c]","[c]"
"Leaver CS","2023","White","Commercial","The National Archives","London","[c]","[c]","[c]","[c]"
"Leaver CS","2023","White","Commercial","UK Export Finance","London","20","[c]","[c]","[c]"
"Leaver CS","2023","White","Commercial","UK Export Finance","Outside London","[c]","[c]","[c]","[c]"
"Leaver CS","2023","White","Commercial","UK Statistics Authority","Outside London","[c]","[c]","[c]","[c]"
"Leaver CS","2023","White","Communications","Attorney General's Departments","London","5","[c]","[c]","[c]"
"Leaver CS","2023","White","Communications","Attorney General's Departments","Outside London","[c]","[c]","[c]","[c]"
"Leaver CS","2023","White","Communications","Cabinet Office","London","35","[c]","46650","41870"
"Leaver CS","2023","White","Communications","Cabinet Office","Outside London","5","[c]","[c]","[c]"
"Leaver CS","2023","White","Communications","Cabinet Office","Unknown","[c]","[c]","[c]","[c]"
"Leaver CS","2023","White","Communications","Chancellor's other departments","London","[c]","[c]","[c]","[c]"
"Leaver CS","2023","White","Communications","Chancellor's other departments","Outside London","[c]","[c]","[c]","[c]"
"Leaver CS","2023","White","Communications","Charity Commission","Outside London","[c]","[c]","[c]","[c]"
"Leaver CS","2023","White","Communications","Competition and Markets Authority","London","10","[c]","[c]","[c]"
"Leaver CS","2023","White","Communications","Department for Business, Energy and Industrial Strategy","London","10","[c]","[c]","[c]"
"Leaver CS","2023","White","Communications","Department for Business, Energy and Industrial Strategy","Outside London","5","[c]","[c]","[c]"
"Leaver CS","2023","White","Communications","Department for Digital, Culture, Media and Sport","London","[c]","[c]","[c]","[c]"
"Leaver CS","2023","White","Communications","Department for Education","London","15","[c]","[c]","[c]"
"Leaver CS","2023","White","Communications","Department for Education","Outside London","5","[c]","[c]","[c]"
"Leaver CS","2023","White","Communications","Department for Environment, Food and Rural Affairs","London","10","[c]","[c]","[c]"
"Leaver CS","2023","White","Communications","Department for Environment, Food and Rural Affairs","Outside London","15","[c]","[c]","[c]"
"Leaver CS","2023","White","Communications","Department for International Trade","London","5","[c]","[c]","[c]"
"Leaver CS","2023","White","Communications","Department for International Trade","Outside London","[c]","[c]","[c]","[c]"
"Leaver CS","2023","White","Communications","Department for Levelling Up, Housing and Communities","London","10","[c]","[c]","[c]"
"Leaver CS","2023","White","Communications","Department for Levelling Up, Housing and Communities","Outside London","[c]","[c]","[c]","[c]"
"Leaver CS","2023","White","Communications","Department for Transport","London","[c]","[c]","[c]","[c]"
"Leaver CS","2023","White","Communications","Department for Transport","Outside London","10","[c]","[c]","[c]"
"Leaver CS","2023","White","Communications","Department for Work and Pensions","London","[c]","[c]","[c]","[c]"
"Leaver CS","2023","White","Communications","Department for Work and Pensions","Outside London","[c]","[c]","[c]","[c]"
"Leaver CS","2023","White","Communications","Department for Work and Pensions","Unknown","[c]","[c]","[c]","[c]"
"Leaver CS","2023","White","Communications","Department of Health and Social Care","London","5","[c]","[c]","[c]"
"Leaver CS","2023","White","Communications","Food Standards Agency","Outside London","5","[c]","[c]","[c]"
"Leaver CS","2023","White","Communications","Foreign, Commonwealth and Development Office","Outside London","[c]","[c]","[c]","[c]"
"Leaver CS","2023","White","Communications","HM Land Registry","London","[c]","[c]","[c]","[c]"
"Leaver CS","2023","White","Communications","HM Land Registry","Outside London","[c]","[c]","[c]","[c]"
"Leaver CS","2023","White","Communications","HM Revenue and Customs","London","5","[c]","[c]","[c]"
"Leaver CS","2023","White","Communications","HM Revenue and Customs","Outside London","5","[c]","[c]","[c]"
"Leaver CS","2023","White","Communications","HM Treasury","London","5","[c]","[c]","[c]"
"Leaver CS","2023","White","Communications","HM Treasury","Unknown","[c]","[c]","[c]","[c]"
"Leaver CS","2023","White","Communications","Home Office","London","10","[c]","[c]","[c]"
"Leaver CS","2023","White","Communications","Home Office","Outside London","[c]","[c]","[c]","[c]"
"Leaver CS","2023","White","Communications","Ministry of Defence","London","10","[c]","[c]","[c]"
"Leaver CS","2023","White","Communications","Ministry of Defence","Outside London","20","[c]","[c]","[c]"
"Leaver CS","2023","White","Communications","Ministry of Justice","London","[c]","[c]","[c]","[c]"
"Leaver CS","2023","White","Communications","Ministry of Justice","Outside London","[c]","[c]","[c]","[c]"
"Leaver CS","2023","White","Communications","National Crime Agency","London","[c]","[c]","[c]","[c]"
"Leaver CS","2023","White","Communications","National Crime Agency","Outside London","[c]","[c]","[c]","[c]"
"Leaver CS","2023","White","Communications","Northern Ireland Office","London","[c]","[c]","[c]","[c]"
"Leaver CS","2023","White","Communications","Office for Standards in Education, Children's Services and Skills","London","[c]","[c]","[c]","[c]"
"Leaver CS","2023","White","Communications","Office for Standards in Education, Children's Services and Skills","Outside London","[c]","[c]","[c]","[c]"
"Leaver CS","2023","White","Communications","Office of Gas and Electricity Markets","London","5","[c]","[c]","[c]"
"Leaver CS","2023","White","Communications","Office of Gas and Electricity Markets","Outside London","[c]","[c]","[c]","[c]"
"Leaver CS","2023","White","Communications","Office of Qualifications and Examinations Regulation","Outside London","[c]","[c]","[c]","[c]"
"Leaver CS","2023","White","Communications","Office of Rail and Road","London","[c]","[c]","[c]","[c]"
"Leaver CS","2023","White","Communications","Office of the Secretary of State for Scotland","Outside London","[c]","[c]","[c]","[c]"
"Leaver CS","2023","White","Communications","Scottish Government","Outside London","[c]","[c]","[c]","[c]"
"Leaver CS","2023","White","Communications","UK Export Finance","London","10","[c]","[c]","[c]"
"Leaver CS","2023","White","Communications","UK Statistics Authority","London","[c]","[c]","[c]","[c]"
"Leaver CS","2023","White","Communications","UK Statistics Authority","Outside London","[c]","[c]","[c]","[c]"
"Leaver CS","2023","White","Communications","UK Supreme Court","London","[c]","[c]","[c]","[c]"
"Leaver CS","2023","White","Communications","Water Services Regulation Authority","Outside London","[c]","[c]","[c]","[c]"
"Leaver CS","2023","White","Counter Fraud","Attorney General's Departments","London","20","[c]","[c]","[c]"
"Leaver CS","2023","White","Counter Fraud","Cabinet Office","London","10","[c]","[c]","[c]"
"Leaver CS","2023","White","Counter Fraud","Cabinet Office","Outside London","[c]","[c]","[c]","[c]"
"Leaver CS","2023","White","Counter Fraud","Cabinet Office","Unknown","[c]","[c]","[c]","[c]"
"Leaver CS","2023","White","Counter Fraud","Chancellor's other departments","Outside London","[c]","[c]","[c]","[c]"
"Leaver CS","2023","White","Counter Fraud","Department for Business, Energy and Industrial Strategy","London","[c]","[c]","[c]","[c]"
"Leaver CS","2023","White","Counter Fraud","Department for Business, Energy and Industrial Strategy","Outside London","15","[c]","[c]","[c]"
"Leaver CS","2023","White","Counter Fraud","Department for Digital, Culture, Media and Sport","London","[c]","[c]","[c]","[c]"
"Leaver CS","2023","White","Counter Fraud","Department for Transport","London","[c]","[c]","[c]","[c]"
"Leaver CS","2023","White","Counter Fraud","Department for Transport","Outside London","[c]","[c]","[c]","[c]"
"Leaver CS","2023","White","Counter Fraud","Department for Work and Pensions","London","20","[c]","[c]","[c]"
"Leaver CS","2023","White","Counter Fraud","Department for Work and Pensions","Outside London","265","[c]","27050","27570"
"Leaver CS","2023","White","Counter Fraud","Food Standards Agency","Outside London","[c]","[c]","[c]","[c]"
"Leaver CS","2023","White","Counter Fraud","HM Revenue and Customs","London","50","[c]","[c]","[c]"
"Leaver CS","2023","White","Counter Fraud","HM Revenue and Customs","Outside London","240","[c]","[c]","[c]"
"Leaver CS","2023","White","Counter Fraud","Ministry of Defence","London","[c]","[c]","[c]","[c]"
"Leaver CS","2023","White","Debt","Department for Work and Pensions","London","[c]","[c]","[c]","[c]"
"Leaver CS","2023","White","Debt","Department for Work and Pensions","Outside London","225","[c]","22750","21690"
"Leaver CS","2023","White","Debt","Department for Work and Pensions","Unknown","[c]","[c]","[c]","[c]"
"Leaver CS","2023","White","Debt","HM Revenue and Customs","London","10","[c]","[c]","[c]"
"Leaver CS","2023","White","Debt","HM Revenue and Customs","Outside London","225","[c]","[c]","[c]"
"Leaver CS","2023","White","Digital, Data & Technology","Attorney General's Departments","London","[c]","[c]","[c]","[c]"
"Leaver CS","2023","White","Digital, Data & Technology","Attorney General's Departments","Outside London","5","[c]","[c]","[c]"
"Leaver CS","2023","White","Digital, Data & Technology","Cabinet Office","London","85","[c]","56390","56430"
"Leaver CS","2023","White","Digital, Data & Technology","Cabinet Office","Outside London","30","[c]","[c]","[c]"
"Leaver CS","2023","White","Digital, Data & Technology","Cabinet Office","Unknown","[c]","[c]","[c]","[c]"
"Leaver CS","2023","White","Digital, Data & Technology","Chancellor's other departments","London","[c]","[c]","[c]","[c]"
"Leaver CS","2023","White","Digital, Data & Technology","Charity Commission","London","[c]","[c]","[c]","[c]"
"Leaver CS","2023","White","Digital, Data & Technology","Charity Commission","Outside London","[c]","[c]","[c]","[c]"
"Leaver CS","2023","White","Digital, Data & Technology","Competition and Markets Authority","London","10","[c]","[c]","[c]"
"Leaver CS","2023","White","Digital, Data & Technology","Department for Business, Energy and Industrial Strategy","London","15","[c]","[c]","[c]"
"Leaver CS","2023","White","Digital, Data & Technology","Department for Business, Energy and Industrial Strategy","Outside London","105","[c]","36240","35080"
"Leaver CS","2023","White","Digital, Data & Technology","Department for Business, Energy and Industrial Strategy","Overseas","[c]","[c]","[c]","[c]"
"Leaver CS","2023","White","Digital, Data & Technology","Department for Digital, Culture, Media and Sport","London","[c]","[c]","[c]","[c]"
"Leaver CS","2023","White","Digital, Data & Technology","Department for Education","London","5","[c]","[c]","[c]"
"Leaver CS","2023","White","Digital, Data & Technology","Department for Education","Outside London","55","[c]","45870","47210"
"Leaver CS","2023","White","Digital, Data & Technology","Department for Environment, Food and Rural Affairs","London","[c]","[c]","[c]","[c]"
"Leaver CS","2023","White","Digital, Data & Technology","Department for Environment, Food and Rural Affairs","Outside London","50","[c]","[c]","[c]"
"Leaver CS","2023","White","Digital, Data & Technology","Department for International Trade","London","10","[c]","[c]","[c]"
"Leaver CS","2023","White","Digital, Data & Technology","Department for International Trade","Outside London","[c]","[c]","[c]","[c]"
"Leaver CS","2023","White","Digital, Data & Technology","Department for Levelling Up, Housing and Communities","London","5","[c]","[c]","[c]"
"Leaver CS","2023","White","Digital, Data & Technology","Department for Levelling Up, Housing and Communities","Outside London","5","[c]","[c]","[c]"
"Leaver CS","2023","White","Digital, Data & Technology","Department for Transport","Outside London","50","[c]","39800","38380"
"Leaver CS","2023","White","Digital, Data & Technology","Department for Work and Pensions","London","15","[c]","[c]","[c]"
"Leaver CS","2023","White","Digital, Data & Technology","Department for Work and Pensions","Outside London","195","[c]","45510","40530"
"Leaver CS","2023","White","Digital, Data & Technology","Department of Health and Social Care","London","[c]","[c]","[c]","[c]"
"Leaver CS","2023","White","Digital, Data & Technology","Department of Health and Social Care","Outside London","[c]","[c]","[c]","[c]"
"Leaver CS","2023","White","Digital, Data & Technology","Food Standards Agency","London","[c]","[c]","[c]","[c]"
"Leaver CS","2023","White","Digital, Data & Technology","Food Standards Agency","Outside London","[c]","[c]","[c]","[c]"
"Leaver CS","2023","White","Digital, Data & Technology","Foreign, Commonwealth and Development Office","London","[c]","[c]","[c]","[c]"
"Leaver CS","2023","White","Digital, Data & Technology","Foreign, Commonwealth and Development Office","Outside London","10","[c]","[c]","[c]"
"Leaver CS","2023","White","Digital, Data & Technology","HM Land Registry","London","5","[c]","[c]","[c]"
"Leaver CS","2023","White","Digital, Data & Technology","HM Land Registry","Outside London","55","[c]","40950","39460"
"Leaver CS","2023","White","Digital, Data & Technology","HM Revenue and Customs","London","5","[c]","[c]","[c]"
"Leaver CS","2023","White","Digital, Data & Technology","HM Revenue and Customs","Outside London","115","[c]","[c]","[c]"
"Leaver CS","2023","White","Digital, Data & Technology","HM Treasury","London","[c]","[c]","[c]","[c]"
"Leaver CS","2023","White","Digital, Data & Technology","Home Office","London","40","[c]","48320","43210"
"Leaver CS","2023","White","Digital, Data & Technology","Home Office","Outside London","30","[c]","44900","39190"
"Leaver CS","2023","White","Digital, Data & Technology","Home Office","Unknown","[c]","[c]","[c]","[c]"
"Leaver CS","2023","White","Digital, Data & Technology","Ministry of Defence","London","5","[c]","[c]","[c]"
"Leaver CS","2023","White","Digital, Data & Technology","Ministry of Defence","Outside London","170","[c]","35330","33000"
"Leaver CS","2023","White","Digital, Data & Technology","Ministry of Defence","Overseas","[c]","[c]","[c]","[c]"
"Leaver CS","2023","White","Digital, Data & Technology","Ministry of Justice","London","40","[c]","57190","58740"
"Leaver CS","2023","White","Digital, Data & Technology","Ministry of Justice","Outside London","25","[c]","[c]","[c]"
"Leaver CS","2023","White","Digital, Data & Technology","National Crime Agency","London","5","[c]","[c]","[c]"
"Leaver CS","2023","White","Digital, Data & Technology","National Crime Agency","Outside London","10","[c]","[c]","[c]"
"Leaver CS","2023","White","Digital, Data & Technology","National Crime Agency","Overseas","[c]","[c]","[c]","[c]"
"Leaver CS","2023","White","Digital, Data & Technology","Office for Standards in Education, Children's Services and Skills","London","[c]","[c]","[c]","[c]"
"Leaver CS","2023","White","Digital, Data & Technology","Office for Standards in Education, Children's Services and Skills","Outside London","5","[c]","[c]","[c]"
"Leaver CS","2023","White","Digital, Data & Technology","Office of Gas and Electricity Markets","London","[c]","[c]","[c]","[c]"
"Leaver CS","2023","White","Digital, Data & Technology","Office of Gas and Electricity Markets","Outside London","[c]","[c]","[c]","[c]"
"Leaver CS","2023","White","Digital, Data & Technology","Office of Qualifications and Examinations Regulation","Outside London","[c]","[c]","[c]","[c]"
"Leaver CS","2023","White","Digital, Data & Technology","Office of Rail and Road","London","[c]","[c]","[c]","[c]"
"Leaver CS","2023","White","Digital, Data & Technology","Scottish Government","Outside London","10","[c]","[c]","[c]"
"Leaver CS","2023","White","Digital, Data & Technology","The National Archives","London","10","[c]","[c]","[c]"
"Leaver CS","2023","White","Digital, Data & Technology","UK Export Finance","London","5","[c]","[c]","[c]"
"Leaver CS","2023","White","Digital, Data & Technology","UK Statistics Authority","London","[c]","[c]","[c]","[c]"
"Leaver CS","2023","White","Digital, Data & Technology","UK Statistics Authority","Outside London","45","[c]","40780","37690"
"Leaver CS","2023","White","Digital, Data & Technology","UK Supreme Court","London","[c]","[c]","[c]","[c]"
"Leaver CS","2023","White","Digital, Data & Technology","Water Services Regulation Authority","Outside London","[c]","[c]","[c]","[c]"
"Leaver CS","2023","White","Finance","Attorney General's Departments","London","[c]","[c]","[c]","[c]"
"Leaver CS","2023","White","Finance","Attorney General's Departments","Outside London","[c]","[c]","[c]","[c]"
"Leaver CS","2023","White","Finance","Cabinet Office","London","5","[c]","[c]","[c]"
"Leaver CS","2023","White","Finance","Cabinet Office","Outside London","[c]","[c]","[c]","[c]"
"Leaver CS","2023","White","Finance","Cabinet Office","Unknown","[c]","[c]","[c]","[c]"
"Leaver CS","2023","White","Finance","Chancellor's other departments","London","[c]","[c]","[c]","[c]"
"Leaver CS","2023","White","Finance","Charity Commission","Outside London","[c]","[c]","[c]","[c]"
"Leaver CS","2023","White","Finance","Competition and Markets Authority","London","[c]","[c]","[c]","[c]"
"Leaver CS","2023","White","Finance","Department for Business, Energy and Industrial Strategy","London","10","[c]","[c]","[c]"
"Leaver CS","2023","White","Finance","Department for Business, Energy and Industrial Strategy","Outside London","10","[c]","[c]","[c]"
"Leaver CS","2023","White","Finance","Department for Digital, Culture, Media and Sport","London","[c]","[c]","[c]","[c]"
"Leaver CS","2023","White","Finance","Department for Education","London","5","[c]","[c]","[c]"
"Leaver CS","2023","White","Finance","Department for Education","Outside London","15","[c]","[c]","[c]"
"Leaver CS","2023","White","Finance","Department for Environment, Food and Rural Affairs","London","[c]","[c]","[c]","[c]"
"Leaver CS","2023","White","Finance","Department for Environment, Food and Rural Affairs","Outside London","5","[c]","[c]","[c]"
"Leaver CS","2023","White","Finance","Department for International Trade","London","[c]","[c]","[c]","[c]"
"Leaver CS","2023","White","Finance","Department for Levelling Up, Housing and Communities","London","5","[c]","[c]","[c]"
"Leaver CS","2023","White","Finance","Department for Levelling Up, Housing and Communities","Outside London","[c]","[c]","[c]","[c]"
"Leaver CS","2023","White","Finance","Department for Transport","London","10","[c]","[c]","[c]"
"Leaver CS","2023","White","Finance","Department for Transport","Outside London","20","[c]","[c]","[c]"
"Leaver CS","2023","White","Finance","Department for Work and Pensions","London","10","[c]","[c]","[c]"
"Leaver CS","2023","White","Finance","Department for Work and Pensions","Outside London","75","[c]","37950","34170"
"Leaver CS","2023","White","Finance","Department for Work and Pensions","Unknown","[c]","[c]","[c]","[c]"
"Leaver CS","2023","White","Finance","Department of Health and Social Care","London","[c]","[c]","[c]","[c]"
"Leaver CS","2023","White","Finance","Department of Health and Social Care","Outside London","[c]","[c]","[c]","[c]"
"Leaver CS","2023","White","Finance","Estyn","Outside London","[c]","[c]","[c]","[c]"
"Leaver CS","2023","White","Finance","Food Standards Agency","London","[c]","[c]","[c]","[c]"
"Leaver CS","2023","White","Finance","Food Standards Agency","Outside London","[c]","[c]","[c]","[c]"
"Leaver CS","2023","White","Finance","Foreign, Commonwealth and Development Office","Outside London","[c]","[c]","[c]","[c]"
"Leaver CS","2023","White","Finance","HM Land Registry","London","[c]","[c]","[c]","[c]"
"Leaver CS","2023","White","Finance","HM Land Registry","Outside London","[c]","[c]","[c]","[c]"
"Leaver CS","2023","White","Finance","HM Revenue and Customs","London","15","[c]","[c]","[c]"
"Leaver CS","2023","White","Finance","HM Revenue and Customs","Outside London","100","[c]","[c]","[c]"
"Leaver CS","2023","White","Finance","HM Treasury","London","5","[c]","[c]","[c]"
"Leaver CS","2023","White","Finance","HM Treasury","Outside London","[c]","[c]","[c]","[c]"
"Leaver CS","2023","White","Finance","Home Office","London","[c]","[c]","[c]","[c]"
"Leaver CS","2023","White","Finance","Home Office","Outside London","[c]","[c]","[c]","[c]"
"Leaver CS","2023","White","Finance","Home Office","Unknown","[c]","[c]","[c]","[c]"
"Leaver CS","2023","White","Finance","Ministry of Defence","London","10","[c]","[c]","[c]"
"Leaver CS","2023","White","Finance","Ministry of Defence","Outside London","160","[c]","39780","34640"
"Leaver CS","2023","White","Finance","Ministry of Defence","Overseas","[c]","[c]","[c]","[c]"
"Leaver CS","2023","White","Finance","Ministry of Defence","Unknown","[c]","[c]","[c]","[c]"
"Leaver CS","2023","White","Finance","Ministry of Justice","London","10","[c]","[c]","[c]"
"Leaver CS","2023","White","Finance","Ministry of Justice","Outside London","20","[c]","[c]","[c]"
"Leaver CS","2023","White","Finance","Ministry of Justice","Unknown","[c]","[c]","[c]","[c]"
"Leaver CS","2023","White","Finance","National Crime Agency","London","[c]","[c]","[c]","[c]"
"Leaver CS","2023","White","Finance","National Crime Agency","Outside London","5","[c]","[c]","[c]"
"Leaver CS","2023","White","Finance","Office for Standards in Education, Children's Services and Skills","Outside London","[c]","[c]","[c]","[c]"
"Leaver CS","2023","White","Finance","Office of Gas and Electricity Markets","London","[c]","[c]","[c]","[c]"
"Leaver CS","2023","White","Finance","Office of Qualifications and Examinations Regulation","Outside London","[c]","[c]","[c]","[c]"
"Leaver CS","2023","White","Finance","Office of Rail and Road","London","[c]","[c]","[c]","[c]"
"Leaver CS","2023","White","Finance","Scottish Government","Outside London","[c]","[c]","[c]","[c]"
"Leaver CS","2023","White","Finance","The National Archives","London","[c]","[c]","[c]","[c]"
"Leaver CS","2023","White","Finance","UK Export Finance","London","[c]","[c]","[c]","[c]"
"Leaver CS","2023","White","Finance","UK Statistics Authority","London","[c]","[c]","[c]","[c]"
"Leaver CS","2023","White","Finance","UK Statistics Authority","Outside London","5","[c]","[c]","[c]"
"Leaver CS","2023","White","Finance","Water Services Regulation Authority","Outside London","[c]","[c]","[c]","[c]"
"Leaver CS","2023","White","Finance","Welsh Government","Outside London","[c]","[c]","[c]","[c]"
"Leaver CS","2023","White","Grants Management","Department for Environment, Food and Rural Affairs","Outside London","75","[c]","24900","22150"
"Leaver CS","2023","White","Human Resources","Attorney General's Departments","London","5","[c]","[c]","[c]"
"Leaver CS","2023","White","Human Resources","Attorney General's Departments","Outside London","[c]","[c]","[c]","[c]"
"Leaver CS","2023","White","Human Resources","Cabinet Office","London","25","[c]","[c]","[c]"
"Leaver CS","2023","White","Human Resources","Cabinet Office","Outside London","40","[c]","38680","26560"
"Leaver CS","2023","White","Human Resources","Cabinet Office","Unknown","[c]","[c]","[c]","[c]"
"Leaver CS","2023","White","Human Resources","Chancellor's other departments","London","[c]","[c]","[c]","[c]"
"Leaver CS","2023","White","Human Resources","Charity Commission","Outside London","[c]","[c]","[c]","[c]"
"Leaver CS","2023","White","Human Resources","Competition and Markets Authority","London","[c]","[c]","[c]","[c]"
"Leaver CS","2023","White","Human Resources","Competition and Markets Authority","Outside London","[c]","[c]","[c]","[c]"
"Leaver CS","2023","White","Human Resources","Department for Business, Energy and Industrial Strategy","London","15","[c]","[c]","[c]"
"Leaver CS","2023","White","Human Resources","Department for Business, Energy and Industrial Strategy","Outside London","25","[c]","[c]","[c]"
"Leaver CS","2023","White","Human Resources","Department for Digital, Culture, Media and Sport","London","5","[c]","[c]","[c]"
"Leaver CS","2023","White","Human Resources","Department for Education","London","[c]","[c]","[c]","[c]"
"Leaver CS","2023","White","Human Resources","Department for Education","Outside London","5","[c]","[c]","[c]"
"Leaver CS","2023","White","Human Resources","Department for Environment, Food and Rural Affairs","London","[c]","[c]","[c]","[c]"
"Leaver CS","2023","White","Human Resources","Department for Environment, Food and Rural Affairs","Outside London","15","[c]","[c]","[c]"
"Leaver CS","2023","White","Human Resources","Department for International Trade","London","[c]","[c]","[c]","[c]"
"Leaver CS","2023","White","Human Resources","Department for International Trade","Outside London","[c]","[c]","[c]","[c]"
"Leaver CS","2023","White","Human Resources","Department for Levelling Up, Housing and Communities","London","[c]","[c]","[c]","[c]"
"Leaver CS","2023","White","Human Resources","Department for Levelling Up, Housing and Communities","Outside London","5","[c]","[c]","[c]"
"Leaver CS","2023","White","Human Resources","Department for Transport","London","[c]","[c]","[c]","[c]"
"Leaver CS","2023","White","Human Resources","Department for Transport","Outside London","20","[c]","[c]","[c]"
"Leaver CS","2023","White","Human Resources","Department for Work and Pensions","London","5","[c]","[c]","[c]"
"Leaver CS","2023","White","Human Resources","Department for Work and Pensions","Outside London","65","[c]","36000","34170"
"Leaver CS","2023","White","Human Resources","Department of Health and Social Care","London","5","[c]","[c]","[c]"
"Leaver CS","2023","White","Human Resources","Department of Health and Social Care","Outside London","[c]","[c]","[c]","[c]"
"Leaver CS","2023","White","Human Resources","Estyn","Outside London","[c]","[c]","[c]","[c]"
"Leaver CS","2023","White","Human Resources","Food Standards Agency","Outside London","[c]","[c]","[c]","[c]"
"Leaver CS","2023","White","Human Resources","Foreign, Commonwealth and Development Office","London","[c]","[c]","[c]","[c]"
"Leaver CS","2023","White","Human Resources","Foreign, Commonwealth and Development Office","Outside London","[c]","[c]","[c]","[c]"
"Leaver CS","2023","White","Human Resources","HM Land Registry","Outside London","10","[c]","[c]","[c]"
"Leaver CS","2023","White","Human Resources","HM Revenue and Customs","London","5","[c]","[c]","[c]"
"Leaver CS","2023","White","Human Resources","HM Revenue and Customs","Outside London","30","[c]","[c]","[c]"
"Leaver CS","2023","White","Human Resources","HM Treasury","London","[c]","[c]","[c]","[c]"
"Leaver CS","2023","White","Human Resources","HM Treasury","Outside London","[c]","[c]","[c]","[c]"
"Leaver CS","2023","White","Human Resources","Home Office","London","15","[c]","[c]","[c]"
"Leaver CS","2023","White","Human Resources","Home Office","Outside London","5","[c]","[c]","[c]"
"Leaver CS","2023","White","Human Resources","Ministry of Defence","London","30","[c]","48060","39800"
"Leaver CS","2023","White","Human Resources","Ministry of Defence","Outside London","595","[c]","28490","26350"
"Leaver CS","2023","White","Human Resources","Ministry of Defence","Overseas","10","[c]","[c]","[c]"
"Leaver CS","2023","White","Human Resources","Ministry of Defence","Unknown","[c]","[c]","[c]","[c]"
"Leaver CS","2023","White","Human Resources","Ministry of Justice","London","5","[c]","[c]","[c]"
"Leaver CS","2023","White","Human Resources","Ministry of Justice","Outside London","35","[c]","39350","33150"
"Leaver CS","2023","White","Human Resources","National Crime Agency","London","[c]","[c]","[c]","[c]"
"Leaver CS","2023","White","Human Resources","National Crime Agency","Outside London","[c]","[c]","[c]","[c]"
"Leaver CS","2023","White","Human Resources","National Crime Agency","Unknown","[c]","[c]","[c]","[c]"
"Leaver CS","2023","White","Human Resources","Northern Ireland Office","London","[c]","[c]","[c]","[c]"
"Leaver CS","2023","White","Human Resources","Northern Ireland Office","Outside London","[c]","[c]","[c]","[c]"
"Leaver CS","2023","White","Human Resources","Office for Standards in Education, Children's Services and Skills","Outside London","10","[c]","[c]","[c]"
"Leaver CS","2023","White","Human Resources","Office of Gas and Electricity Markets","London","[c]","[c]","[c]","[c]"
"Leaver CS","2023","White","Human Resources","Office of Gas and Electricity Markets","Outside London","5","[c]","[c]","[c]"
"Leaver CS","2023","White","Human Resources","Office of Qualifications and Examinations Regulation","Outside London","[c]","[c]","[c]","[c]"
"Leaver CS","2023","White","Human Resources","Office of Rail and Road","Outside London","[c]","[c]","[c]","[c]"
"Leaver CS","2023","White","Human Resources","Office of the Secretary of State for Scotland","London","[c]","[c]","[c]","[c]"
"Leaver CS","2023","White","Human Resources","Office of the Secretary of State for Wales","Outside London","[c]","[c]","[c]","[c]"
"Leaver CS","2023","White","Human Resources","Scottish Government","Outside London","15","[c]","[c]","[c]"
"Leaver CS","2023","White","Human Resources","The National Archives","London","[c]","[c]","[c]","[c]"
"Leaver CS","2023","White","Human Resources","UK Statistics Authority","London","[c]","[c]","[c]","[c]"
"Leaver CS","2023","White","Human Resources","UK Statistics Authority","Outside London","15","[c]","[c]","[c]"
"Leaver CS","2023","White","Human Resources","Water Services Regulation Authority","Outside London","[c]","[c]","[c]","[c]"
"Leaver CS","2023","White","Internal Audit","Department for Business, Energy and Industrial Strategy","Outside London","[c]","[c]","[c]","[c]"
"Leaver CS","2023","White","Internal Audit","Department for Transport","Outside London","[c]","[c]","[c]","[c]"
"Leaver CS","2023","White","Internal Audit","Foreign, Commonwealth and Development Office","Outside London","[c]","[c]","[c]","[c]"
"Leaver CS","2023","White","Internal Audit","HM Land Registry","Outside London","[c]","[c]","[c]","[c]"
"Leaver CS","2023","White","Internal Audit","HM Revenue and Customs","London","[c]","[c]","[c]","[c]"
"Leaver CS","2023","White","Internal Audit","HM Revenue and Customs","Outside London","5","[c]","[c]","[c]"
"Leaver CS","2023","White","Internal Audit","HM Treasury","London","5","[c]","[c]","[c]"
"Leaver CS","2023","White","Internal Audit","HM Treasury","Outside London","15","[c]","[c]","[c]"
"Leaver CS","2023","White","Internal Audit","HM Treasury","Unknown","[c]","[c]","[c]","[c]"
"Leaver CS","2023","White","Internal Audit","Ministry of Defence","London","[c]","[c]","[c]","[c]"
"Leaver CS","2023","White","Internal Audit","Ministry of Defence","Outside London","10","[c]","[c]","[c]"
"Leaver CS","2023","White","Internal Audit","UK Export Finance","London","[c]","[c]","[c]","[c]"
"Leaver CS","2023","White","Internal Audit","UK Statistics Authority","Outside London","[c]","[c]","[c]","[c]"
"Leaver CS","2023","White","Legal","Attorney General's Departments","London","205","[c]","51490","52760"
"Leaver CS","2023","White","Legal","Attorney General's Departments","Outside London","255","[c]","39990","34410"
"Leaver CS","2023","White","Legal","Cabinet Office","London","[c]","[c]","[c]","[c]"
"Leaver CS","2023","White","Legal","Competition and Markets Authority","London","15","[c]","[c]","[c]"
"Leaver CS","2023","White","Legal","Competition and Markets Authority","Outside London","[c]","[c]","[c]","[c]"
"Leaver CS","2023","White","Legal","Department for Business, Energy and Industrial Strategy","London","[c]","[c]","[c]","[c]"
"Leaver CS","2023","White","Legal","Department for Business, Energy and Industrial Strategy","Outside London","[c]","[c]","[c]","[c]"
"Leaver CS","2023","White","Legal","Department for Education","London","[c]","[c]","[c]","[c]"
"Leaver CS","2023","White","Legal","Department for Education","Outside London","[c]","[c]","[c]","[c]"
"Leaver CS","2023","White","Legal","Department for Transport","Outside London","[c]","[c]","[c]","[c]"
"Leaver CS","2023","White","Legal","Department for Work and Pensions","Outside London","[c]","[c]","[c]","[c]"
"Leaver CS","2023","White","Legal","Department of Health and Social Care","London","[c]","[c]","[c]","[c]"
"Leaver CS","2023","White","Legal","Food Standards Agency","London","[c]","[c]","[c]","[c]"
"Leaver CS","2023","White","Legal","Foreign, Commonwealth and Development Office","London","[c]","[c]","[c]","[c]"
"Leaver CS","2023","White","Legal","Foreign, Commonwealth and Development Office","Outside London","[c]","[c]","[c]","[c]"
"Leaver CS","2023","White","Legal","HM Land Registry","London","[c]","[c]","[c]","[c]"
"Leaver CS","2023","White","Legal","HM Land Registry","Outside London","15","[c]","[c]","[c]"
"Leaver CS","2023","White","Legal","HM Revenue and Customs","London","5","[c]","[c]","[c]"
"Leaver CS","2023","White","Legal","HM Revenue and Customs","Outside London","20","[c]","[c]","[c]"
"Leaver CS","2023","White","Legal","HM Treasury","London","[c]","[c]","[c]","[c]"
"Leaver CS","2023","White","Legal","Ministry of Defence","London","[c]","[c]","[c]","[c]"
"Leaver CS","2023","White","Legal","Ministry of Defence","Outside London","[c]","[c]","[c]","[c]"
"Leaver CS","2023","White","Legal","Ministry of Defence","Overseas","[c]","[c]","[c]","[c]"
"Leaver CS","2023","White","Legal","Ministry of Justice","London","[c]","[c]","[c]","[c]"
"Leaver CS","2023","White","Legal","Ministry of Justice","Outside London","[c]","[c]","[c]","[c]"
"Leaver CS","2023","White","Legal","National Crime Agency","London","[c]","[c]","[c]","[c]"
"Leaver CS","2023","White","Legal","Office for Standards in Education, Children's Services and Skills","London","[c]","[c]","[c]","[c]"
"Leaver CS","2023","White","Legal","Office of Gas and Electricity Markets","London","[c]","[c]","[c]","[c]"
"Leaver CS","2023","White","Legal","Office of Gas and Electricity Markets","Outside London","[c]","[c]","[c]","[c]"
"Leaver CS","2023","White","Legal","Office of Qualifications and Examinations Regulation","Outside London","[c]","[c]","[c]","[c]"
"Leaver CS","2023","White","Legal","Office of Rail and Road","London","[c]","[c]","[c]","[c]"
"Leaver CS","2023","White","Legal","Scottish Government","Outside London","15","[c]","[c]","[c]"
"Leaver CS","2023","White","Legal","The National Archives","London","[c]","[c]","[c]","[c]"
"Leaver CS","2023","White","Legal","UK Export Finance","London","[c]","[c]","[c]","[c]"
"Leaver CS","2023","White","Legal","UK Supreme Court","London","10","[c]","[c]","[c]"
"Leaver CS","2023","White","Legal","Water Services Regulation Authority","Outside London","[c]","[c]","[c]","[c]"
"Leaver CS","2023","White","No function","Attorney General's Departments","London","5","[c]","[c]","[c]"
"Leaver CS","2023","White","No function","Cabinet Office","London","90","[c]","51290","42260"
"Leaver CS","2023","White","No function","Cabinet Office","Outside London","30","[c]","41660","37810"
"Leaver CS","2023","White","No function","Cabinet Office","Unknown","[c]","[c]","[c]","[c]"
"Leaver CS","2023","White","No function","Chancellor's other departments","London","[c]","[c]","[c]","[c]"
"Leaver CS","2023","White","No function","Chancellor's other departments","Outside London","[c]","[c]","[c]","[c]"
"Leaver CS","2023","White","No function","Charity Commission","London","[c]","[c]","[c]","[c]"
"Leaver CS","2023","White","No function","Charity Commission","Outside London","15","[c]","[c]","[c]"
"Leaver CS","2023","White","No function","Department for Business, Energy and Industrial Strategy","London","280","[c]","50410","53380"
"Leaver CS","2023","White","No function","Department for Business, Energy and Industrial Strategy","Outside London","130","[c]","33120","28110"
"Leaver CS","2023","White","No function","Department for Digital, Culture, Media and Sport","London","90","[c]","45240","40870"
"Leaver CS","2023","White","No function","Department for Education","London","40","[c]","59610","60520"
"Leaver CS","2023","White","No function","Department for Education","Outside London","95","[c]","40070","37590"
"Leaver CS","2023","White","No function","Department for Environment, Food and Rural Affairs","London","135","[c]","[c]","[c]"
"Leaver CS","2023","White","No function","Department for Environment, Food and Rural Affairs","Outside London","260","[c]","32010","28520"
"Leaver CS","2023","White","No function","Department for Environment, Food and Rural Affairs","Unknown","[c]","[c]","[c]","[c]"
"Leaver CS","2023","White","No function","Department for International Trade","London","50","[c]","49230","51710"
"Leaver CS","2023","White","No function","Department for International Trade","Outside London","15","[c]","[c]","[c]"
"Leaver CS","2023","White","No function","Department for International Trade","Overseas","5","[c]","[c]","[c]"
"Leaver CS","2023","White","No function","Department for Levelling Up, Housing and Communities","London","75","[c]","50580","53130"
"Leaver CS","2023","White","No function","Department for Levelling Up, Housing and Communities","Outside London","85","[c]","41340","37540"
"Leaver CS","2023","White","No function","Department for Transport","London","125","[c]","49840","44880"
"Leaver CS","2023","White","No function","Department for Transport","Outside London","735","[c]","27400","22500"
"Leaver CS","2023","White","No function","Department for Work and Pensions","London","220","[c]","31950","31060"
"Leaver CS","2023","White","No function","Department for Work and Pensions","Outside London","4610","[c]","26270","27570"
"Leaver CS","2023","White","No function","Department for Work and Pensions","Unknown","25","[c]","[c]","[c]"
"Leaver CS","2023","White","No function","Department of Health and Social Care","London","290","[c]","45270","40070"
"Leaver CS","2023","White","No function","Department of Health and Social Care","Outside London","675","[c]","37310","31460"
"Leaver CS","2023","White","No function","Department of Health and Social Care","Overseas","[c]","[c]","[c]","[c]"
"Leaver CS","2023","White","No function","Food Standards Agency","London","5","[c]","[c]","[c]"
"Leaver CS","2023","White","No function","Food Standards Agency","Outside London","40","[c]","35190","29100"
"Leaver CS","2023","White","No function","HM Land Registry","London","10","[c]","[c]","[c]"
"Leaver CS","2023","White","No function","HM Land Registry","Outside London","195","[c]","30130","28080"
"Leaver CS","2023","White","No function","HM Revenue and Customs","London","80","[c]","[c]","[c]"
"Leaver CS","2023","White","No function","HM Revenue and Customs","Outside London","1415","[c]","[c]","[c]"
"Leaver CS","2023","White","No function","HM Treasury","London","125","[c]","51200","52530"
"Leaver CS","2023","White","No function","HM Treasury","Outside London","10","[c]","[c]","[c]"
"Leaver CS","2023","White","No function","Home Office","London","330","[c]","43920","36620"
"Leaver CS","2023","White","No function","Home Office","Outside London","840","[c]","27580","25880"
"Leaver CS","2023","White","No function","Home Office","Overseas","[c]","[c]","[c]","[c]"
"Leaver CS","2023","White","No function","Home Office","Unknown","[c]","[c]","[c]","[c]"
"Leaver CS","2023","White","No function","Ministry of Defence","London","90","[c]","41970","38680"
"Leaver CS","2023","White","No function","Ministry of Defence","Outside London","1225","[c]","33240","29200"
"Leaver CS","2023","White","No function","Ministry of Defence","Overseas","5","[c]","[c]","[c]"
"Leaver CS","2023","White","No function","Ministry of Defence","Unknown","[c]","[c]","[c]","[c]"
"Leaver CS","2023","White","No function","Ministry of Justice","London","580","[c]","37150","29660"
"Leaver CS","2023","White","No function","Ministry of Justice","Outside London","5340","[c]","25250","21780"
"Leaver CS","2023","White","No function","Ministry of Justice","Unknown","5","[c]","[c]","[c]"
"Leaver CS","2023","White","No function","National Crime Agency","London","70","[c]","46620","41910"
"Leaver CS","2023","White","No function","National Crime Agency","Outside London","155","[c]","38310","38310"
"Leaver CS","2023","White","No function","National Crime Agency","Overseas","10","[c]","[c]","[c]"
"Leaver CS","2023","White","No function","National Crime Agency","Unknown","5","[c]","[c]","[c]"
"Leaver CS","2023","White","No function","Office for Standards in Education, Children's Services and Skills","London","10","[c]","[c]","[c]"
"Leaver CS","2023","White","No function","Office for Standards in Education, Children's Services and Skills","Outside London","135","[c]","63050","72470"
"Leaver CS","2023","White","No function","Office of Gas and Electricity Markets","London","10","[c]","[c]","[c]"
"Leaver CS","2023","White","No function","Office of Gas and Electricity Markets","Outside London","10","[c]","[c]","[c]"
"Leaver CS","2023","White","No function","Office of Qualifications and Examinations Regulation","Outside London","15","[c]","[c]","[c]"
"Leaver CS","2023","White","No function","Office of Rail and Road","London","10","[c]","[c]","[c]"
"Leaver CS","2023","White","No function","Office of Rail and Road","Outside London","[c]","[c]","[c]","[c]"
"Leaver CS","2023","White","No function","Office of the Secretary of State for Scotland","London","[c]","[c]","[c]","[c]"
"Leaver CS","2023","White","No function","Office of the Secretary of State for Wales","London","[c]","[c]","[c]","[c]"
"Leaver CS","2023","White","No function","Office of the Secretary of State for Wales","Outside London","[c]","[c]","[c]","[c]"
"Leaver CS","2023","White","No function","Scottish Government","Outside London","245","[c]","32480","30840"
"Leaver CS","2023","White","No function","The National Archives","London","30","[c]","31880","29840"
"Leaver CS","2023","White","No function","UK Statistics Authority","London","5","[c]","[c]","[c]"
"Leaver CS","2023","White","No function","UK Statistics Authority","Outside London","265","[c]","25550","21200"
"Leaver CS","2023","White","No function","Water Services Regulation Authority","Outside London","10","[c]","[c]","[c]"
"Leaver CS","2023","White","Project Delivery","Attorney General's Departments","London","[c]","[c]","[c]","[c]"
"Leaver CS","2023","White","Project Delivery","Cabinet Office","London","10","[c]","[c]","[c]"
"Leaver CS","2023","White","Project Delivery","Cabinet Office","Outside London","[c]","[c]","[c]","[c]"
"Leaver CS","2023","White","Project Delivery","Cabinet Office","Unknown","[c]","[c]","[c]","[c]"
"Leaver CS","2023","White","Project Delivery","Chancellor's other departments","London","[c]","[c]","[c]","[c]"
"Leaver CS","2023","White","Project Delivery","Charity Commission","London","[c]","[c]","[c]","[c]"
"Leaver CS","2023","White","Project Delivery","Charity Commission","Outside London","[c]","[c]","[c]","[c]"
"Leaver CS","2023","White","Project Delivery","Competition and Markets Authority","London","25","[c]","[c]","[c]"
"Leaver CS","2023","White","Project Delivery","Competition and Markets Authority","Outside London","[c]","[c]","[c]","[c]"
"Leaver CS","2023","White","Project Delivery","Department for Business, Energy and Industrial Strategy","London","10","[c]","[c]","[c]"
"Leaver CS","2023","White","Project Delivery","Department for Business, Energy and Industrial Strategy","Outside London","40","[c]","44810","44400"
"Leaver CS","2023","White","Project Delivery","Department for Digital, Culture, Media and Sport","London","15","[c]","[c]","[c]"
"Leaver CS","2023","White","Project Delivery","Department for Education","London","15","[c]","[c]","[c]"
"Leaver CS","2023","White","Project Delivery","Department for Education","Outside London","30","[c]","[c]","[c]"
"Leaver CS","2023","White","Project Delivery","Department for Environment, Food and Rural Affairs","London","[c]","[c]","[c]","[c]"
"Leaver CS","2023","White","Project Delivery","Department for Environment, Food and Rural Affairs","Outside London","10","[c]","[c]","[c]"
"Leaver CS","2023","White","Project Delivery","Department for International Trade","London","5","[c]","[c]","[c]"
"Leaver CS","2023","White","Project Delivery","Department for International Trade","Outside London","[c]","[c]","[c]","[c]"
"Leaver CS","2023","White","Project Delivery","Department for Levelling Up, Housing and Communities","London","5","[c]","[c]","[c]"
"Leaver CS","2023","White","Project Delivery","Department for Levelling Up, Housing and Communities","Outside London","5","[c]","[c]","[c]"
"Leaver CS","2023","White","Project Delivery","Department for Transport","London","[c]","[c]","[c]","[c]"
"Leaver CS","2023","White","Project Delivery","Department for Transport","Outside London","25","[c]","[c]","[c]"
"Leaver CS","2023","White","Project Delivery","Department for Work and Pensions","London","10","[c]","[c]","[c]"
"Leaver CS","2023","White","Project Delivery","Department for Work and Pensions","Outside London","50","[c]","39620","38470"
"Leaver CS","2023","White","Project Delivery","Department of Health and Social Care","London","[c]","[c]","[c]","[c]"
"Leaver CS","2023","White","Project Delivery","Department of Health and Social Care","Outside London","[c]","[c]","[c]","[c]"
"Leaver CS","2023","White","Project Delivery","Department of Health and Social Care","Unknown","[c]","[c]","[c]","[c]"
"Leaver CS","2023","White","Project Delivery","Estyn","Outside London","10","[c]","[c]","[c]"
"Leaver CS","2023","White","Project Delivery","Food Standards Agency","London","[c]","[c]","[c]","[c]"
"Leaver CS","2023","White","Project Delivery","Food Standards Agency","Outside London","[c]","[c]","[c]","[c]"
"Leaver CS","2023","White","Project Delivery","Foreign, Commonwealth and Development Office","London","[c]","[c]","[c]","[c]"
"Leaver CS","2023","White","Project Delivery","Foreign, Commonwealth and Development Office","Outside London","10","[c]","[c]","[c]"
"Leaver CS","2023","White","Project Delivery","HM Land Registry","London","[c]","[c]","[c]","[c]"
"Leaver CS","2023","White","Project Delivery","HM Land Registry","Outside London","15","[c]","[c]","[c]"
"Leaver CS","2023","White","Project Delivery","HM Revenue and Customs","London","40","[c]","[c]","[c]"
"Leaver CS","2023","White","Project Delivery","HM Revenue and Customs","Outside London","110","[c]","[c]","[c]"
"Leaver CS","2023","White","Project Delivery","HM Treasury","London","[c]","[c]","[c]","[c]"
"Leaver CS","2023","White","Project Delivery","Home Office","London","[c]","[c]","[c]","[c]"
"Leaver CS","2023","White","Project Delivery","Ministry of Defence","London","10","[c]","[c]","[c]"
"Leaver CS","2023","White","Project Delivery","Ministry of Defence","Outside London","445","[c]","42640","40580"
"Leaver CS","2023","White","Project Delivery","Ministry of Defence","Overseas","[c]","[c]","[c]","[c]"
"Leaver CS","2023","White","Project Delivery","Ministry of Justice","London","10","[c]","[c]","[c]"
"Leaver CS","2023","White","Project Delivery","Ministry of Justice","Outside London","5","[c]","[c]","[c]"
"Leaver CS","2023","White","Project Delivery","National Crime Agency","London","[c]","[c]","[c]","[c]"
"Leaver CS","2023","White","Project Delivery","National Crime Agency","Outside London","[c]","[c]","[c]","[c]"
"Leaver CS","2023","White","Project Delivery","Office of Gas and Electricity Markets","London","[c]","[c]","[c]","[c]"
"Leaver CS","2023","White","Project Delivery","Office of Gas and Electricity Markets","Outside London","[c]","[c]","[c]","[c]"
"Leaver CS","2023","White","Project Delivery","Scottish Government","Outside London","[c]","[c]","[c]","[c]"
"Leaver CS","2023","White","Project Delivery","UK Export Finance","London","[c]","[c]","[c]","[c]"
"Leaver CS","2023","White","Project Delivery","UK Statistics Authority","London","[c]","[c]","[c]","[c]"
"Leaver CS","2023","White","Project Delivery","UK Statistics Authority","Outside London","15","[c]","[c]","[c]"
"Leaver CS","2023","White","Project Delivery","Water Services Regulation Authority","Outside London","[c]","[c]","[c]","[c]"
"Leaver CS","2023","White","Property","Attorney General's Departments","London","[c]","[c]","[c]","[c]"
"Leaver CS","2023","White","Property","Cabinet Office","London","10","[c]","[c]","[c]"
"Leaver CS","2023","White","Property","Cabinet Office","Outside London","15","[c]","[c]","[c]"
"Leaver CS","2023","White","Property","Cabinet Office","Unknown","[c]","[c]","[c]","[c]"
"Leaver CS","2023","White","Property","Competition and Markets Authority","London","[c]","[c]","[c]","[c]"
"Leaver CS","2023","White","Property","Department for Business, Energy and Industrial Strategy","London","[c]","[c]","[c]","[c]"
"Leaver CS","2023","White","Property","Department for Business, Energy and Industrial Strategy","Outside London","5","[c]","[c]","[c]"
"Leaver CS","2023","White","Property","Department for Digital, Culture, Media and Sport","London","[c]","[c]","[c]","[c]"
"Leaver CS","2023","White","Property","Department for Environment, Food and Rural Affairs","London","[c]","[c]","[c]","[c]"
"Leaver CS","2023","White","Property","Department for Environment, Food and Rural Affairs","Outside London","25","[c]","[c]","[c]"
"Leaver CS","2023","White","Property","Department for Levelling Up, Housing and Communities","London","[c]","[c]","[c]","[c]"
"Leaver CS","2023","White","Property","Department for Transport","London","[c]","[c]","[c]","[c]"
"Leaver CS","2023","White","Property","Department for Transport","Outside London","20","[c]","[c]","[c]"
"Leaver CS","2023","White","Property","Department for Work and Pensions","London","[c]","[c]","[c]","[c]"
"Leaver CS","2023","White","Property","Department for Work and Pensions","Outside London","5","[c]","[c]","[c]"
"Leaver CS","2023","White","Property","Department for Work and Pensions","Unknown","[c]","[c]","[c]","[c]"
"Leaver CS","2023","White","Property","Department of Health and Social Care","London","[c]","[c]","[c]","[c]"
"Leaver CS","2023","White","Property","Department of Health and Social Care","Outside London","[c]","[c]","[c]","[c]"
"Leaver CS","2023","White","Property","Foreign, Commonwealth and Development Office","London","[c]","[c]","[c]","[c]"
"Leaver CS","2023","White","Property","Foreign, Commonwealth and Development Office","Outside London","10","[c]","[c]","[c]"
"Leaver CS","2023","White","Property","HM Land Registry","Outside London","[c]","[c]","[c]","[c]"
"Leaver CS","2023","White","Property","HM Revenue and Customs","London","20","[c]","[c]","[c]"
"Leaver CS","2023","White","Property","HM Revenue and Customs","Outside London","125","[c]","35200","28840"
"Leaver CS","2023","White","Property","Home Office","London","5","[c]","[c]","[c]"
"Leaver CS","2023","White","Property","Home Office","Outside London","[c]","[c]","[c]","[c]"
"Leaver CS","2023","White","Property","Ministry of Defence","London","5","[c]","[c]","[c]"
"Leaver CS","2023","White","Property","Ministry of Defence","Outside London","135","[c]","31430","33300"
"Leaver CS","2023","White","Property","Ministry of Defence","Overseas","[c]","[c]","[c]","[c]"
"Leaver CS","2023","White","Property","Ministry of Defence","Unknown","[c]","[c]","[c]","[c]"
"Leaver CS","2023","White","Property","Ministry of Justice","London","10","[c]","[c]","[c]"
"Leaver CS","2023","White","Property","Ministry of Justice","Outside London","20","[c]","[c]","[c]"
"Leaver CS","2023","White","Property","Ministry of Justice","Unknown","[c]","[c]","[c]","[c]"
"Leaver CS","2023","White","Property","National Crime Agency","London","[c]","[c]","[c]","[c]"
"Leaver CS","2023","White","Property","Office of Rail and Road","London","[c]","[c]","[c]","[c]"
"Leaver CS","2023","White","Property","Scottish Government","Outside London","10","[c]","[c]","[c]"
"Leaver CS","2023","White","Property","The National Archives","London","[c]","[c]","[c]","[c]"
"Leaver CS","2023","White","Property","UK Statistics Authority","Outside London","[c]","[c]","[c]","[c]"
"Leaver CS","2023","White","Property","UK Supreme Court","London","[c]","[c]","[c]","[c]"
"Leaver CS","2023","White","Security","Cabinet Office","London","10","[c]","[c]","[c]"
"Leaver CS","2023","White","Security","Cabinet Office","Outside London","70","[c]","31660","33300"
"Leaver CS","2023","White","Security","Cabinet Office","Unknown","[c]","[c]","[c]","[c]"
"Leaver CS","2023","White","Security","Department for Business, Energy and Industrial Strategy","London","[c]","[c]","[c]","[c]"
"Leaver CS","2023","White","Security","Department for Business, Energy and Industrial Strategy","Outside London","[c]","[c]","[c]","[c]"
"Leaver CS","2023","White","Security","Department for Education","Outside London","[c]","[c]","[c]","[c]"
"Leaver CS","2023","White","Security","Department for Transport","Outside London","5","[c]","[c]","[c]"
"Leaver CS","2023","White","Security","Department for Work and Pensions","Outside London","[c]","[c]","[c]","[c]"
"Leaver CS","2023","White","Security","Estyn","Outside London","[c]","[c]","[c]","[c]"
"Leaver CS","2023","White","Security","Food Standards Agency","Outside London","[c]","[c]","[c]","[c]"
"Leaver CS","2023","White","Security","Foreign, Commonwealth and Development Office","London","[c]","[c]","[c]","[c]"
"Leaver CS","2023","White","Security","Foreign, Commonwealth and Development Office","Outside London","10","[c]","[c]","[c]"
"Leaver CS","2023","White","Security","Foreign, Commonwealth and Development Office","Overseas","[c]","[c]","[c]","[c]"
"Leaver CS","2023","White","Security","HM Revenue and Customs","London","[c]","[c]","[c]","[c]"
"Leaver CS","2023","White","Security","HM Revenue and Customs","Outside London","10","[c]","[c]","[c]"
"Leaver CS","2023","White","Security","Home Office","London","[c]","[c]","[c]","[c]"
"Leaver CS","2023","White","Security","Home Office","Outside London","[c]","[c]","[c]","[c]"
"Leaver CS","2023","White","Security","Ministry of Defence","London","30","[c]","[c]","[c]"
"Leaver CS","2023","White","Security","Ministry of Defence","Outside London","490","[c]","32280","27500"
"Leaver CS","2023","White","Security","Ministry of Defence","Overseas","[c]","[c]","[c]","[c]"
"Leaver CS","2023","White","Security","Ministry of Defence","Unknown","[c]","[c]","[c]","[c]"
"Leaver CS","2023","White","Security","Ministry of Justice","London","10","[c]","[c]","[c]"
"Leaver CS","2023","White","Security","Ministry of Justice","Outside London","10","[c]","[c]","[c]"
"Leaver CS","2023","White","Security","National Crime Agency","London","[c]","[c]","[c]","[c]"
"Leaver CS","2023","White","Security","National Crime Agency","Outside London","[c]","[c]","[c]","[c]"
"Leaver CS","2023","White","Security","Office of Gas and Electricity Markets","London","[c]","[c]","[c]","[c]"
"Leaver CS","2023","White","Security","UK Statistics Authority","Outside London","[c]","[c]","[c]","[c]"
"Leaver CS","2023","White","Unknown","Attorney General's Departments","London","[c]","[c]","[c]","[c]"
"Leaver CS","2023","White","Unknown","Attorney General's Departments","Outside London","[c]","[c]","[c]","[c]"
"Leaver CS","2023","White","Unknown","Cabinet Office","London","[c]","[c]","[c]","[c]"
"Leaver CS","2023","White","Unknown","Cabinet Office","Outside London","[c]","[c]","[c]","[c]"
"Leaver CS","2023","White","Unknown","Cabinet Office","Unknown","[c]","[c]","[c]","[c]"
"Leaver CS","2023","White","Unknown","Department for Business, Energy and Industrial Strategy","London","[c]","[c]","[c]","[c]"
"Leaver CS","2023","White","Unknown","Department for Business, Energy and Industrial Strategy","Outside London","5","[c]","[c]","[c]"
"Leaver CS","2023","White","Unknown","Department for Education","London","[c]","[c]","[c]","[c]"
"Leaver CS","2023","White","Unknown","Department for Education","Outside London","[c]","[c]","[c]","[c]"
"Leaver CS","2023","White","Unknown","Department for Environment, Food and Rural Affairs","London","[c]","[c]","[c]","[c]"
"Leaver CS","2023","White","Unknown","Department for Environment, Food and Rural Affairs","Outside London","10","[c]","[c]","[c]"
"Leaver CS","2023","White","Unknown","Department for International Trade","London","[c]","[c]","[c]","[c]"
"Leaver CS","2023","White","Unknown","Department for International Trade","Outside London","[c]","[c]","[c]","[c]"
"Leaver CS","2023","White","Unknown","Department for Work and Pensions","London","35","[c]","49160","43760"
"Leaver CS","2023","White","Unknown","Department for Work and Pensions","Outside London","45","[c]","33290","28120"
"Leaver CS","2023","White","Unknown","Department of Health and Social Care","London","185","[c]","63390","66560"
"Leaver CS","2023","White","Unknown","Department of Health and Social Care","Outside London","95","[c]","[c]","[c]"
"Leaver CS","2023","White","Unknown","Department of Health and Social Care","Unknown","[c]","[c]","[c]","[c]"
"Leaver CS","2023","White","Unknown","Food Standards Agency","Outside London","[c]","[c]","[c]","[c]"
"Leaver CS","2023","White","Unknown","Foreign, Commonwealth and Development Office","London","45","[c]","[c]","[c]"
"Leaver CS","2023","White","Unknown","Foreign, Commonwealth and Development Office","Outside London","45","[c]","[c]","[c]"
"Leaver CS","2023","White","Unknown","Foreign, Commonwealth and Development Office","Overseas","10","[c]","[c]","[c]"
"Leaver CS","2023","White","Unknown","Ministry of Defence","London","[c]","[c]","[c]","[c]"
"Leaver CS","2023","White","Unknown","Ministry of Defence","Outside London","55","[c]","40730","39890"
"Leaver CS","2023","White","Unknown","Ministry of Defence","Overseas","[c]","[c]","[c]","[c]"
"Leaver CS","2023","White","Unknown","Ministry of Defence","Unknown","[c]","[c]","[c]","[c]"
"Leaver CS","2023","White","Unknown","Northern Ireland Office","London","[c]","[c]","[c]","[c]"
"Leaver CS","2023","White","Unknown","Northern Ireland Office","Outside London","[c]","[c]","[c]","[c]"
"Leaver CS","2023","White","Unknown","Office of Gas and Electricity Markets","London","50","[c]","53170","52780"
"Leaver CS","2023","White","Unknown","Office of Gas and Electricity Markets","Outside London","50","[c]","37340","35000"
"Leaver CS","2023","White","Unknown","Office of the Secretary of State for Scotland","London","[c]","[c]","[c]","[c]"
"Leaver CS","2023","White","Unknown","Office of the Secretary of State for Scotland","Outside London","[c]","[c]","[c]","[c]"
"Leaver CS","2023","White","Unknown","Scottish Government","London","[c]","[c]","[c]","[c]"
"Leaver CS","2023","White","Unknown","Scottish Government","Outside London","595","[c]","41920","36330"
"Leaver CS","2023","White","Unknown","Scottish Government","Overseas","[c]","[c]","[c]","[c]"
"Leaver CS","2023","White","Unknown","Welsh Government","Outside London","180","[c]","42760","38160"
"Leaver Dept.","2023","Asian","Analysis","Cabinet Office","London","[c]","[c]","[c]","[c]"
"Leaver Dept.","2023","Asian","Analysis","Cabinet Office","Outside London","[c]","[c]","[c]","[c]"
"Leaver Dept.","2023","Asian","Analysis","Cabinet Office","Unknown","[c]","[c]","[c]","[c]"
"Leaver Dept.","2023","Asian","Analysis","Chancellor's other departments","London","[c]","[c]","[c]","[c]"
"Leaver Dept.","2023","Asian","Analysis","Competition and Markets Authority","London","[c]","[c]","[c]","[c]"
"Leaver Dept.","2023","Asian","Analysis","Competition and Markets Authority","Outside London","[c]","[c]","[c]","[c]"
"Leaver Dept.","2023","Asian","Analysis","Department for Business, Energy and Industrial Strategy","London","[c]","[c]","[c]","[c]"
"Leaver Dept.","2023","Asian","Analysis","Department for Business, Energy and Industrial Strategy","Outside London","[c]","[c]","[c]","[c]"
"Leaver Dept.","2023","Asian","Analysis","Department for Digital, Culture, Media and Sport","London","5","[c]","[c]","[c]"
"Leaver Dept.","2023","Asian","Analysis","Department for Education","London","[c]","[c]","[c]","[c]"
"Leaver Dept.","2023","Asian","Analysis","Department for Education","Outside London","[c]","[c]","[c]","[c]"
"Leaver Dept.","2023","Asian","Analysis","Department for Environment, Food and Rural Affairs","Outside London","[c]","[c]","[c]","[c]"
"Leaver Dept.","2023","Asian","Analysis","Department for International Trade","London","[c]","[c]","[c]","[c]"
"Leaver Dept.","2023","Asian","Analysis","Department for Levelling Up, Housing and Communities","London","[c]","[c]","[c]","[c]"
"Leaver Dept.","2023","Asian","Analysis","Department for Levelling Up, Housing and Communities","Outside London","[c]","[c]","[c]","[c]"
"Leaver Dept.","2023","Asian","Analysis","Department for Transport","Outside London","[c]","[c]","[c]","[c]"
"Leaver Dept.","2023","Asian","Analysis","Department for Work and Pensions","London","[c]","[c]","[c]","[c]"
"Leaver Dept.","2023","Asian","Analysis","Department for Work and Pensions","Outside London","[c]","[c]","[c]","[c]"
"Leaver Dept.","2023","Asian","Analysis","Department of Health and Social Care","London","[c]","[c]","[c]","[c]"
"Leaver Dept.","2023","Asian","Analysis","Food Standards Agency","London","[c]","[c]","[c]","[c]"
"Leaver Dept.","2023","Asian","Analysis","Food Standards Agency","Outside London","[c]","[c]","[c]","[c]"
"Leaver Dept.","2023","Asian","Analysis","HM Revenue and Customs","London","[c]","[c]","[c]","[c]"
"Leaver Dept.","2023","Asian","Analysis","HM Revenue and Customs","Outside London","[c]","[c]","[c]","[c]"
"Leaver Dept.","2023","Asian","Analysis","HM Treasury","London","5","[c]","[c]","[c]"
"Leaver Dept.","2023","Asian","Analysis","HM Treasury","Outside London","[c]","[c]","[c]","[c]"
"Leaver Dept.","2023","Asian","Analysis","Home Office","London","5","[c]","[c]","[c]"
"Leaver Dept.","2023","Asian","Analysis","Home Office","Outside London","[c]","[c]","[c]","[c]"
"Leaver Dept.","2023","Asian","Analysis","Ministry of Defence","London","[c]","[c]","[c]","[c]"
"Leaver Dept.","2023","Asian","Analysis","Ministry of Defence","Outside London","[c]","[c]","[c]","[c]"
"Leaver Dept.","2023","Asian","Analysis","Ministry of Justice","London","[c]","[c]","[c]","[c]"
"Leaver Dept.","2023","Asian","Analysis","Ministry of Justice","Outside London","[c]","[c]","[c]","[c]"
"Leaver Dept.","2023","Asian","Analysis","Office for Standards in Education, Children's Services and Skills","London","[c]","[c]","[c]","[c]"
"Leaver Dept.","2023","Asian","Analysis","Office for Standards in Education, Children's Services and Skills","Outside London","[c]","[c]","[c]","[c]"
"Leaver Dept.","2023","Asian","Analysis","Office of Gas and Electricity Markets","London","[c]","[c]","[c]","[c]"
"Leaver Dept.","2023","Asian","Analysis","Office of Rail and Road","Outside London","[c]","[c]","[c]","[c]"
"Leaver Dept.","2023","Asian","Analysis","UK Export Finance","London","[c]","[c]","[c]","[c]"
"Leaver Dept.","2023","Asian","Analysis","UK Statistics Authority","London","[c]","[c]","[c]","[c]"
"Leaver Dept.","2023","Asian","Analysis","UK Statistics Authority","Outside London","[c]","[c]","[c]","[c]"
"Leaver Dept.","2023","Asian","Analysis","Water Services Regulation Authority","Outside London","[c]","[c]","[c]","[c]"
"Leaver Dept.","2023","Asian","Commercial","Attorney General's Departments","Outside London","[c]","[c]","[c]","[c]"
"Leaver Dept.","2023","Asian","Commercial","Cabinet Office","London","[c]","[c]","[c]","[c]"
"Leaver Dept.","2023","Asian","Commercial","Cabinet Office","Outside London","[c]","[c]","[c]","[c]"
"Leaver Dept.","2023","Asian","Commercial","Cabinet Office","Unknown","[c]","[c]","[c]","[c]"
"Leaver Dept.","2023","Asian","Commercial","Chancellor's other departments","London","[c]","[c]","[c]","[c]"
"Leaver Dept.","2023","Asian","Commercial","Chancellor's other departments","Outside London","[c]","[c]","[c]","[c]"
"Leaver Dept.","2023","Asian","Commercial","Charity Commission","Outside London","[c]","[c]","[c]","[c]"
"Leaver Dept.","2023","Asian","Commercial","Department for Business, Energy and Industrial Strategy","London","[c]","[c]","[c]","[c]"
"Leaver Dept.","2023","Asian","Commercial","Department for Digital, Culture, Media and Sport","London","[c]","[c]","[c]","[c]"
"Leaver Dept.","2023","Asian","Commercial","Department for Education","Outside London","[c]","[c]","[c]","[c]"
"Leaver Dept.","2023","Asian","Commercial","Department for Environment, Food and Rural Affairs","Outside London","[c]","[c]","[c]","[c]"
"Leaver Dept.","2023","Asian","Commercial","Department for International Trade","London","[c]","[c]","[c]","[c]"
"Leaver Dept.","2023","Asian","Commercial","Department for Levelling Up, Housing and Communities","London","[c]","[c]","[c]","[c]"
"Leaver Dept.","2023","Asian","Commercial","Department for Transport","Outside London","[c]","[c]","[c]","[c]"
"Leaver Dept.","2023","Asian","Commercial","Department for Work and Pensions","Outside London","[c]","[c]","[c]","[c]"
"Leaver Dept.","2023","Asian","Commercial","Department of Health and Social Care","Outside London","[c]","[c]","[c]","[c]"
"Leaver Dept.","2023","Asian","Commercial","Food Standards Agency","London","[c]","[c]","[c]","[c]"
"Leaver Dept.","2023","Asian","Commercial","HM Revenue and Customs","Outside London","[c]","[c]","[c]","[c]"
"Leaver Dept.","2023","Asian","Commercial","HM Treasury","Outside London","[c]","[c]","[c]","[c]"
"Leaver Dept.","2023","Asian","Commercial","Home Office","London","[c]","[c]","[c]","[c]"
"Leaver Dept.","2023","Asian","Commercial","Home Office","Outside London","[c]","[c]","[c]","[c]"
"Leaver Dept.","2023","Asian","Commercial","Ministry of Defence","London","[c]","[c]","[c]","[c]"
"Leaver Dept.","2023","Asian","Commercial","Ministry of Defence","Outside London","[c]","[c]","[c]","[c]"
"Leaver Dept.","2023","Asian","Commercial","Ministry of Defence","Overseas","[c]","[c]","[c]","[c]"
"Leaver Dept.","2023","Asian","Commercial","Ministry of Justice","London","[c]","[c]","[c]","[c]"
"Leaver Dept.","2023","Asian","Commercial","Ministry of Justice","Outside London","[c]","[c]","[c]","[c]"
"Leaver Dept.","2023","Asian","Commercial","National Crime Agency","London","[c]","[c]","[c]","[c]"
"Leaver Dept.","2023","Asian","Commercial","Office for Standards in Education, Children's Services and Skills","Outside London","[c]","[c]","[c]","[c]"
"Leaver Dept.","2023","Asian","Commercial","Scottish Government","Outside London","[c]","[c]","[c]","[c]"
"Leaver Dept.","2023","Asian","Commercial","UK Export Finance","London","[c]","[c]","[c]","[c]"
"Leaver Dept.","2023","Asian","Commercial","Water Services Regulation Authority","Outside London","[c]","[c]","[c]","[c]"
"Leaver Dept.","2023","Asian","Communications","Attorney General's Departments","London","[c]","[c]","[c]","[c]"
"Leaver Dept.","2023","Asian","Communications","Cabinet Office","London","[c]","[c]","[c]","[c]"
"Leaver Dept.","2023","Asian","Communications","Cabinet Office","Outside London","[c]","[c]","[c]","[c]"
"Leaver Dept.","2023","Asian","Communications","Cabinet Office","Unknown","[c]","[c]","[c]","[c]"
"Leaver Dept.","2023","Asian","Communications","Charity Commission","London","[c]","[c]","[c]","[c]"
"Leaver Dept.","2023","Asian","Communications","Competition and Markets Authority","London","[c]","[c]","[c]","[c]"
"Leaver Dept.","2023","Asian","Communications","Department for Business, Energy and Industrial Strategy","London","[c]","[c]","[c]","[c]"
"Leaver Dept.","2023","Asian","Communications","Department for Business, Energy and Industrial Strategy","Outside London","[c]","[c]","[c]","[c]"
"Leaver Dept.","2023","Asian","Communications","Department for Digital, Culture, Media and Sport","London","[c]","[c]","[c]","[c]"
"Leaver Dept.","2023","Asian","Communications","Department for Education","London","[c]","[c]","[c]","[c]"
"Leaver Dept.","2023","Asian","Communications","Department for Education","Outside London","[c]","[c]","[c]","[c]"
"Leaver Dept.","2023","Asian","Communications","Department for Environment, Food and Rural Affairs","London","[c]","[c]","[c]","[c]"
"Leaver Dept.","2023","Asian","Communications","Department for Environment, Food and Rural Affairs","Outside London","[c]","[c]","[c]","[c]"
"Leaver Dept.","2023","Asian","Communications","Department for International Trade","London","[c]","[c]","[c]","[c]"
"Leaver Dept.","2023","Asian","Communications","Department for Levelling Up, Housing and Communities","London","[c]","[c]","[c]","[c]"
"Leaver Dept.","2023","Asian","Communications","Department for Levelling Up, Housing and Communities","Outside London","[c]","[c]","[c]","[c]"
"Leaver Dept.","2023","Asian","Communications","Department for Transport","Outside London","[c]","[c]","[c]","[c]"
"Leaver Dept.","2023","Asian","Communications","Department for Work and Pensions","London","[c]","[c]","[c]","[c]"
"Leaver Dept.","2023","Asian","Communications","Department for Work and Pensions","Outside London","[c]","[c]","[c]","[c]"
"Leaver Dept.","2023","Asian","Communications","Food Standards Agency","London","[c]","[c]","[c]","[c]"
"Leaver Dept.","2023","Asian","Communications","Food Standards Agency","Outside London","[c]","[c]","[c]","[c]"
"Leaver Dept.","2023","Asian","Communications","HM Revenue and Customs","London","[c]","[c]","[c]","[c]"
"Leaver Dept.","2023","Asian","Communications","HM Revenue and Customs","Outside London","[c]","[c]","[c]","[c]"
"Leaver Dept.","2023","Asian","Communications","HM Treasury","London","[c]","[c]","[c]","[c]"
"Leaver Dept.","2023","Asian","Communications","Home Office","London","[c]","[c]","[c]","[c]"
"Leaver Dept.","2023","Asian","Communications","Ministry of Defence","London","[c]","[c]","[c]","[c]"
"Leaver Dept.","2023","Asian","Communications","Ministry of Defence","Outside London","[c]","[c]","[c]","[c]"
"Leaver Dept.","2023","Asian","Communications","Ministry of Justice","London","[c]","[c]","[c]","[c]"
"Leaver Dept.","2023","Asian","Communications","Ministry of Justice","Outside London","[c]","[c]","[c]","[c]"
"Leaver Dept.","2023","Asian","Communications","National Crime Agency","London","[c]","[c]","[c]","[c]"
"Leaver Dept.","2023","Asian","Communications","Northern Ireland Office","London","[c]","[c]","[c]","[c]"
"Leaver Dept.","2023","Asian","Communications","Office of Gas and Electricity Markets","London","[c]","[c]","[c]","[c]"
"Leaver Dept.","2023","Asian","Communications","Office of Gas and Electricity Markets","Outside London","[c]","[c]","[c]","[c]"
"Leaver Dept.","2023","Asian","Communications","Office of Qualifications and Examinations Regulation","Outside London","[c]","[c]","[c]","[c]"
"Leaver Dept.","2023","Asian","Communications","Office of Rail and Road","London","[c]","[c]","[c]","[c]"
"Leaver Dept.","2023","Asian","Communications","Office of Rail and Road","Outside London","[c]","[c]","[c]","[c]"
"Leaver Dept.","2023","Asian","Communications","Office of the Secretary of State for Scotland","Outside London","[c]","[c]","[c]","[c]"
"Leaver Dept.","2023","Asian","Communications","Office of the Secretary of State for Wales","Outside London","[c]","[c]","[c]","[c]"
"Leaver Dept.","2023","Asian","Communications","The National Archives","London","[c]","[c]","[c]","[c]"
"Leaver Dept.","2023","Asian","Communications","UK Export Finance","London","[c]","[c]","[c]","[c]"
"Leaver Dept.","2023","Asian","Communications","UK Statistics Authority","Outside London","[c]","[c]","[c]","[c]"
"Leaver Dept.","2023","Asian","Communications","UK Supreme Court","London","[c]","[c]","[c]","[c]"
"Leaver Dept.","2023","Asian","Communications","Water Services Regulation Authority","Outside London","[c]","[c]","[c]","[c]"
"Leaver Dept.","2023","Asian","Counter Fraud","Attorney General's Departments","London","[c]","[c]","[c]","[c]"
"Leaver Dept.","2023","Asian","Counter Fraud","Cabinet Office","London","[c]","[c]","[c]","[c]"
"Leaver Dept.","2023","Asian","Counter Fraud","Cabinet Office","Outside London","[c]","[c]","[c]","[c]"
"Leaver Dept.","2023","Asian","Counter Fraud","Cabinet Office","Unknown","[c]","[c]","[c]","[c]"
"Leaver Dept.","2023","Asian","Counter Fraud","Department for Business, Energy and Industrial Strategy","Outside London","[c]","[c]","[c]","[c]"
"Leaver Dept.","2023","Asian","Counter Fraud","Department for Transport","London","[c]","[c]","[c]","[c]"
"Leaver Dept.","2023","Asian","Counter Fraud","Department for Transport","Outside London","[c]","[c]","[c]","[c]"
"Leaver Dept.","2023","Asian","Counter Fraud","Department for Work and Pensions","London","5","[c]","[c]","[c]"
"Leaver Dept.","2023","Asian","Counter Fraud","Department for Work and Pensions","Outside London","15","[c]","[c]","[c]"
"Leaver Dept.","2023","Asian","Counter Fraud","Department for Work and Pensions","Unknown","[c]","[c]","[c]","[c]"
"Leaver Dept.","2023","Asian","Counter Fraud","Food Standards Agency","London","[c]","[c]","[c]","[c]"
"Leaver Dept.","2023","Asian","Counter Fraud","Food Standards Agency","Outside London","[c]","[c]","[c]","[c]"
"Leaver Dept.","2023","Asian","Counter Fraud","HM Revenue and Customs","London","[c]","[c]","[c]","[c]"
"Leaver Dept.","2023","Asian","Counter Fraud","HM Revenue and Customs","Outside London","10","[c]","[c]","[c]"
"Leaver Dept.","2023","Asian","Debt","Department for Work and Pensions","Outside London","10","[c]","[c]","[c]"
"Leaver Dept.","2023","Asian","Debt","HM Revenue and Customs","London","[c]","[c]","[c]","[c]"
"Leaver Dept.","2023","Asian","Debt","HM Revenue and Customs","Outside London","10","[c]","[c]","[c]"
"Leaver Dept.","2023","Asian","Digital, Data & Technology","Attorney General's Departments","London","[c]","[c]","[c]","[c]"
"Leaver Dept.","2023","Asian","Digital, Data & Technology","Attorney General's Departments","Outside London","[c]","[c]","[c]","[c]"
"Leaver Dept.","2023","Asian","Digital, Data & Technology","Cabinet Office","London","[c]","[c]","[c]","[c]"
"Leaver Dept.","2023","Asian","Digital, Data & Technology","Cabinet Office","Outside London","[c]","[c]","[c]","[c]"
"Leaver Dept.","2023","Asian","Digital, Data & Technology","Cabinet Office","Unknown","[c]","[c]","[c]","[c]"
"Leaver Dept.","2023","Asian","Digital, Data & Technology","Charity Commission","Outside London","[c]","[c]","[c]","[c]"
"Leaver Dept.","2023","Asian","Digital, Data & Technology","Competition and Markets Authority","London","[c]","[c]","[c]","[c]"
"Leaver Dept.","2023","Asian","Digital, Data & Technology","Department for Business, Energy and Industrial Strategy","London","[c]","[c]","[c]","[c]"
"Leaver Dept.","2023","Asian","Digital, Data & Technology","Department for Business, Energy and Industrial Strategy","Outside London","[c]","[c]","[c]","[c]"
"Leaver Dept.","2023","Asian","Digital, Data & Technology","Department for Digital, Culture, Media and Sport","London","[c]","[c]","[c]","[c]"
"Leaver Dept.","2023","Asian","Digital, Data & Technology","Department for Education","London","[c]","[c]","[c]","[c]"
"Leaver Dept.","2023","Asian","Digital, Data & Technology","Department for Education","Outside London","[c]","[c]","[c]","[c]"
"Leaver Dept.","2023","Asian","Digital, Data & Technology","Department for Environment, Food and Rural Affairs","London","[c]","[c]","[c]","[c]"
"Leaver Dept.","2023","Asian","Digital, Data & Technology","Department for Environment, Food and Rural Affairs","Outside London","[c]","[c]","[c]","[c]"
"Leaver Dept.","2023","Asian","Digital, Data & Technology","Department for International Trade","London","[c]","[c]","[c]","[c]"
"Leaver Dept.","2023","Asian","Digital, Data & Technology","Department for International Trade","Outside London","[c]","[c]","[c]","[c]"
"Leaver Dept.","2023","Asian","Digital, Data & Technology","Department for Levelling Up, Housing and Communities","London","[c]","[c]","[c]","[c]"
"Leaver Dept.","2023","Asian","Digital, Data & Technology","Department for Levelling Up, Housing and Communities","Outside London","[c]","[c]","[c]","[c]"
"Leaver Dept.","2023","Asian","Digital, Data & Technology","Department for Transport","Outside London","[c]","[c]","[c]","[c]"
"Leaver Dept.","2023","Asian","Digital, Data & Technology","Department for Work and Pensions","London","[c]","[c]","[c]","[c]"
"Leaver Dept.","2023","Asian","Digital, Data & Technology","Department for Work and Pensions","Outside London","10","[c]","[c]","[c]"
"Leaver Dept.","2023","Asian","Digital, Data & Technology","Department for Work and Pensions","Unknown","[c]","[c]","[c]","[c]"
"Leaver Dept.","2023","Asian","Digital, Data & Technology","Department of Health and Social Care","London","[c]","[c]","[c]","[c]"
"Leaver Dept.","2023","Asian","Digital, Data & Technology","Department of Health and Social Care","Outside London","[c]","[c]","[c]","[c]"
"Leaver Dept.","2023","Asian","Digital, Data & Technology","Food Standards Agency","Outside London","[c]","[c]","[c]","[c]"
"Leaver Dept.","2023","Asian","Digital, Data & Technology","HM Revenue and Customs","London","[c]","[c]","[c]","[c]"
"Leaver Dept.","2023","Asian","Digital, Data & Technology","HM Revenue and Customs","Outside London","5","[c]","[c]","[c]"
"Leaver Dept.","2023","Asian","Digital, Data & Technology","HM Treasury","London","[c]","[c]","[c]","[c]"
"Leaver Dept.","2023","Asian","Digital, Data & Technology","Home Office","London","10","[c]","[c]","[c]"
"Leaver Dept.","2023","Asian","Digital, Data & Technology","Home Office","Outside London","[c]","[c]","[c]","[c]"
"Leaver Dept.","2023","Asian","Digital, Data & Technology","Ministry of Defence","London","[c]","[c]","[c]","[c]"
"Leaver Dept.","2023","Asian","Digital, Data & Technology","Ministry of Defence","Outside London","[c]","[c]","[c]","[c]"
"Leaver Dept.","2023","Asian","Digital, Data & Technology","Ministry of Justice","London","[c]","[c]","[c]","[c]"
"Leaver Dept.","2023","Asian","Digital, Data & Technology","Ministry of Justice","Outside London","[c]","[c]","[c]","[c]"
"Leaver Dept.","2023","Asian","Digital, Data & Technology","Ministry of Justice","Unknown","[c]","[c]","[c]","[c]"
"Leaver Dept.","2023","Asian","Digital, Data & Technology","National Crime Agency","London","[c]","[c]","[c]","[c]"
"Leaver Dept.","2023","Asian","Digital, Data & Technology","National Crime Agency","Outside London","[c]","[c]","[c]","[c]"
"Leaver Dept.","2023","Asian","Digital, Data & Technology","Northern Ireland Office","London","[c]","[c]","[c]","[c]"
"Leaver Dept.","2023","Asian","Digital, Data & Technology","Office for Standards in Education, Children's Services and Skills","London","[c]","[c]","[c]","[c]"
"Leaver Dept.","2023","Asian","Digital, Data & Technology","Office for Standards in Education, Children's Services and Skills","Outside London","[c]","[c]","[c]","[c]"
"Leaver Dept.","2023","Asian","Digital, Data & Technology","Office of Gas and Electricity Markets","London","[c]","[c]","[c]","[c]"
"Leaver Dept.","2023","Asian","Digital, Data & Technology","Office of Gas and Electricity Markets","Outside London","[c]","[c]","[c]","[c]"
"Leaver Dept.","2023","Asian","Digital, Data & Technology","Office of Qualifications and Examinations Regulation","Outside London","[c]","[c]","[c]","[c]"
"Leaver Dept.","2023","Asian","Digital, Data & Technology","Scottish Government","Outside London","[c]","[c]","[c]","[c]"
"Leaver Dept.","2023","Asian","Digital, Data & Technology","The National Archives","London","[c]","[c]","[c]","[c]"
"Leaver Dept.","2023","Asian","Digital, Data & Technology","UK Statistics Authority","London","[c]","[c]","[c]","[c]"
"Leaver Dept.","2023","Asian","Digital, Data & Technology","UK Statistics Authority","Outside London","[c]","[c]","[c]","[c]"
"Leaver Dept.","2023","Asian","Digital, Data & Technology","Water Services Regulation Authority","Outside London","[c]","[c]","[c]","[c]"
"Leaver Dept.","2023","Asian","Finance","Attorney General's Departments","London","[c]","[c]","[c]","[c]"
"Leaver Dept.","2023","Asian","Finance","Attorney General's Departments","Outside London","[c]","[c]","[c]","[c]"
"Leaver Dept.","2023","Asian","Finance","Cabinet Office","London","[c]","[c]","[c]","[c]"
"Leaver Dept.","2023","Asian","Finance","Cabinet Office","Outside London","[c]","[c]","[c]","[c]"
"Leaver Dept.","2023","Asian","Finance","Cabinet Office","Unknown","[c]","[c]","[c]","[c]"
"Leaver Dept.","2023","Asian","Finance","Competition and Markets Authority","London","[c]","[c]","[c]","[c]"
"Leaver Dept.","2023","Asian","Finance","Department for Business, Energy and Industrial Strategy","London","[c]","[c]","[c]","[c]"
"Leaver Dept.","2023","Asian","Finance","Department for Business, Energy and Industrial Strategy","Outside London","[c]","[c]","[c]","[c]"
"Leaver Dept.","2023","Asian","Finance","Department for Digital, Culture, Media and Sport","London","[c]","[c]","[c]","[c]"
"Leaver Dept.","2023","Asian","Finance","Department for Education","London","[c]","[c]","[c]","[c]"
"Leaver Dept.","2023","Asian","Finance","Department for Education","Outside London","5","[c]","[c]","[c]"
"Leaver Dept.","2023","Asian","Finance","Department for Environment, Food and Rural Affairs","London","[c]","[c]","[c]","[c]"
"Leaver Dept.","2023","Asian","Finance","Department for Environment, Food and Rural Affairs","Outside London","[c]","[c]","[c]","[c]"
"Leaver Dept.","2023","Asian","Finance","Department for International Trade","London","[c]","[c]","[c]","[c]"
"Leaver Dept.","2023","Asian","Finance","Department for Levelling Up, Housing and Communities","London","[c]","[c]","[c]","[c]"
"Leaver Dept.","2023","Asian","Finance","Department for Levelling Up, Housing and Communities","Outside London","[c]","[c]","[c]","[c]"
"Leaver Dept.","2023","Asian","Finance","Department for Transport","London","[c]","[c]","[c]","[c]"
"Leaver Dept.","2023","Asian","Finance","Department for Transport","Outside London","[c]","[c]","[c]","[c]"
"Leaver Dept.","2023","Asian","Finance","Department for Work and Pensions","London","10","[c]","[c]","[c]"
"Leaver Dept.","2023","Asian","Finance","Department for Work and Pensions","Outside London","5","[c]","[c]","[c]"
"Leaver Dept.","2023","Asian","Finance","Department for Work and Pensions","Unknown","[c]","[c]","[c]","[c]"
"Leaver Dept.","2023","Asian","Finance","Department of Health and Social Care","London","[c]","[c]","[c]","[c]"
"Leaver Dept.","2023","Asian","Finance","Food Standards Agency","London","[c]","[c]","[c]","[c]"
"Leaver Dept.","2023","Asian","Finance","Food Standards Agency","Outside London","[c]","[c]","[c]","[c]"
"Leaver Dept.","2023","Asian","Finance","Foreign, Commonwealth and Development Office","Outside London","[c]","[c]","[c]","[c]"
"Leaver Dept.","2023","Asian","Finance","HM Revenue and Customs","London","[c]","[c]","[c]","[c]"
"Leaver Dept.","2023","Asian","Finance","HM Revenue and Customs","Outside London","[c]","[c]","[c]","[c]"
"Leaver Dept.","2023","Asian","Finance","HM Treasury","London","[c]","[c]","[c]","[c]"
"Leaver Dept.","2023","Asian","Finance","HM Treasury","Outside London","[c]","[c]","[c]","[c]"
"Leaver Dept.","2023","Asian","Finance","Home Office","London","[c]","[c]","[c]","[c]"
"Leaver Dept.","2023","Asian","Finance","Home Office","Outside London","[c]","[c]","[c]","[c]"
"Leaver Dept.","2023","Asian","Finance","Ministry of Defence","London","[c]","[c]","[c]","[c]"
"Leaver Dept.","2023","Asian","Finance","Ministry of Defence","Outside London","[c]","[c]","[c]","[c]"
"Leaver Dept.","2023","Asian","Finance","Ministry of Defence","Overseas","[c]","[c]","[c]","[c]"
"Leaver Dept.","2023","Asian","Finance","Ministry of Justice","London","[c]","[c]","[c]","[c]"
"Leaver Dept.","2023","Asian","Finance","Ministry of Justice","Outside London","[c]","[c]","[c]","[c]"
"Leaver Dept.","2023","Asian","Finance","National Crime Agency","Outside London","[c]","[c]","[c]","[c]"
"Leaver Dept.","2023","Asian","Finance","Northern Ireland Office","London","[c]","[c]","[c]","[c]"
"Leaver Dept.","2023","Asian","Finance","Northern Ireland Office","Outside London","[c]","[c]","[c]","[c]"
"Leaver Dept.","2023","Asian","Finance","Office for Standards in Education, Children's Services and Skills","Outside London","[c]","[c]","[c]","[c]"
"Leaver Dept.","2023","Asian","Finance","Office of Gas and Electricity Markets","London","[c]","[c]","[c]","[c]"
"Leaver Dept.","2023","Asian","Finance","Office of Gas and Electricity Markets","Outside London","[c]","[c]","[c]","[c]"
"Leaver Dept.","2023","Asian","Finance","Office of Qualifications and Examinations Regulation","Outside London","[c]","[c]","[c]","[c]"
"Leaver Dept.","2023","Asian","Finance","Office of Rail and Road","Outside London","[c]","[c]","[c]","[c]"
"Leaver Dept.","2023","Asian","Finance","Scottish Government","Outside London","[c]","[c]","[c]","[c]"
"Leaver Dept.","2023","Asian","Finance","UK Export Finance","London","[c]","[c]","[c]","[c]"
"Leaver Dept.","2023","Asian","Finance","UK Statistics Authority","Outside London","[c]","[c]","[c]","[c]"
"Leaver Dept.","2023","Asian","Grants Management","Department for Environment, Food and Rural Affairs","London","[c]","[c]","[c]","[c]"
"Leaver Dept.","2023","Asian","Grants Management","Department for Environment, Food and Rural Affairs","Outside London","[c]","[c]","[c]","[c]"
"Leaver Dept.","2023","Asian","Grants Management","Home Office","London","[c]","[c]","[c]","[c]"
"Leaver Dept.","2023","Asian","Human Resources","Attorney General's Departments","London","[c]","[c]","[c]","[c]"
"Leaver Dept.","2023","Asian","Human Resources","Attorney General's Departments","Outside London","[c]","[c]","[c]","[c]"
"Leaver Dept.","2023","Asian","Human Resources","Cabinet Office","London","5","[c]","[c]","[c]"
"Leaver Dept.","2023","Asian","Human Resources","Cabinet Office","Outside London","5","[c]","[c]","[c]"
"Leaver Dept.","2023","Asian","Human Resources","Cabinet Office","Unknown","[c]","[c]","[c]","[c]"
"Leaver Dept.","2023","Asian","Human Resources","Chancellor's other departments","London","[c]","[c]","[c]","[c]"
"Leaver Dept.","2023","Asian","Human Resources","Competition and Markets Authority","London","[c]","[c]","[c]","[c]"
"Leaver Dept.","2023","Asian","Human Resources","Department for Business, Energy and Industrial Strategy","London","[c]","[c]","[c]","[c]"
"Leaver Dept.","2023","Asian","Human Resources","Department for Business, Energy and Industrial Strategy","Outside London","[c]","[c]","[c]","[c]"
"Leaver Dept.","2023","Asian","Human Resources","Department for Digital, Culture, Media and Sport","London","[c]","[c]","[c]","[c]"
"Leaver Dept.","2023","Asian","Human Resources","Department for Education","London","[c]","[c]","[c]","[c]"
"Leaver Dept.","2023","Asian","Human Resources","Department for Education","Outside London","[c]","[c]","[c]","[c]"
"Leaver Dept.","2023","Asian","Human Resources","Department for Environment, Food and Rural Affairs","London","[c]","[c]","[c]","[c]"
"Leaver Dept.","2023","Asian","Human Resources","Department for Environment, Food and Rural Affairs","Outside London","[c]","[c]","[c]","[c]"
"Leaver Dept.","2023","Asian","Human Resources","Department for International Trade","London","[c]","[c]","[c]","[c]"
"Leaver Dept.","2023","Asian","Human Resources","Department for International Trade","Outside London","[c]","[c]","[c]","[c]"
"Leaver Dept.","2023","Asian","Human Resources","Department for Levelling Up, Housing and Communities","London","[c]","[c]","[c]","[c]"
"Leaver Dept.","2023","Asian","Human Resources","Department for Levelling Up, Housing and Communities","Outside London","[c]","[c]","[c]","[c]"
"Leaver Dept.","2023","Asian","Human Resources","Department for Transport","London","[c]","[c]","[c]","[c]"
"Leaver Dept.","2023","Asian","Human Resources","Department for Transport","Outside London","[c]","[c]","[c]","[c]"
"Leaver Dept.","2023","Asian","Human Resources","Department for Work and Pensions","London","5","[c]","[c]","[c]"
"Leaver Dept.","2023","Asian","Human Resources","Department for Work and Pensions","Outside London","[c]","[c]","[c]","[c]"
"Leaver Dept.","2023","Asian","Human Resources","Department for Work and Pensions","Unknown","[c]","[c]","[c]","[c]"
"Leaver Dept.","2023","Asian","Human Resources","Department of Health and Social Care","London","[c]","[c]","[c]","[c]"
"Leaver Dept.","2023","Asian","Human Resources","Department of Health and Social Care","Outside London","[c]","[c]","[c]","[c]"
"Leaver Dept.","2023","Asian","Human Resources","Food Standards Agency","London","[c]","[c]","[c]","[c]"
"Leaver Dept.","2023","Asian","Human Resources","HM Revenue and Customs","London","[c]","[c]","[c]","[c]"
"Leaver Dept.","2023","Asian","Human Resources","HM Revenue and Customs","Outside London","[c]","[c]","[c]","[c]"
"Leaver Dept.","2023","Asian","Human Resources","HM Treasury","London","[c]","[c]","[c]","[c]"
"Leaver Dept.","2023","Asian","Human Resources","HM Treasury","Outside London","[c]","[c]","[c]","[c]"
"Leaver Dept.","2023","Asian","Human Resources","Home Office","London","[c]","[c]","[c]","[c]"
"Leaver Dept.","2023","Asian","Human Resources","Home Office","Outside London","[c]","[c]","[c]","[c]"
"Leaver Dept.","2023","Asian","Human Resources","Ministry of Defence","London","[c]","[c]","[c]","[c]"
"Leaver Dept.","2023","Asian","Human Resources","Ministry of Defence","Outside London","[c]","[c]","[c]","[c]"
"Leaver Dept.","2023","Asian","Human Resources","Ministry of Defence","Unknown","[c]","[c]","[c]","[c]"
"Leaver Dept.","2023","Asian","Human Resources","Ministry of Justice","London","[c]","[c]","[c]","[c]"
"Leaver Dept.","2023","Asian","Human Resources","Ministry of Justice","Outside London","[c]","[c]","[c]","[c]"
"Leaver Dept.","2023","Asian","Human Resources","National Crime Agency","Outside London","[c]","[c]","[c]","[c]"
"Leaver Dept.","2023","Asian","Human Resources","Northern Ireland Office","London","[c]","[c]","[c]","[c]"
"Leaver Dept.","2023","Asian","Human Resources","Office for Standards in Education, Children's Services and Skills","London","[c]","[c]","[c]","[c]"
"Leaver Dept.","2023","Asian","Human Resources","Office for Standards in Education, Children's Services and Skills","Outside London","[c]","[c]","[c]","[c]"
"Leaver Dept.","2023","Asian","Human Resources","Office of Rail and Road","London","[c]","[c]","[c]","[c]"
"Leaver Dept.","2023","Asian","Human Resources","Office of Rail and Road","Outside London","[c]","[c]","[c]","[c]"
"Leaver Dept.","2023","Asian","Human Resources","Scottish Government","Outside London","[c]","[c]","[c]","[c]"
"Leaver Dept.","2023","Asian","Human Resources","The National Archives","London","[c]","[c]","[c]","[c]"
"Leaver Dept.","2023","Asian","Human Resources","UK Export Finance","London","[c]","[c]","[c]","[c]"
"Leaver Dept.","2023","Asian","Human Resources","UK Statistics Authority","London","[c]","[c]","[c]","[c]"
"Leaver Dept.","2023","Asian","Human Resources","UK Statistics Authority","Outside London","[c]","[c]","[c]","[c]"
"Leaver Dept.","2023","Asian","Human Resources","Welsh Government","Outside London","[c]","[c]","[c]","[c]"
"Leaver Dept.","2023","Asian","Internal Audit","HM Revenue and Customs","London","[c]","[c]","[c]","[c]"
"Leaver Dept.","2023","Asian","Internal Audit","HM Revenue and Customs","Outside London","[c]","[c]","[c]","[c]"
"Leaver Dept.","2023","Asian","Internal Audit","HM Treasury","London","[c]","[c]","[c]","[c]"
"Leaver Dept.","2023","Asian","Internal Audit","HM Treasury","Outside London","[c]","[c]","[c]","[c]"
"Leaver Dept.","2023","Asian","Internal Audit","Ministry of Defence","Outside London","[c]","[c]","[c]","[c]"
"Leaver Dept.","2023","Asian","Internal Audit","Scottish Government","Outside London","[c]","[c]","[c]","[c]"
"Leaver Dept.","2023","Asian","Legal","Attorney General's Departments","London","15","[c]","[c]","[c]"
"Leaver Dept.","2023","Asian","Legal","Attorney General's Departments","Outside London","10","[c]","[c]","[c]"
"Leaver Dept.","2023","Asian","Legal","Cabinet Office","London","[c]","[c]","[c]","[c]"
"Leaver Dept.","2023","Asian","Legal","Competition and Markets Authority","London","[c]","[c]","[c]","[c]"
"Leaver Dept.","2023","Asian","Legal","Department for Business, Energy and Industrial Strategy","London","[c]","[c]","[c]","[c]"
"Leaver Dept.","2023","Asian","Legal","Department for Business, Energy and Industrial Strategy","Outside London","[c]","[c]","[c]","[c]"
"Leaver Dept.","2023","Asian","Legal","Department for Education","London","[c]","[c]","[c]","[c]"
"Leaver Dept.","2023","Asian","Legal","Department for Work and Pensions","Outside London","[c]","[c]","[c]","[c]"
"Leaver Dept.","2023","Asian","Legal","Food Standards Agency","Outside London","[c]","[c]","[c]","[c]"
"Leaver Dept.","2023","Asian","Legal","Foreign, Commonwealth and Development Office","Outside London","[c]","[c]","[c]","[c]"
"Leaver Dept.","2023","Asian","Legal","HM Revenue and Customs","London","[c]","[c]","[c]","[c]"
"Leaver Dept.","2023","Asian","Legal","HM Revenue and Customs","Outside London","[c]","[c]","[c]","[c]"
"Leaver Dept.","2023","Asian","Legal","Ministry of Defence","Outside London","[c]","[c]","[c]","[c]"
"Leaver Dept.","2023","Asian","Legal","Ministry of Justice","London","[c]","[c]","[c]","[c]"
"Leaver Dept.","2023","Asian","Legal","Ministry of Justice","Outside London","[c]","[c]","[c]","[c]"
"Leaver Dept.","2023","Asian","Legal","National Crime Agency","London","[c]","[c]","[c]","[c]"
"Leaver Dept.","2023","Asian","Legal","Office of Gas and Electricity Markets","London","[c]","[c]","[c]","[c]"
"Leaver Dept.","2023","Asian","Legal","Office of Gas and Electricity Markets","Outside London","[c]","[c]","[c]","[c]"
"Leaver Dept.","2023","Asian","Legal","Office of Rail and Road","London","[c]","[c]","[c]","[c]"
"Leaver Dept.","2023","Asian","Legal","Scottish Government","Outside London","[c]","[c]","[c]","[c]"
"Leaver Dept.","2023","Asian","Legal","UK Export Finance","London","[c]","[c]","[c]","[c]"
"Leaver Dept.","2023","Asian","Legal","UK Supreme Court","London","[c]","[c]","[c]","[c]"
"Leaver Dept.","2023","Asian","No function","Attorney General's Departments","London","[c]","[c]","[c]","[c]"
"Leaver Dept.","2023","Asian","No function","Cabinet Office","London","45","[c]","48140","43890"
"Leaver Dept.","2023","Asian","No function","Cabinet Office","Outside London","[c]","[c]","[c]","[c]"
"Leaver Dept.","2023","Asian","No function","Cabinet Office","Unknown","[c]","[c]","[c]","[c]"
"Leaver Dept.","2023","Asian","No function","Charity Commission","London","[c]","[c]","[c]","[c]"
"Leaver Dept.","2023","Asian","No function","Charity Commission","Outside London","[c]","[c]","[c]","[c]"
"Leaver Dept.","2023","Asian","No function","Department for Business, Energy and Industrial Strategy","London","45","[c]","42110","40050"
"Leaver Dept.","2023","Asian","No function","Department for Business, Energy and Industrial Strategy","Outside London","10","[c]","[c]","[c]"
"Leaver Dept.","2023","Asian","No function","Department for Digital, Culture, Media and Sport","London","10","[c]","[c]","[c]"
"Leaver Dept.","2023","Asian","No function","Department for Education","London","15","[c]","[c]","[c]"
"Leaver Dept.","2023","Asian","No function","Department for Education","Outside London","15","[c]","[c]","[c]"
"Leaver Dept.","2023","Asian","No function","Department for Environment, Food and Rural Affairs","London","25","[c]","[c]","[c]"
"Leaver Dept.","2023","Asian","No function","Department for Environment, Food and Rural Affairs","Outside London","10","[c]","[c]","[c]"
"Leaver Dept.","2023","Asian","No function","Department for International Trade","London","15","[c]","[c]","[c]"
"Leaver Dept.","2023","Asian","No function","Department for International Trade","Outside London","[c]","[c]","[c]","[c]"
"Leaver Dept.","2023","Asian","No function","Department for International Trade","Overseas","[c]","[c]","[c]","[c]"
"Leaver Dept.","2023","Asian","No function","Department for Levelling Up, Housing and Communities","London","25","[c]","[c]","[c]"
"Leaver Dept.","2023","Asian","No function","Department for Levelling Up, Housing and Communities","Outside London","10","[c]","[c]","[c]"
"Leaver Dept.","2023","Asian","No function","Department for Transport","London","20","[c]","[c]","[c]"
"Leaver Dept.","2023","Asian","No function","Department for Transport","Outside London","10","[c]","[c]","[c]"
"Leaver Dept.","2023","Asian","No function","Department for Work and Pensions","London","75","[c]","31770","32520"
"Leaver Dept.","2023","Asian","No function","Department for Work and Pensions","Outside London","165","[c]","26960","28120"
"Leaver Dept.","2023","Asian","No function","Department for Work and Pensions","Unknown","[c]","[c]","[c]","[c]"
"Leaver Dept.","2023","Asian","No function","Department of Health and Social Care","London","10","[c]","[c]","[c]"
"Leaver Dept.","2023","Asian","No function","Department of Health and Social Care","Outside London","10","[c]","[c]","[c]"
"Leaver Dept.","2023","Asian","No function","Department of Health and Social Care","Unknown","[c]","[c]","[c]","[c]"
"Leaver Dept.","2023","Asian","No function","Food Standards Agency","London","[c]","[c]","[c]","[c]"
"Leaver Dept.","2023","Asian","No function","Food Standards Agency","Outside London","[c]","[c]","[c]","[c]"
"Leaver Dept.","2023","Asian","No function","HM Revenue and Customs","London","15","[c]","[c]","[c]"
"Leaver Dept.","2023","Asian","No function","HM Revenue and Customs","Outside London","55","[c]","[c]","[c]"
"Leaver Dept.","2023","Asian","No function","HM Treasury","London","25","[c]","[c]","[c]"
"Leaver Dept.","2023","Asian","No function","HM Treasury","Outside London","[c]","[c]","[c]","[c]"
"Leaver Dept.","2023","Asian","No function","Home Office","London","75","[c]","39050","36180"
"Leaver Dept.","2023","Asian","No function","Home Office","Outside London","45","[c]","26760","25980"
"Leaver Dept.","2023","Asian","No function","Home Office","Overseas","[c]","[c]","[c]","[c]"
"Leaver Dept.","2023","Asian","No function","Home Office","Unknown","[c]","[c]","[c]","[c]"
"Leaver Dept.","2023","Asian","No function","Ministry of Defence","London","[c]","[c]","[c]","[c]"
"Leaver Dept.","2023","Asian","No function","Ministry of Defence","Outside London","5","[c]","[c]","[c]"
"Leaver Dept.","2023","Asian","No function","Ministry of Defence","Overseas","[c]","[c]","[c]","[c]"
"Leaver Dept.","2023","Asian","No function","Ministry of Justice","London","60","[c]","36090","34260"
"Leaver Dept.","2023","Asian","No function","Ministry of Justice","Outside London","75","[c]","24970","21780"
"Leaver Dept.","2023","Asian","No function","Ministry of Justice","Unknown","[c]","[c]","[c]","[c]"
"Leaver Dept.","2023","Asian","No function","National Crime Agency","London","5","[c]","[c]","[c]"
"Leaver Dept.","2023","Asian","No function","National Crime Agency","Outside London","[c]","[c]","[c]","[c]"
"Leaver Dept.","2023","Asian","No function","National Crime Agency","Overseas","[c]","[c]","[c]","[c]"
"Leaver Dept.","2023","Asian","No function","National Crime Agency","Unknown","[c]","[c]","[c]","[c]"
"Leaver Dept.","2023","Asian","No function","Office for Standards in Education, Children's Services and Skills","London","[c]","[c]","[c]","[c]"
"Leaver Dept.","2023","Asian","No function","Office for Standards in Education, Children's Services and Skills","Outside London","[c]","[c]","[c]","[c]"
"Leaver Dept.","2023","Asian","No function","Office of Gas and Electricity Markets","London","[c]","[c]","[c]","[c]"
"Leaver Dept.","2023","Asian","No function","Office of Gas and Electricity Markets","Outside London","[c]","[c]","[c]","[c]"
"Leaver Dept.","2023","Asian","No function","Office of Qualifications and Examinations Regulation","Outside London","[c]","[c]","[c]","[c]"
"Leaver Dept.","2023","Asian","No function","Office of Rail and Road","London","[c]","[c]","[c]","[c]"
"Leaver Dept.","2023","Asian","No function","Office of Rail and Road","Outside London","[c]","[c]","[c]","[c]"
"Leaver Dept.","2023","Asian","No function","Office of the Secretary of State for Wales","London","[c]","[c]","[c]","[c]"
"Leaver Dept.","2023","Asian","No function","Office of the Secretary of State for Wales","Outside London","[c]","[c]","[c]","[c]"
"Leaver Dept.","2023","Asian","No function","Scottish Government","Outside London","[c]","[c]","[c]","[c]"
"Leaver Dept.","2023","Asian","No function","The National Archives","London","[c]","[c]","[c]","[c]"
"Leaver Dept.","2023","Asian","No function","UK Statistics Authority","London","[c]","[c]","[c]","[c]"
"Leaver Dept.","2023","Asian","No function","UK Statistics Authority","Outside London","5","[c]","[c]","[c]"
"Leaver Dept.","2023","Asian","No function","Water Services Regulation Authority","Outside London","[c]","[c]","[c]","[c]"
"Leaver Dept.","2023","Asian","No function","Welsh Government","Outside London","[c]","[c]","[c]","[c]"
"Leaver Dept.","2023","Asian","Project Delivery","Attorney General's Departments","London","[c]","[c]","[c]","[c]"
"Leaver Dept.","2023","Asian","Project Delivery","Cabinet Office","London","[c]","[c]","[c]","[c]"
"Leaver Dept.","2023","Asian","Project Delivery","Cabinet Office","Outside London","[c]","[c]","[c]","[c]"
"Leaver Dept.","2023","Asian","Project Delivery","Cabinet Office","Unknown","[c]","[c]","[c]","[c]"
"Leaver Dept.","2023","Asian","Project Delivery","Chancellor's other departments","London","[c]","[c]","[c]","[c]"
"Leaver Dept.","2023","Asian","Project Delivery","Competition and Markets Authority","London","5","[c]","[c]","[c]"
"Leaver Dept.","2023","Asian","Project Delivery","Competition and Markets Authority","Outside London","[c]","[c]","[c]","[c]"
"Leaver Dept.","2023","Asian","Project Delivery","Department for Business, Energy and Industrial Strategy","London","[c]","[c]","[c]","[c]"
"Leaver Dept.","2023","Asian","Project Delivery","Department for Business, Energy and Industrial Strategy","Outside London","[c]","[c]","[c]","[c]"
"Leaver Dept.","2023","Asian","Project Delivery","Department for Digital, Culture, Media and Sport","London","[c]","[c]","[c]","[c]"
"Leaver Dept.","2023","Asian","Project Delivery","Department for Education","London","[c]","[c]","[c]","[c]"
"Leaver Dept.","2023","Asian","Project Delivery","Department for Education","Outside London","[c]","[c]","[c]","[c]"
"Leaver Dept.","2023","Asian","Project Delivery","Department for Environment, Food and Rural Affairs","Outside London","[c]","[c]","[c]","[c]"
"Leaver Dept.","2023","Asian","Project Delivery","Department for International Trade","London","[c]","[c]","[c]","[c]"
"Leaver Dept.","2023","Asian","Project Delivery","Department for International Trade","Outside London","[c]","[c]","[c]","[c]"
"Leaver Dept.","2023","Asian","Project Delivery","Department for Levelling Up, Housing and Communities","London","[c]","[c]","[c]","[c]"
"Leaver Dept.","2023","Asian","Project Delivery","Department for Levelling Up, Housing and Communities","Outside London","[c]","[c]","[c]","[c]"
"Leaver Dept.","2023","Asian","Project Delivery","Department for Transport","Outside London","[c]","[c]","[c]","[c]"
"Leaver Dept.","2023","Asian","Project Delivery","Department for Work and Pensions","London","5","[c]","[c]","[c]"
"Leaver Dept.","2023","Asian","Project Delivery","Department for Work and Pensions","Outside London","[c]","[c]","[c]","[c]"
"Leaver Dept.","2023","Asian","Project Delivery","Department for Work and Pensions","Unknown","[c]","[c]","[c]","[c]"
"Leaver Dept.","2023","Asian","Project Delivery","Department of Health and Social Care","London","[c]","[c]","[c]","[c]"
"Leaver Dept.","2023","Asian","Project Delivery","Department of Health and Social Care","Outside London","[c]","[c]","[c]","[c]"
"Leaver Dept.","2023","Asian","Project Delivery","Estyn","Outside London","[c]","[c]","[c]","[c]"
"Leaver Dept.","2023","Asian","Project Delivery","Food Standards Agency","Outside London","[c]","[c]","[c]","[c]"
"Leaver Dept.","2023","Asian","Project Delivery","Foreign, Commonwealth and Development Office","Outside London","[c]","[c]","[c]","[c]"
"Leaver Dept.","2023","Asian","Project Delivery","HM Revenue and Customs","London","5","[c]","[c]","[c]"
"Leaver Dept.","2023","Asian","Project Delivery","HM Revenue and Customs","Outside London","[c]","[c]","[c]","[c]"
"Leaver Dept.","2023","Asian","Project Delivery","HM Treasury","London","[c]","[c]","[c]","[c]"
"Leaver Dept.","2023","Asian","Project Delivery","HM Treasury","Outside London","[c]","[c]","[c]","[c]"
"Leaver Dept.","2023","Asian","Project Delivery","Home Office","London","[c]","[c]","[c]","[c]"
"Leaver Dept.","2023","Asian","Project Delivery","Home Office","Outside London","[c]","[c]","[c]","[c]"
"Leaver Dept.","2023","Asian","Project Delivery","Ministry of Defence","London","[c]","[c]","[c]","[c]"
"Leaver Dept.","2023","Asian","Project Delivery","Ministry of Defence","Outside London","[c]","[c]","[c]","[c]"
"Leaver Dept.","2023","Asian","Project Delivery","Ministry of Defence","Overseas","[c]","[c]","[c]","[c]"
"Leaver Dept.","2023","Asian","Project Delivery","Ministry of Justice","London","[c]","[c]","[c]","[c]"
"Leaver Dept.","2023","Asian","Project Delivery","Ministry of Justice","Outside London","[c]","[c]","[c]","[c]"
"Leaver Dept.","2023","Asian","Project Delivery","National Crime Agency","London","[c]","[c]","[c]","[c]"
"Leaver Dept.","2023","Asian","Project Delivery","National Crime Agency","Outside London","[c]","[c]","[c]","[c]"
"Leaver Dept.","2023","Asian","Project Delivery","Office of Gas and Electricity Markets","London","[c]","[c]","[c]","[c]"
"Leaver Dept.","2023","Asian","Project Delivery","Office of Gas and Electricity Markets","Outside London","[c]","[c]","[c]","[c]"
"Leaver Dept.","2023","Asian","Project Delivery","Scottish Government","Outside London","[c]","[c]","[c]","[c]"
"Leaver Dept.","2023","Asian","Project Delivery","UK Export Finance","London","[c]","[c]","[c]","[c]"
"Leaver Dept.","2023","Asian","Project Delivery","UK Statistics Authority","Outside London","[c]","[c]","[c]","[c]"
"Leaver Dept.","2023","Asian","Project Delivery","Welsh Government","Outside London","[c]","[c]","[c]","[c]"
"Leaver Dept.","2023","Asian","Property","Cabinet Office","London","[c]","[c]","[c]","[c]"
"Leaver Dept.","2023","Asian","Property","Cabinet Office","Outside London","[c]","[c]","[c]","[c]"
"Leaver Dept.","2023","Asian","Property","Cabinet Office","Unknown","[c]","[c]","[c]","[c]"
"Leaver Dept.","2023","Asian","Property","Department for Business, Energy and Industrial Strategy","London","[c]","[c]","[c]","[c]"
"Leaver Dept.","2023","Asian","Property","Department for Digital, Culture, Media and Sport","London","[c]","[c]","[c]","[c]"
"Leaver Dept.","2023","Asian","Property","Department for Education","Outside London","[c]","[c]","[c]","[c]"
"Leaver Dept.","2023","Asian","Property","Department for Environment, Food and Rural Affairs","London","[c]","[c]","[c]","[c]"
"Leaver Dept.","2023","Asian","Property","Department for Environment, Food and Rural Affairs","Outside London","[c]","[c]","[c]","[c]"
"Leaver Dept.","2023","Asian","Property","Department for Transport","Outside London","[c]","[c]","[c]","[c]"
"Leaver Dept.","2023","Asian","Property","Department for Work and Pensions","London","[c]","[c]","[c]","[c]"
"Leaver Dept.","2023","Asian","Property","Department for Work and Pensions","Outside London","[c]","[c]","[c]","[c]"
"Leaver Dept.","2023","Asian","Property","Department of Health and Social Care","London","[c]","[c]","[c]","[c]"
"Leaver Dept.","2023","Asian","Property","Department of Health and Social Care","Outside London","[c]","[c]","[c]","[c]"
"Leaver Dept.","2023","Asian","Property","Food Standards Agency","Outside London","[c]","[c]","[c]","[c]"
"Leaver Dept.","2023","Asian","Property","HM Revenue and Customs","London","[c]","[c]","[c]","[c]"
"Leaver Dept.","2023","Asian","Property","HM Revenue and Customs","Outside London","[c]","[c]","[c]","[c]"
"Leaver Dept.","2023","Asian","Property","Ministry of Defence","London","[c]","[c]","[c]","[c]"
"Leaver Dept.","2023","Asian","Property","Ministry of Defence","Outside London","[c]","[c]","[c]","[c]"
"Leaver Dept.","2023","Asian","Property","Ministry of Justice","London","[c]","[c]","[c]","[c]"
"Leaver Dept.","2023","Asian","Property","Ministry of Justice","Outside London","[c]","[c]","[c]","[c]"
"Leaver Dept.","2023","Asian","Property","Office for Standards in Education, Children's Services and Skills","Outside London","[c]","[c]","[c]","[c]"
"Leaver Dept.","2023","Asian","Property","Office of Gas and Electricity Markets","London","[c]","[c]","[c]","[c]"
"Leaver Dept.","2023","Asian","Property","UK Statistics Authority","Outside London","[c]","[c]","[c]","[c]"
"Leaver Dept.","2023","Asian","Security","Attorney General's Departments","London","[c]","[c]","[c]","[c]"
"Leaver Dept.","2023","Asian","Security","Attorney General's Departments","Outside London","[c]","[c]","[c]","[c]"
"Leaver Dept.","2023","Asian","Security","Cabinet Office","London","5","[c]","[c]","[c]"
"Leaver Dept.","2023","Asian","Security","Cabinet Office","Outside London","[c]","[c]","[c]","[c]"
"Leaver Dept.","2023","Asian","Security","Cabinet Office","Unknown","[c]","[c]","[c]","[c]"
"Leaver Dept.","2023","Asian","Security","Chancellor's other departments","London","[c]","[c]","[c]","[c]"
"Leaver Dept.","2023","Asian","Security","Department for Business, Energy and Industrial Strategy","London","[c]","[c]","[c]","[c]"
"Leaver Dept.","2023","Asian","Security","Department for Business, Energy and Industrial Strategy","Outside London","[c]","[c]","[c]","[c]"
"Leaver Dept.","2023","Asian","Security","Department for Education","London","[c]","[c]","[c]","[c]"
"Leaver Dept.","2023","Asian","Security","Department for Education","Outside London","[c]","[c]","[c]","[c]"
"Leaver Dept.","2023","Asian","Security","Department for International Trade","London","[c]","[c]","[c]","[c]"
"Leaver Dept.","2023","Asian","Security","Department for Transport","Outside London","[c]","[c]","[c]","[c]"
"Leaver Dept.","2023","Asian","Security","Foreign, Commonwealth and Development Office","Overseas","[c]","[c]","[c]","[c]"
"Leaver Dept.","2023","Asian","Security","HM Revenue and Customs","London","[c]","[c]","[c]","[c]"
"Leaver Dept.","2023","Asian","Security","HM Revenue and Customs","Outside London","[c]","[c]","[c]","[c]"
"Leaver Dept.","2023","Asian","Security","Home Office","London","[c]","[c]","[c]","[c]"
"Leaver Dept.","2023","Asian","Security","Home Office","Outside London","[c]","[c]","[c]","[c]"
"Leaver Dept.","2023","Asian","Security","Ministry of Defence","London","[c]","[c]","[c]","[c]"
"Leaver Dept.","2023","Asian","Security","Ministry of Defence","Outside London","[c]","[c]","[c]","[c]"
"Leaver Dept.","2023","Asian","Security","Ministry of Defence","Overseas","[c]","[c]","[c]","[c]"
"Leaver Dept.","2023","Asian","Security","Ministry of Justice","London","[c]","[c]","[c]","[c]"
"Leaver Dept.","2023","Asian","Security","Ministry of Justice","Outside London","[c]","[c]","[c]","[c]"
"Leaver Dept.","2023","Asian","Security","National Crime Agency","London","[c]","[c]","[c]","[c]"
"Leaver Dept.","2023","Asian","Security","Northern Ireland Office","London","[c]","[c]","[c]","[c]"
"Leaver Dept.","2023","Asian","Security","UK Statistics Authority","Outside London","[c]","[c]","[c]","[c]"
"Leaver Dept.","2023","Asian","Unknown","Attorney General's Departments","London","[c]","[c]","[c]","[c]"
"Leaver Dept.","2023","Asian","Unknown","Attorney General's Departments","Outside London","[c]","[c]","[c]","[c]"
"Leaver Dept.","2023","Asian","Unknown","Cabinet Office","London","[c]","[c]","[c]","[c]"
"Leaver Dept.","2023","Asian","Unknown","Cabinet Office","Outside London","[c]","[c]","[c]","[c]"
"Leaver Dept.","2023","Asian","Unknown","Cabinet Office","Unknown","[c]","[c]","[c]","[c]"
"Leaver Dept.","2023","Asian","Unknown","Department for Business, Energy and Industrial Strategy","London","[c]","[c]","[c]","[c]"
"Leaver Dept.","2023","Asian","Unknown","Department for Business, Energy and Industrial Strategy","Outside London","[c]","[c]","[c]","[c]"
"Leaver Dept.","2023","Asian","Unknown","Department for Education","London","[c]","[c]","[c]","[c]"
"Leaver Dept.","2023","Asian","Unknown","Department for Education","Outside London","[c]","[c]","[c]","[c]"
"Leaver Dept.","2023","Asian","Unknown","Department for Environment, Food and Rural Affairs","Outside London","[c]","[c]","[c]","[c]"
"Leaver Dept.","2023","Asian","Unknown","Department for International Trade","London","[c]","[c]","[c]","[c]"
"Leaver Dept.","2023","Asian","Unknown","Department for Work and Pensions","London","[c]","[c]","[c]","[c]"
"Leaver Dept.","2023","Asian","Unknown","Department for Work and Pensions","Outside London","5","[c]","[c]","[c]"
"Leaver Dept.","2023","Asian","Unknown","Department for Work and Pensions","Unknown","[c]","[c]","[c]","[c]"
"Leaver Dept.","2023","Asian","Unknown","Department of Health and Social Care","London","20","[c]","[c]","[c]"
"Leaver Dept.","2023","Asian","Unknown","Department of Health and Social Care","Outside London","[c]","[c]","[c]","[c]"
"Leaver Dept.","2023","Asian","Unknown","Department of Health and Social Care","Unknown","[c]","[c]","[c]","[c]"
"Leaver Dept.","2023","Asian","Unknown","Foreign, Commonwealth and Development Office","London","10","[c]","[c]","[c]"
"Leaver Dept.","2023","Asian","Unknown","Foreign, Commonwealth and Development Office","Outside London","[c]","[c]","[c]","[c]"
"Leaver Dept.","2023","Asian","Unknown","Foreign, Commonwealth and Development Office","Overseas","[c]","[c]","[c]","[c]"
"Leaver Dept.","2023","Asian","Unknown","Ministry of Defence","Outside London","[c]","[c]","[c]","[c]"
"Leaver Dept.","2023","Asian","Unknown","Ministry of Defence","Unknown","[c]","[c]","[c]","[c]"
"Leaver Dept.","2023","Asian","Unknown","Northern Ireland Office","London","[c]","[c]","[c]","[c]"
"Leaver Dept.","2023","Asian","Unknown","Northern Ireland Office","Outside London","[c]","[c]","[c]","[c]"
"Leaver Dept.","2023","Asian","Unknown","Office of Gas and Electricity Markets","London","5","[c]","[c]","[c]"
"Leaver Dept.","2023","Asian","Unknown","Office of Gas and Electricity Markets","Outside London","[c]","[c]","[c]","[c]"
"Leaver Dept.","2023","Asian","Unknown","Office of the Secretary of State for Scotland","London","[c]","[c]","[c]","[c]"
"Leaver Dept.","2023","Asian","Unknown","Office of the Secretary of State for Scotland","Outside London","[c]","[c]","[c]","[c]"
"Leaver Dept.","2023","Asian","Unknown","Scottish Government","Outside London","[c]","[c]","[c]","[c]"
"Leaver Dept.","2023","Asian","Unknown","Scottish Government","Overseas","[c]","[c]","[c]","[c]"
"Leaver Dept.","2023","Asian","Unknown","Welsh Government","Outside London","[c]","[c]","[c]","[c]"
"Leaver Dept.","2023","Black","Analysis","Cabinet Office","London","[c]","[c]","[c]","[c]"
"Leaver Dept.","2023","Black","Analysis","Cabinet Office","Outside London","[c]","[c]","[c]","[c]"
"Leaver Dept.","2023","Black","Analysis","Cabinet Office","Unknown","[c]","[c]","[c]","[c]"
"Leaver Dept.","2023","Black","Analysis","Chancellor's other departments","London","[c]","[c]","[c]","[c]"
"Leaver Dept.","2023","Black","Analysis","Competition and Markets Authority","London","[c]","[c]","[c]","[c]"
"Leaver Dept.","2023","Black","Analysis","Competition and Markets Authority","Outside London","[c]","[c]","[c]","[c]"
"Leaver Dept.","2023","Black","Analysis","Department for Business, Energy and Industrial Strategy","London","[c]","[c]","[c]","[c]"
"Leaver Dept.","2023","Black","Analysis","Department for Business, Energy and Industrial Strategy","Outside London","[c]","[c]","[c]","[c]"
"Leaver Dept.","2023","Black","Analysis","Department for Digital, Culture, Media and Sport","London","[c]","[c]","[c]","[c]"
"Leaver Dept.","2023","Black","Analysis","Department for Education","London","[c]","[c]","[c]","[c]"
"Leaver Dept.","2023","Black","Analysis","Department for Education","Outside London","[c]","[c]","[c]","[c]"
"Leaver Dept.","2023","Black","Analysis","Department for Environment, Food and Rural Affairs","Outside London","[c]","[c]","[c]","[c]"
"Leaver Dept.","2023","Black","Analysis","Department for International Trade","London","[c]","[c]","[c]","[c]"
"Leaver Dept.","2023","Black","Analysis","Department for Levelling Up, Housing and Communities","London","[c]","[c]","[c]","[c]"
"Leaver Dept.","2023","Black","Analysis","Department for Levelling Up, Housing and Communities","Outside London","[c]","[c]","[c]","[c]"
"Leaver Dept.","2023","Black","Analysis","Department for Transport","Outside London","[c]","[c]","[c]","[c]"
"Leaver Dept.","2023","Black","Analysis","Department for Work and Pensions","London","[c]","[c]","[c]","[c]"
"Leaver Dept.","2023","Black","Analysis","Department for Work and Pensions","Outside London","[c]","[c]","[c]","[c]"
"Leaver Dept.","2023","Black","Analysis","Department of Health and Social Care","London","[c]","[c]","[c]","[c]"
"Leaver Dept.","2023","Black","Analysis","Food Standards Agency","London","[c]","[c]","[c]","[c]"
"Leaver Dept.","2023","Black","Analysis","Food Standards Agency","Outside London","[c]","[c]","[c]","[c]"
"Leaver Dept.","2023","Black","Analysis","HM Revenue and Customs","London","[c]","[c]","[c]","[c]"
"Leaver Dept.","2023","Black","Analysis","HM Revenue and Customs","Outside London","[c]","[c]","[c]","[c]"
"Leaver Dept.","2023","Black","Analysis","HM Treasury","London","[c]","[c]","[c]","[c]"
"Leaver Dept.","2023","Black","Analysis","HM Treasury","Outside London","[c]","[c]","[c]","[c]"
"Leaver Dept.","2023","Black","Analysis","Home Office","London","[c]","[c]","[c]","[c]"
"Leaver Dept.","2023","Black","Analysis","Home Office","Outside London","[c]","[c]","[c]","[c]"
"Leaver Dept.","2023","Black","Analysis","Ministry of Defence","London","[c]","[c]","[c]","[c]"
"Leaver Dept.","2023","Black","Analysis","Ministry of Defence","Outside London","[c]","[c]","[c]","[c]"
"Leaver Dept.","2023","Black","Analysis","Ministry of Justice","London","[c]","[c]","[c]","[c]"
"Leaver Dept.","2023","Black","Analysis","Ministry of Justice","Outside London","[c]","[c]","[c]","[c]"
"Leaver Dept.","2023","Black","Analysis","Office for Standards in Education, Children's Services and Skills","London","[c]","[c]","[c]","[c]"
"Leaver Dept.","2023","Black","Analysis","Office for Standards in Education, Children's Services and Skills","Outside London","[c]","[c]","[c]","[c]"
"Leaver Dept.","2023","Black","Analysis","Office of Gas and Electricity Markets","London","[c]","[c]","[c]","[c]"
"Leaver Dept.","2023","Black","Analysis","Office of Rail and Road","Outside London","[c]","[c]","[c]","[c]"
"Leaver Dept.","2023","Black","Analysis","UK Export Finance","London","[c]","[c]","[c]","[c]"
"Leaver Dept.","2023","Black","Analysis","UK Statistics Authority","London","[c]","[c]","[c]","[c]"
"Leaver Dept.","2023","Black","Analysis","UK Statistics Authority","Outside London","[c]","[c]","[c]","[c]"
"Leaver Dept.","2023","Black","Analysis","Water Services Regulation Authority","Outside London","[c]","[c]","[c]","[c]"
"Leaver Dept.","2023","Black","Commercial","Attorney General's Departments","Outside London","[c]","[c]","[c]","[c]"
"Leaver Dept.","2023","Black","Commercial","Cabinet Office","London","[c]","[c]","[c]","[c]"
"Leaver Dept.","2023","Black","Commercial","Cabinet Office","Outside London","[c]","[c]","[c]","[c]"
"Leaver Dept.","2023","Black","Commercial","Cabinet Office","Unknown","[c]","[c]","[c]","[c]"
"Leaver Dept.","2023","Black","Commercial","Chancellor's other departments","London","[c]","[c]","[c]","[c]"
"Leaver Dept.","2023","Black","Commercial","Chancellor's other departments","Outside London","[c]","[c]","[c]","[c]"
"Leaver Dept.","2023","Black","Commercial","Charity Commission","Outside London","[c]","[c]","[c]","[c]"
"Leaver Dept.","2023","Black","Commercial","Department for Business, Energy and Industrial Strategy","London","[c]","[c]","[c]","[c]"
"Leaver Dept.","2023","Black","Commercial","Department for Digital, Culture, Media and Sport","London","[c]","[c]","[c]","[c]"
"Leaver Dept.","2023","Black","Commercial","Department for Education","Outside London","[c]","[c]","[c]","[c]"
"Leaver Dept.","2023","Black","Commercial","Department for Environment, Food and Rural Affairs","Outside London","[c]","[c]","[c]","[c]"
"Leaver Dept.","2023","Black","Commercial","Department for International Trade","London","[c]","[c]","[c]","[c]"
"Leaver Dept.","2023","Black","Commercial","Department for Levelling Up, Housing and Communities","London","[c]","[c]","[c]","[c]"
"Leaver Dept.","2023","Black","Commercial","Department for Transport","Outside London","[c]","[c]","[c]","[c]"
"Leaver Dept.","2023","Black","Commercial","Department for Work and Pensions","Outside London","[c]","[c]","[c]","[c]"
"Leaver Dept.","2023","Black","Commercial","Department of Health and Social Care","Outside London","[c]","[c]","[c]","[c]"
"Leaver Dept.","2023","Black","Commercial","Food Standards Agency","London","[c]","[c]","[c]","[c]"
"Leaver Dept.","2023","Black","Commercial","HM Revenue and Customs","Outside London","[c]","[c]","[c]","[c]"
"Leaver Dept.","2023","Black","Commercial","HM Treasury","Outside London","[c]","[c]","[c]","[c]"
"Leaver Dept.","2023","Black","Commercial","Home Office","London","[c]","[c]","[c]","[c]"
"Leaver Dept.","2023","Black","Commercial","Home Office","Outside London","[c]","[c]","[c]","[c]"
"Leaver Dept.","2023","Black","Commercial","Ministry of Defence","London","[c]","[c]","[c]","[c]"
"Leaver Dept.","2023","Black","Commercial","Ministry of Defence","Outside London","[c]","[c]","[c]","[c]"
"Leaver Dept.","2023","Black","Commercial","Ministry of Defence","Overseas","[c]","[c]","[c]","[c]"
"Leaver Dept.","2023","Black","Commercial","Ministry of Justice","London","[c]","[c]","[c]","[c]"
"Leaver Dept.","2023","Black","Commercial","Ministry of Justice","Outside London","[c]","[c]","[c]","[c]"
"Leaver Dept.","2023","Black","Commercial","National Crime Agency","London","[c]","[c]","[c]","[c]"
"Leaver Dept.","2023","Black","Commercial","Office for Standards in Education, Children's Services and Skills","Outside London","[c]","[c]","[c]","[c]"
"Leaver Dept.","2023","Black","Commercial","Scottish Government","Outside London","[c]","[c]","[c]","[c]"
"Leaver Dept.","2023","Black","Commercial","UK Export Finance","London","[c]","[c]","[c]","[c]"
"Leaver Dept.","2023","Black","Commercial","Water Services Regulation Authority","Outside London","[c]","[c]","[c]","[c]"
"Leaver Dept.","2023","Black","Communications","Attorney General's Departments","London","[c]","[c]","[c]","[c]"
"Leaver Dept.","2023","Black","Communications","Cabinet Office","London","[c]","[c]","[c]","[c]"
"Leaver Dept.","2023","Black","Communications","Cabinet Office","Outside London","[c]","[c]","[c]","[c]"
"Leaver Dept.","2023","Black","Communications","Cabinet Office","Unknown","[c]","[c]","[c]","[c]"
"Leaver Dept.","2023","Black","Communications","Charity Commission","London","[c]","[c]","[c]","[c]"
"Leaver Dept.","2023","Black","Communications","Competition and Markets Authority","London","[c]","[c]","[c]","[c]"
"Leaver Dept.","2023","Black","Communications","Department for Business, Energy and Industrial Strategy","London","[c]","[c]","[c]","[c]"
"Leaver Dept.","2023","Black","Communications","Department for Business, Energy and Industrial Strategy","Outside London","[c]","[c]","[c]","[c]"
"Leaver Dept.","2023","Black","Communications","Department for Digital, Culture, Media and Sport","London","[c]","[c]","[c]","[c]"
"Leaver Dept.","2023","Black","Communications","Department for Education","London","[c]","[c]","[c]","[c]"
"Leaver Dept.","2023","Black","Communications","Department for Education","Outside London","[c]","[c]","[c]","[c]"
"Leaver Dept.","2023","Black","Communications","Department for Environment, Food and Rural Affairs","London","[c]","[c]","[c]","[c]"
"Leaver Dept.","2023","Black","Communications","Department for Environment, Food and Rural Affairs","Outside London","[c]","[c]","[c]","[c]"
"Leaver Dept.","2023","Black","Communications","Department for International Trade","London","[c]","[c]","[c]","[c]"
"Leaver Dept.","2023","Black","Communications","Department for Levelling Up, Housing and Communities","London","[c]","[c]","[c]","[c]"
"Leaver Dept.","2023","Black","Communications","Department for Levelling Up, Housing and Communities","Outside London","[c]","[c]","[c]","[c]"
"Leaver Dept.","2023","Black","Communications","Department for Transport","Outside London","[c]","[c]","[c]","[c]"
"Leaver Dept.","2023","Black","Communications","Department for Work and Pensions","London","[c]","[c]","[c]","[c]"
"Leaver Dept.","2023","Black","Communications","Department for Work and Pensions","Outside London","[c]","[c]","[c]","[c]"
"Leaver Dept.","2023","Black","Communications","Food Standards Agency","London","[c]","[c]","[c]","[c]"
"Leaver Dept.","2023","Black","Communications","Food Standards Agency","Outside London","[c]","[c]","[c]","[c]"
"Leaver Dept.","2023","Black","Communications","HM Revenue and Customs","London","[c]","[c]","[c]","[c]"
"Leaver Dept.","2023","Black","Communications","HM Revenue and Customs","Outside London","[c]","[c]","[c]","[c]"
"Leaver Dept.","2023","Black","Communications","HM Treasury","London","[c]","[c]","[c]","[c]"
"Leaver Dept.","2023","Black","Communications","Home Office","London","[c]","[c]","[c]","[c]"
"Leaver Dept.","2023","Black","Communications","Ministry of Defence","London","[c]","[c]","[c]","[c]"
"Leaver Dept.","2023","Black","Communications","Ministry of Defence","Outside London","[c]","[c]","[c]","[c]"
"Leaver Dept.","2023","Black","Communications","Ministry of Justice","London","[c]","[c]","[c]","[c]"
"Leaver Dept.","2023","Black","Communications","Ministry of Justice","Outside London","[c]","[c]","[c]","[c]"
"Leaver Dept.","2023","Black","Communications","National Crime Agency","London","[c]","[c]","[c]","[c]"
"Leaver Dept.","2023","Black","Communications","Northern Ireland Office","London","[c]","[c]","[c]","[c]"
"Leaver Dept.","2023","Black","Communications","Office of Gas and Electricity Markets","London","[c]","[c]","[c]","[c]"
"Leaver Dept.","2023","Black","Communications","Office of Gas and Electricity Markets","Outside London","[c]","[c]","[c]","[c]"
"Leaver Dept.","2023","Black","Communications","Office of Qualifications and Examinations Regulation","Outside London","[c]","[c]","[c]","[c]"
"Leaver Dept.","2023","Black","Communications","Office of Rail and Road","London","[c]","[c]","[c]","[c]"
"Leaver Dept.","2023","Black","Communications","Office of Rail and Road","Outside London","[c]","[c]","[c]","[c]"
"Leaver Dept.","2023","Black","Communications","Office of the Secretary of State for Scotland","Outside London","[c]","[c]","[c]","[c]"
"Leaver Dept.","2023","Black","Communications","Office of the Secretary of State for Wales","Outside London","[c]","[c]","[c]","[c]"
"Leaver Dept.","2023","Black","Communications","The National Archives","London","[c]","[c]","[c]","[c]"
"Leaver Dept.","2023","Black","Communications","UK Export Finance","London","[c]","[c]","[c]","[c]"
"Leaver Dept.","2023","Black","Communications","UK Statistics Authority","Outside London","[c]","[c]","[c]","[c]"
"Leaver Dept.","2023","Black","Communications","UK Supreme Court","London","[c]","[c]","[c]","[c]"
"Leaver Dept.","2023","Black","Communications","Water Services Regulation Authority","Outside London","[c]","[c]","[c]","[c]"
"Leaver Dept.","2023","Black","Counter Fraud","Attorney General's Departments","London","[c]","[c]","[c]","[c]"
"Leaver Dept.","2023","Black","Counter Fraud","Cabinet Office","London","[c]","[c]","[c]","[c]"
"Leaver Dept.","2023","Black","Counter Fraud","Cabinet Office","Outside London","[c]","[c]","[c]","[c]"
"Leaver Dept.","2023","Black","Counter Fraud","Cabinet Office","Unknown","[c]","[c]","[c]","[c]"
"Leaver Dept.","2023","Black","Counter Fraud","Department for Business, Energy and Industrial Strategy","Outside London","[c]","[c]","[c]","[c]"
"Leaver Dept.","2023","Black","Counter Fraud","Department for Transport","London","[c]","[c]","[c]","[c]"
"Leaver Dept.","2023","Black","Counter Fraud","Department for Transport","Outside London","[c]","[c]","[c]","[c]"
"Leaver Dept.","2023","Black","Counter Fraud","Department for Work and Pensions","London","10","[c]","[c]","[c]"
"Leaver Dept.","2023","Black","Counter Fraud","Department for Work and Pensions","Outside London","10","[c]","[c]","[c]"
"Leaver Dept.","2023","Black","Counter Fraud","Department for Work and Pensions","Unknown","[c]","[c]","[c]","[c]"
"Leaver Dept.","2023","Black","Counter Fraud","Food Standards Agency","London","[c]","[c]","[c]","[c]"
"Leaver Dept.","2023","Black","Counter Fraud","Food Standards Agency","Outside London","[c]","[c]","[c]","[c]"
"Leaver Dept.","2023","Black","Counter Fraud","HM Revenue and Customs","London","[c]","[c]","[c]","[c]"
"Leaver Dept.","2023","Black","Counter Fraud","HM Revenue and Customs","Outside London","[c]","[c]","[c]","[c]"
"Leaver Dept.","2023","Black","Debt","Department for Work and Pensions","Outside London","[c]","[c]","[c]","[c]"
"Leaver Dept.","2023","Black","Debt","HM Revenue and Customs","London","[c]","[c]","[c]","[c]"
"Leaver Dept.","2023","Black","Debt","HM Revenue and Customs","Outside London","5","[c]","[c]","[c]"
"Leaver Dept.","2023","Black","Digital, Data & Technology","Attorney General's Departments","London","[c]","[c]","[c]","[c]"
"Leaver Dept.","2023","Black","Digital, Data & Technology","Attorney General's Departments","Outside London","[c]","[c]","[c]","[c]"
"Leaver Dept.","2023","Black","Digital, Data & Technology","Cabinet Office","London","[c]","[c]","[c]","[c]"
"Leaver Dept.","2023","Black","Digital, Data & Technology","Cabinet Office","Outside London","[c]","[c]","[c]","[c]"
"Leaver Dept.","2023","Black","Digital, Data & Technology","Cabinet Office","Unknown","[c]","[c]","[c]","[c]"
"Leaver Dept.","2023","Black","Digital, Data & Technology","Charity Commission","Outside London","[c]","[c]","[c]","[c]"
"Leaver Dept.","2023","Black","Digital, Data & Technology","Competition and Markets Authority","London","[c]","[c]","[c]","[c]"
"Leaver Dept.","2023","Black","Digital, Data & Technology","Department for Business, Energy and Industrial Strategy","London","[c]","[c]","[c]","[c]"
"Leaver Dept.","2023","Black","Digital, Data & Technology","Department for Business, Energy and Industrial Strategy","Outside London","[c]","[c]","[c]","[c]"
"Leaver Dept.","2023","Black","Digital, Data & Technology","Department for Digital, Culture, Media and Sport","London","[c]","[c]","[c]","[c]"
"Leaver Dept.","2023","Black","Digital, Data & Technology","Department for Education","London","[c]","[c]","[c]","[c]"
"Leaver Dept.","2023","Black","Digital, Data & Technology","Department for Education","Outside London","[c]","[c]","[c]","[c]"
"Leaver Dept.","2023","Black","Digital, Data & Technology","Department for Environment, Food and Rural Affairs","London","[c]","[c]","[c]","[c]"
"Leaver Dept.","2023","Black","Digital, Data & Technology","Department for Environment, Food and Rural Affairs","Outside London","[c]","[c]","[c]","[c]"
"Leaver Dept.","2023","Black","Digital, Data & Technology","Department for International Trade","London","[c]","[c]","[c]","[c]"
"Leaver Dept.","2023","Black","Digital, Data & Technology","Department for International Trade","Outside London","[c]","[c]","[c]","[c]"
"Leaver Dept.","2023","Black","Digital, Data & Technology","Department for Levelling Up, Housing and Communities","London","[c]","[c]","[c]","[c]"
"Leaver Dept.","2023","Black","Digital, Data & Technology","Department for Levelling Up, Housing and Communities","Outside London","[c]","[c]","[c]","[c]"
"Leaver Dept.","2023","Black","Digital, Data & Technology","Department for Transport","Outside London","[c]","[c]","[c]","[c]"
"Leaver Dept.","2023","Black","Digital, Data & Technology","Department for Work and Pensions","London","[c]","[c]","[c]","[c]"
"Leaver Dept.","2023","Black","Digital, Data & Technology","Department for Work and Pensions","Outside London","[c]","[c]","[c]","[c]"
"Leaver Dept.","2023","Black","Digital, Data & Technology","Department for Work and Pensions","Unknown","[c]","[c]","[c]","[c]"
"Leaver Dept.","2023","Black","Digital, Data & Technology","Department of Health and Social Care","London","[c]","[c]","[c]","[c]"
"Leaver Dept.","2023","Black","Digital, Data & Technology","Department of Health and Social Care","Outside London","[c]","[c]","[c]","[c]"
"Leaver Dept.","2023","Black","Digital, Data & Technology","Food Standards Agency","Outside London","[c]","[c]","[c]","[c]"
"Leaver Dept.","2023","Black","Digital, Data & Technology","HM Revenue and Customs","London","[c]","[c]","[c]","[c]"
"Leaver Dept.","2023","Black","Digital, Data & Technology","HM Revenue and Customs","Outside London","[c]","[c]","[c]","[c]"
"Leaver Dept.","2023","Black","Digital, Data & Technology","HM Treasury","London","[c]","[c]","[c]","[c]"
"Leaver Dept.","2023","Black","Digital, Data & Technology","Home Office","London","[c]","[c]","[c]","[c]"
"Leaver Dept.","2023","Black","Digital, Data & Technology","Home Office","Outside London","[c]","[c]","[c]","[c]"
"Leaver Dept.","2023","Black","Digital, Data & Technology","Ministry of Defence","London","[c]","[c]","[c]","[c]"
"Leaver Dept.","2023","Black","Digital, Data & Technology","Ministry of Defence","Outside London","[c]","[c]","[c]","[c]"
"Leaver Dept.","2023","Black","Digital, Data & Technology","Ministry of Justice","London","[c]","[c]","[c]","[c]"
"Leaver Dept.","2023","Black","Digital, Data & Technology","Ministry of Justice","Outside London","[c]","[c]","[c]","[c]"
"Leaver Dept.","2023","Black","Digital, Data & Technology","Ministry of Justice","Unknown","[c]","[c]","[c]","[c]"
"Leaver Dept.","2023","Black","Digital, Data & Technology","National Crime Agency","London","[c]","[c]","[c]","[c]"
"Leaver Dept.","2023","Black","Digital, Data & Technology","National Crime Agency","Outside London","[c]","[c]","[c]","[c]"
"Leaver Dept.","2023","Black","Digital, Data & Technology","Northern Ireland Office","London","[c]","[c]","[c]","[c]"
"Leaver Dept.","2023","Black","Digital, Data & Technology","Office for Standards in Education, Children's Services and Skills","London","[c]","[c]","[c]","[c]"
"Leaver Dept.","2023","Black","Digital, Data & Technology","Office for Standards in Education, Children's Services and Skills","Outside London","[c]","[c]","[c]","[c]"
"Leaver Dept.","2023","Black","Digital, Data & Technology","Office of Gas and Electricity Markets","London","[c]","[c]","[c]","[c]"
"Leaver Dept.","2023","Black","Digital, Data & Technology","Office of Gas and Electricity Markets","Outside London","[c]","[c]","[c]","[c]"
"Leaver Dept.","2023","Black","Digital, Data & Technology","Office of Qualifications and Examinations Regulation","Outside London","[c]","[c]","[c]","[c]"
"Leaver Dept.","2023","Black","Digital, Data & Technology","Scottish Government","Outside London","[c]","[c]","[c]","[c]"
"Leaver Dept.","2023","Black","Digital, Data & Technology","The National Archives","London","[c]","[c]","[c]","[c]"
"Leaver Dept.","2023","Black","Digital, Data & Technology","UK Statistics Authority","London","[c]","[c]","[c]","[c]"
"Leaver Dept.","2023","Black","Digital, Data & Technology","UK Statistics Authority","Outside London","[c]","[c]","[c]","[c]"
"Leaver Dept.","2023","Black","Digital, Data & Technology","Water Services Regulation Authority","Outside London","[c]","[c]","[c]","[c]"
"Leaver Dept.","2023","Black","Finance","Attorney General's Departments","London","[c]","[c]","[c]","[c]"
"Leaver Dept.","2023","Black","Finance","Attorney General's Departments","Outside London","[c]","[c]","[c]","[c]"
"Leaver Dept.","2023","Black","Finance","Cabinet Office","London","[c]","[c]","[c]","[c]"
"Leaver Dept.","2023","Black","Finance","Cabinet Office","Outside London","[c]","[c]","[c]","[c]"
"Leaver Dept.","2023","Black","Finance","Cabinet Office","Unknown","[c]","[c]","[c]","[c]"
"Leaver Dept.","2023","Black","Finance","Competition and Markets Authority","London","[c]","[c]","[c]","[c]"
"Leaver Dept.","2023","Black","Finance","Department for Business, Energy and Industrial Strategy","London","[c]","[c]","[c]","[c]"
"Leaver Dept.","2023","Black","Finance","Department for Business, Energy and Industrial Strategy","Outside London","[c]","[c]","[c]","[c]"
"Leaver Dept.","2023","Black","Finance","Department for Digital, Culture, Media and Sport","London","[c]","[c]","[c]","[c]"
"Leaver Dept.","2023","Black","Finance","Department for Education","London","[c]","[c]","[c]","[c]"
"Leaver Dept.","2023","Black","Finance","Department for Education","Outside London","[c]","[c]","[c]","[c]"
"Leaver Dept.","2023","Black","Finance","Department for Environment, Food and Rural Affairs","London","[c]","[c]","[c]","[c]"
"Leaver Dept.","2023","Black","Finance","Department for Environment, Food and Rural Affairs","Outside London","[c]","[c]","[c]","[c]"
"Leaver Dept.","2023","Black","Finance","Department for International Trade","London","[c]","[c]","[c]","[c]"
"Leaver Dept.","2023","Black","Finance","Department for Levelling Up, Housing and Communities","London","[c]","[c]","[c]","[c]"
"Leaver Dept.","2023","Black","Finance","Department for Levelling Up, Housing and Communities","Outside London","[c]","[c]","[c]","[c]"
"Leaver Dept.","2023","Black","Finance","Department for Transport","London","[c]","[c]","[c]","[c]"
"Leaver Dept.","2023","Black","Finance","Department for Transport","Outside London","[c]","[c]","[c]","[c]"
"Leaver Dept.","2023","Black","Finance","Department for Work and Pensions","London","[c]","[c]","[c]","[c]"
"Leaver Dept.","2023","Black","Finance","Department for Work and Pensions","Outside London","[c]","[c]","[c]","[c]"
"Leaver Dept.","2023","Black","Finance","Department for Work and Pensions","Unknown","[c]","[c]","[c]","[c]"
"Leaver Dept.","2023","Black","Finance","Department of Health and Social Care","London","[c]","[c]","[c]","[c]"
"Leaver Dept.","2023","Black","Finance","Food Standards Agency","London","[c]","[c]","[c]","[c]"
"Leaver Dept.","2023","Black","Finance","Food Standards Agency","Outside London","[c]","[c]","[c]","[c]"
"Leaver Dept.","2023","Black","Finance","Foreign, Commonwealth and Development Office","Outside London","[c]","[c]","[c]","[c]"
"Leaver Dept.","2023","Black","Finance","HM Revenue and Customs","London","[c]","[c]","[c]","[c]"
"Leaver Dept.","2023","Black","Finance","HM Revenue and Customs","Outside London","[c]","[c]","[c]","[c]"
"Leaver Dept.","2023","Black","Finance","HM Treasury","London","[c]","[c]","[c]","[c]"
"Leaver Dept.","2023","Black","Finance","HM Treasury","Outside London","[c]","[c]","[c]","[c]"
"Leaver Dept.","2023","Black","Finance","Home Office","London","[c]","[c]","[c]","[c]"
"Leaver Dept.","2023","Black","Finance","Home Office","Outside London","[c]","[c]","[c]","[c]"
"Leaver Dept.","2023","Black","Finance","Ministry of Defence","London","[c]","[c]","[c]","[c]"
"Leaver Dept.","2023","Black","Finance","Ministry of Defence","Outside London","[c]","[c]","[c]","[c]"
"Leaver Dept.","2023","Black","Finance","Ministry of Defence","Overseas","[c]","[c]","[c]","[c]"
"Leaver Dept.","2023","Black","Finance","Ministry of Justice","London","[c]","[c]","[c]","[c]"
"Leaver Dept.","2023","Black","Finance","Ministry of Justice","Outside London","[c]","[c]","[c]","[c]"
"Leaver Dept.","2023","Black","Finance","National Crime Agency","Outside London","[c]","[c]","[c]","[c]"
"Leaver Dept.","2023","Black","Finance","Northern Ireland Office","London","[c]","[c]","[c]","[c]"
"Leaver Dept.","2023","Black","Finance","Northern Ireland Office","Outside London","[c]","[c]","[c]","[c]"
"Leaver Dept.","2023","Black","Finance","Office for Standards in Education, Children's Services and Skills","Outside London","[c]","[c]","[c]","[c]"
"Leaver Dept.","2023","Black","Finance","Office of Gas and Electricity Markets","London","[c]","[c]","[c]","[c]"
"Leaver Dept.","2023","Black","Finance","Office of Gas and Electricity Markets","Outside London","[c]","[c]","[c]","[c]"
"Leaver Dept.","2023","Black","Finance","Office of Qualifications and Examinations Regulation","Outside London","[c]","[c]","[c]","[c]"
"Leaver Dept.","2023","Black","Finance","Office of Rail and Road","Outside London","[c]","[c]","[c]","[c]"
"Leaver Dept.","2023","Black","Finance","Scottish Government","Outside London","[c]","[c]","[c]","[c]"
"Leaver Dept.","2023","Black","Finance","UK Export Finance","London","[c]","[c]","[c]","[c]"
"Leaver Dept.","2023","Black","Finance","UK Statistics Authority","Outside London","[c]","[c]","[c]","[c]"
"Leaver Dept.","2023","Black","Grants Management","Department for Environment, Food and Rural Affairs","London","[c]","[c]","[c]","[c]"
"Leaver Dept.","2023","Black","Grants Management","Department for Environment, Food and Rural Affairs","Outside London","[c]","[c]","[c]","[c]"
"Leaver Dept.","2023","Black","Grants Management","Home Office","London","[c]","[c]","[c]","[c]"
"Leaver Dept.","2023","Black","Human Resources","Attorney General's Departments","London","[c]","[c]","[c]","[c]"
"Leaver Dept.","2023","Black","Human Resources","Attorney General's Departments","Outside London","[c]","[c]","[c]","[c]"
"Leaver Dept.","2023","Black","Human Resources","Cabinet Office","London","5","[c]","[c]","[c]"
"Leaver Dept.","2023","Black","Human Resources","Cabinet Office","Outside London","[c]","[c]","[c]","[c]"
"Leaver Dept.","2023","Black","Human Resources","Cabinet Office","Unknown","[c]","[c]","[c]","[c]"
"Leaver Dept.","2023","Black","Human Resources","Chancellor's other departments","London","[c]","[c]","[c]","[c]"
"Leaver Dept.","2023","Black","Human Resources","Competition and Markets Authority","London","[c]","[c]","[c]","[c]"
"Leaver Dept.","2023","Black","Human Resources","Department for Business, Energy and Industrial Strategy","London","[c]","[c]","[c]","[c]"
"Leaver Dept.","2023","Black","Human Resources","Department for Business, Energy and Industrial Strategy","Outside London","[c]","[c]","[c]","[c]"
"Leaver Dept.","2023","Black","Human Resources","Department for Digital, Culture, Media and Sport","London","[c]","[c]","[c]","[c]"
"Leaver Dept.","2023","Black","Human Resources","Department for Education","London","[c]","[c]","[c]","[c]"
"Leaver Dept.","2023","Black","Human Resources","Department for Education","Outside London","[c]","[c]","[c]","[c]"
"Leaver Dept.","2023","Black","Human Resources","Department for Environment, Food and Rural Affairs","London","[c]","[c]","[c]","[c]"
"Leaver Dept.","2023","Black","Human Resources","Department for Environment, Food and Rural Affairs","Outside London","[c]","[c]","[c]","[c]"
"Leaver Dept.","2023","Black","Human Resources","Department for International Trade","London","[c]","[c]","[c]","[c]"
"Leaver Dept.","2023","Black","Human Resources","Department for International Trade","Outside London","[c]","[c]","[c]","[c]"
"Leaver Dept.","2023","Black","Human Resources","Department for Levelling Up, Housing and Communities","London","[c]","[c]","[c]","[c]"
"Leaver Dept.","2023","Black","Human Resources","Department for Levelling Up, Housing and Communities","Outside London","[c]","[c]","[c]","[c]"
"Leaver Dept.","2023","Black","Human Resources","Department for Transport","London","[c]","[c]","[c]","[c]"
"Leaver Dept.","2023","Black","Human Resources","Department for Transport","Outside London","[c]","[c]","[c]","[c]"
"Leaver Dept.","2023","Black","Human Resources","Department for Work and Pensions","London","[c]","[c]","[c]","[c]"
"Leaver Dept.","2023","Black","Human Resources","Department for Work and Pensions","Outside London","[c]","[c]","[c]","[c]"
"Leaver Dept.","2023","Black","Human Resources","Department for Work and Pensions","Unknown","[c]","[c]","[c]","[c]"
"Leaver Dept.","2023","Black","Human Resources","Department of Health and Social Care","London","[c]","[c]","[c]","[c]"
"Leaver Dept.","2023","Black","Human Resources","Department of Health and Social Care","Outside London","[c]","[c]","[c]","[c]"
"Leaver Dept.","2023","Black","Human Resources","Food Standards Agency","London","[c]","[c]","[c]","[c]"
"Leaver Dept.","2023","Black","Human Resources","HM Revenue and Customs","London","[c]","[c]","[c]","[c]"
"Leaver Dept.","2023","Black","Human Resources","HM Revenue and Customs","Outside London","[c]","[c]","[c]","[c]"
"Leaver Dept.","2023","Black","Human Resources","HM Treasury","London","[c]","[c]","[c]","[c]"
"Leaver Dept.","2023","Black","Human Resources","HM Treasury","Outside London","[c]","[c]","[c]","[c]"
"Leaver Dept.","2023","Black","Human Resources","Home Office","London","[c]","[c]","[c]","[c]"
"Leaver Dept.","2023","Black","Human Resources","Home Office","Outside London","[c]","[c]","[c]","[c]"
"Leaver Dept.","2023","Black","Human Resources","Ministry of Defence","London","[c]","[c]","[c]","[c]"
"Leaver Dept.","2023","Black","Human Resources","Ministry of Defence","Outside London","[c]","[c]","[c]","[c]"
"Leaver Dept.","2023","Black","Human Resources","Ministry of Defence","Unknown","[c]","[c]","[c]","[c]"
"Leaver Dept.","2023","Black","Human Resources","Ministry of Justice","London","[c]","[c]","[c]","[c]"
"Leaver Dept.","2023","Black","Human Resources","Ministry of Justice","Outside London","[c]","[c]","[c]","[c]"
"Leaver Dept.","2023","Black","Human Resources","National Crime Agency","Outside London","[c]","[c]","[c]","[c]"
"Leaver Dept.","2023","Black","Human Resources","Northern Ireland Office","London","[c]","[c]","[c]","[c]"
"Leaver Dept.","2023","Black","Human Resources","Office for Standards in Education, Children's Services and Skills","London","[c]","[c]","[c]","[c]"
"Leaver Dept.","2023","Black","Human Resources","Office for Standards in Education, Children's Services and Skills","Outside London","[c]","[c]","[c]","[c]"
"Leaver Dept.","2023","Black","Human Resources","Office of Rail and Road","London","[c]","[c]","[c]","[c]"
"Leaver Dept.","2023","Black","Human Resources","Office of Rail and Road","Outside London","[c]","[c]","[c]","[c]"
"Leaver Dept.","2023","Black","Human Resources","Scottish Government","Outside London","[c]","[c]","[c]","[c]"
"Leaver Dept.","2023","Black","Human Resources","The National Archives","London","[c]","[c]","[c]","[c]"
"Leaver Dept.","2023","Black","Human Resources","UK Export Finance","London","[c]","[c]","[c]","[c]"
"Leaver Dept.","2023","Black","Human Resources","UK Statistics Authority","London","[c]","[c]","[c]","[c]"
"Leaver Dept.","2023","Black","Human Resources","UK Statistics Authority","Outside London","[c]","[c]","[c]","[c]"
"Leaver Dept.","2023","Black","Human Resources","Welsh Government","Outside London","[c]","[c]","[c]","[c]"
"Leaver Dept.","2023","Black","Internal Audit","HM Revenue and Customs","London","[c]","[c]","[c]","[c]"
"Leaver Dept.","2023","Black","Internal Audit","HM Revenue and Customs","Outside London","[c]","[c]","[c]","[c]"
"Leaver Dept.","2023","Black","Internal Audit","HM Treasury","London","[c]","[c]","[c]","[c]"
"Leaver Dept.","2023","Black","Internal Audit","HM Treasury","Outside London","[c]","[c]","[c]","[c]"
"Leaver Dept.","2023","Black","Internal Audit","Ministry of Defence","Outside London","[c]","[c]","[c]","[c]"
"Leaver Dept.","2023","Black","Internal Audit","Scottish Government","Outside London","[c]","[c]","[c]","[c]"
"Leaver Dept.","2023","Black","Legal","Attorney General's Departments","London","10","[c]","[c]","[c]"
"Leaver Dept.","2023","Black","Legal","Attorney General's Departments","Outside London","[c]","[c]","[c]","[c]"
"Leaver Dept.","2023","Black","Legal","Cabinet Office","London","[c]","[c]","[c]","[c]"
"Leaver Dept.","2023","Black","Legal","Competition and Markets Authority","London","[c]","[c]","[c]","[c]"
"Leaver Dept.","2023","Black","Legal","Department for Business, Energy and Industrial Strategy","London","[c]","[c]","[c]","[c]"
"Leaver Dept.","2023","Black","Legal","Department for Business, Energy and Industrial Strategy","Outside London","[c]","[c]","[c]","[c]"
"Leaver Dept.","2023","Black","Legal","Department for Education","London","[c]","[c]","[c]","[c]"
"Leaver Dept.","2023","Black","Legal","Department for Work and Pensions","Outside London","[c]","[c]","[c]","[c]"
"Leaver Dept.","2023","Black","Legal","Food Standards Agency","Outside London","[c]","[c]","[c]","[c]"
"Leaver Dept.","2023","Black","Legal","Foreign, Commonwealth and Development Office","Outside London","[c]","[c]","[c]","[c]"
"Leaver Dept.","2023","Black","Legal","HM Revenue and Customs","London","[c]","[c]","[c]","[c]"
"Leaver Dept.","2023","Black","Legal","HM Revenue and Customs","Outside London","[c]","[c]","[c]","[c]"
"Leaver Dept.","2023","Black","Legal","Ministry of Defence","Outside London","[c]","[c]","[c]","[c]"
"Leaver Dept.","2023","Black","Legal","Ministry of Justice","London","[c]","[c]","[c]","[c]"
"Leaver Dept.","2023","Black","Legal","Ministry of Justice","Outside London","[c]","[c]","[c]","[c]"
"Leaver Dept.","2023","Black","Legal","National Crime Agency","London","[c]","[c]","[c]","[c]"
"Leaver Dept.","2023","Black","Legal","Office of Gas and Electricity Markets","London","[c]","[c]","[c]","[c]"
"Leaver Dept.","2023","Black","Legal","Office of Gas and Electricity Markets","Outside London","[c]","[c]","[c]","[c]"
"Leaver Dept.","2023","Black","Legal","Office of Rail and Road","London","[c]","[c]","[c]","[c]"
"Leaver Dept.","2023","Black","Legal","Scottish Government","Outside London","[c]","[c]","[c]","[c]"
"Leaver Dept.","2023","Black","Legal","UK Export Finance","London","[c]","[c]","[c]","[c]"
"Leaver Dept.","2023","Black","Legal","UK Supreme Court","London","[c]","[c]","[c]","[c]"
"Leaver Dept.","2023","Black","No function","Attorney General's Departments","London","[c]","[c]","[c]","[c]"
"Leaver Dept.","2023","Black","No function","Cabinet Office","London","10","[c]","[c]","[c]"
"Leaver Dept.","2023","Black","No function","Cabinet Office","Outside London","[c]","[c]","[c]","[c]"
"Leaver Dept.","2023","Black","No function","Cabinet Office","Unknown","[c]","[c]","[c]","[c]"
"Leaver Dept.","2023","Black","No function","Charity Commission","London","[c]","[c]","[c]","[c]"
"Leaver Dept.","2023","Black","No function","Charity Commission","Outside London","[c]","[c]","[c]","[c]"
"Leaver Dept.","2023","Black","No function","Department for Business, Energy and Industrial Strategy","London","20","[c]","[c]","[c]"
"Leaver Dept.","2023","Black","No function","Department for Business, Energy and Industrial Strategy","Outside London","[c]","[c]","[c]","[c]"
"Leaver Dept.","2023","Black","No function","Department for Digital, Culture, Media and Sport","London","5","[c]","[c]","[c]"
"Leaver Dept.","2023","Black","No function","Department for Education","London","[c]","[c]","[c]","[c]"
"Leaver Dept.","2023","Black","No function","Department for Education","Outside London","5","[c]","[c]","[c]"
"Leaver Dept.","2023","Black","No function","Department for Environment, Food and Rural Affairs","London","[c]","[c]","[c]","[c]"
"Leaver Dept.","2023","Black","No function","Department for Environment, Food and Rural Affairs","Outside London","[c]","[c]","[c]","[c]"
"Leaver Dept.","2023","Black","No function","Department for International Trade","London","5","[c]","[c]","[c]"
"Leaver Dept.","2023","Black","No function","Department for International Trade","Outside London","[c]","[c]","[c]","[c]"
"Leaver Dept.","2023","Black","No function","Department for International Trade","Overseas","[c]","[c]","[c]","[c]"
"Leaver Dept.","2023","Black","No function","Department for Levelling Up, Housing and Communities","London","20","[c]","[c]","[c]"
"Leaver Dept.","2023","Black","No function","Department for Levelling Up, Housing and Communities","Outside London","5","[c]","[c]","[c]"
"Leaver Dept.","2023","Black","No function","Department for Transport","London","10","[c]","[c]","[c]"
"Leaver Dept.","2023","Black","No function","Department for Transport","Outside London","5","[c]","[c]","[c]"
"Leaver Dept.","2023","Black","No function","Department for Work and Pensions","London","45","[c]","32020","32520"
"Leaver Dept.","2023","Black","No function","Department for Work and Pensions","Outside London","65","[c]","27020","27570"
"Leaver Dept.","2023","Black","No function","Department for Work and Pensions","Unknown","[c]","[c]","[c]","[c]"
"Leaver Dept.","2023","Black","No function","Department of Health and Social Care","London","[c]","[c]","[c]","[c]"
"Leaver Dept.","2023","Black","No function","Department of Health and Social Care","Outside London","[c]","[c]","[c]","[c]"
"Leaver Dept.","2023","Black","No function","Department of Health and Social Care","Unknown","[c]","[c]","[c]","[c]"
"Leaver Dept.","2023","Black","No function","Food Standards Agency","London","[c]","[c]","[c]","[c]"
"Leaver Dept.","2023","Black","No function","Food Standards Agency","Outside London","[c]","[c]","[c]","[c]"
"Leaver Dept.","2023","Black","No function","HM Revenue and Customs","London","5","[c]","[c]","[c]"
"Leaver Dept.","2023","Black","No function","HM Revenue and Customs","Outside London","15","[c]","[c]","[c]"
"Leaver Dept.","2023","Black","No function","HM Treasury","London","[c]","[c]","[c]","[c]"
"Leaver Dept.","2023","Black","No function","HM Treasury","Outside London","[c]","[c]","[c]","[c]"
"Leaver Dept.","2023","Black","No function","Home Office","London","40","[c]","37890","36180"
"Leaver Dept.","2023","Black","No function","Home Office","Outside London","10","[c]","[c]","[c]"
"Leaver Dept.","2023","Black","No function","Home Office","Overseas","[c]","[c]","[c]","[c]"
"Leaver Dept.","2023","Black","No function","Home Office","Unknown","[c]","[c]","[c]","[c]"
"Leaver Dept.","2023","Black","No function","Ministry of Defence","London","[c]","[c]","[c]","[c]"
"Leaver Dept.","2023","Black","No function","Ministry of Defence","Outside London","[c]","[c]","[c]","[c]"
"Leaver Dept.","2023","Black","No function","Ministry of Defence","Overseas","[c]","[c]","[c]","[c]"
"Leaver Dept.","2023","Black","No function","Ministry of Justice","London","55","[c]","32440","29660"
"Leaver Dept.","2023","Black","No function","Ministry of Justice","Outside London","20","[c]","[c]","[c]"
"Leaver Dept.","2023","Black","No function","Ministry of Justice","Unknown","[c]","[c]","[c]","[c]"
"Leaver Dept.","2023","Black","No function","National Crime Agency","London","[c]","[c]","[c]","[c]"
"Leaver Dept.","2023","Black","No function","National Crime Agency","Outside London","[c]","[c]","[c]","[c]"
"Leaver Dept.","2023","Black","No function","National Crime Agency","Overseas","[c]","[c]","[c]","[c]"
"Leaver Dept.","2023","Black","No function","National Crime Agency","Unknown","[c]","[c]","[c]","[c]"
"Leaver Dept.","2023","Black","No function","Office for Standards in Education, Children's Services and Skills","London","[c]","[c]","[c]","[c]"
"Leaver Dept.","2023","Black","No function","Office for Standards in Education, Children's Services and Skills","Outside London","[c]","[c]","[c]","[c]"
"Leaver Dept.","2023","Black","No function","Office of Gas and Electricity Markets","London","[c]","[c]","[c]","[c]"
"Leaver Dept.","2023","Black","No function","Office of Gas and Electricity Markets","Outside London","[c]","[c]","[c]","[c]"
"Leaver Dept.","2023","Black","No function","Office of Qualifications and Examinations Regulation","Outside London","[c]","[c]","[c]","[c]"
"Leaver Dept.","2023","Black","No function","Office of Rail and Road","London","[c]","[c]","[c]","[c]"
"Leaver Dept.","2023","Black","No function","Office of Rail and Road","Outside London","[c]","[c]","[c]","[c]"
"Leaver Dept.","2023","Black","No function","Office of the Secretary of State for Wales","London","[c]","[c]","[c]","[c]"
"Leaver Dept.","2023","Black","No function","Office of the Secretary of State for Wales","Outside London","[c]","[c]","[c]","[c]"
"Leaver Dept.","2023","Black","No function","Scottish Government","Outside London","[c]","[c]","[c]","[c]"
"Leaver Dept.","2023","Black","No function","The National Archives","London","[c]","[c]","[c]","[c]"
"Leaver Dept.","2023","Black","No function","UK Statistics Authority","London","[c]","[c]","[c]","[c]"
"Leaver Dept.","2023","Black","No function","UK Statistics Authority","Outside London","[c]","[c]","[c]","[c]"
"Leaver Dept.","2023","Black","No function","Water Services Regulation Authority","Outside London","[c]","[c]","[c]","[c]"
"Leaver Dept.","2023","Black","No function","Welsh Government","Outside London","[c]","[c]","[c]","[c]"
"Leaver Dept.","2023","Black","Project Delivery","Attorney General's Departments","London","[c]","[c]","[c]","[c]"
"Leaver Dept.","2023","Black","Project Delivery","Cabinet Office","London","[c]","[c]","[c]","[c]"
"Leaver Dept.","2023","Black","Project Delivery","Cabinet Office","Outside London","[c]","[c]","[c]","[c]"
"Leaver Dept.","2023","Black","Project Delivery","Cabinet Office","Unknown","[c]","[c]","[c]","[c]"
"Leaver Dept.","2023","Black","Project Delivery","Chancellor's other departments","London","[c]","[c]","[c]","[c]"
"Leaver Dept.","2023","Black","Project Delivery","Competition and Markets Authority","London","[c]","[c]","[c]","[c]"
"Leaver Dept.","2023","Black","Project Delivery","Competition and Markets Authority","Outside London","[c]","[c]","[c]","[c]"
"Leaver Dept.","2023","Black","Project Delivery","Department for Business, Energy and Industrial Strategy","London","[c]","[c]","[c]","[c]"
"Leaver Dept.","2023","Black","Project Delivery","Department for Business, Energy and Industrial Strategy","Outside London","[c]","[c]","[c]","[c]"
"Leaver Dept.","2023","Black","Project Delivery","Department for Digital, Culture, Media and Sport","London","[c]","[c]","[c]","[c]"
"Leaver Dept.","2023","Black","Project Delivery","Department for Education","London","[c]","[c]","[c]","[c]"
"Leaver Dept.","2023","Black","Project Delivery","Department for Education","Outside London","[c]","[c]","[c]","[c]"
"Leaver Dept.","2023","Black","Project Delivery","Department for Environment, Food and Rural Affairs","Outside London","[c]","[c]","[c]","[c]"
"Leaver Dept.","2023","Black","Project Delivery","Department for International Trade","London","[c]","[c]","[c]","[c]"
"Leaver Dept.","2023","Black","Project Delivery","Department for International Trade","Outside London","[c]","[c]","[c]","[c]"
"Leaver Dept.","2023","Black","Project Delivery","Department for Levelling Up, Housing and Communities","London","[c]","[c]","[c]","[c]"
"Leaver Dept.","2023","Black","Project Delivery","Department for Levelling Up, Housing and Communities","Outside London","[c]","[c]","[c]","[c]"
"Leaver Dept.","2023","Black","Project Delivery","Department for Transport","Outside London","[c]","[c]","[c]","[c]"
"Leaver Dept.","2023","Black","Project Delivery","Department for Work and Pensions","London","[c]","[c]","[c]","[c]"
"Leaver Dept.","2023","Black","Project Delivery","Department for Work and Pensions","Outside London","[c]","[c]","[c]","[c]"
"Leaver Dept.","2023","Black","Project Delivery","Department for Work and Pensions","Unknown","[c]","[c]","[c]","[c]"
"Leaver Dept.","2023","Black","Project Delivery","Department of Health and Social Care","London","[c]","[c]","[c]","[c]"
"Leaver Dept.","2023","Black","Project Delivery","Department of Health and Social Care","Outside London","[c]","[c]","[c]","[c]"
"Leaver Dept.","2023","Black","Project Delivery","Estyn","Outside London","[c]","[c]","[c]","[c]"
"Leaver Dept.","2023","Black","Project Delivery","Food Standards Agency","Outside London","[c]","[c]","[c]","[c]"
"Leaver Dept.","2023","Black","Project Delivery","Foreign, Commonwealth and Development Office","Outside London","[c]","[c]","[c]","[c]"
"Leaver Dept.","2023","Black","Project Delivery","HM Revenue and Customs","London","[c]","[c]","[c]","[c]"
"Leaver Dept.","2023","Black","Project Delivery","HM Revenue and Customs","Outside London","[c]","[c]","[c]","[c]"
"Leaver Dept.","2023","Black","Project Delivery","HM Treasury","London","[c]","[c]","[c]","[c]"
"Leaver Dept.","2023","Black","Project Delivery","HM Treasury","Outside London","[c]","[c]","[c]","[c]"
"Leaver Dept.","2023","Black","Project Delivery","Home Office","London","[c]","[c]","[c]","[c]"
"Leaver Dept.","2023","Black","Project Delivery","Home Office","Outside London","[c]","[c]","[c]","[c]"
"Leaver Dept.","2023","Black","Project Delivery","Ministry of Defence","London","[c]","[c]","[c]","[c]"
"Leaver Dept.","2023","Black","Project Delivery","Ministry of Defence","Outside London","[c]","[c]","[c]","[c]"
"Leaver Dept.","2023","Black","Project Delivery","Ministry of Defence","Overseas","[c]","[c]","[c]","[c]"
"Leaver Dept.","2023","Black","Project Delivery","Ministry of Justice","London","[c]","[c]","[c]","[c]"
"Leaver Dept.","2023","Black","Project Delivery","Ministry of Justice","Outside London","[c]","[c]","[c]","[c]"
"Leaver Dept.","2023","Black","Project Delivery","National Crime Agency","London","[c]","[c]","[c]","[c]"
"Leaver Dept.","2023","Black","Project Delivery","National Crime Agency","Outside London","[c]","[c]","[c]","[c]"
"Leaver Dept.","2023","Black","Project Delivery","Office of Gas and Electricity Markets","London","[c]","[c]","[c]","[c]"
"Leaver Dept.","2023","Black","Project Delivery","Office of Gas and Electricity Markets","Outside London","[c]","[c]","[c]","[c]"
"Leaver Dept.","2023","Black","Project Delivery","Scottish Government","Outside London","[c]","[c]","[c]","[c]"
"Leaver Dept.","2023","Black","Project Delivery","UK Export Finance","London","[c]","[c]","[c]","[c]"
"Leaver Dept.","2023","Black","Project Delivery","UK Statistics Authority","Outside London","[c]","[c]","[c]","[c]"
"Leaver Dept.","2023","Black","Project Delivery","Welsh Government","Outside London","[c]","[c]","[c]","[c]"
"Leaver Dept.","2023","Black","Property","Cabinet Office","London","[c]","[c]","[c]","[c]"
"Leaver Dept.","2023","Black","Property","Cabinet Office","Outside London","[c]","[c]","[c]","[c]"
"Leaver Dept.","2023","Black","Property","Cabinet Office","Unknown","[c]","[c]","[c]","[c]"
"Leaver Dept.","2023","Black","Property","Department for Business, Energy and Industrial Strategy","London","[c]","[c]","[c]","[c]"
"Leaver Dept.","2023","Black","Property","Department for Digital, Culture, Media and Sport","London","[c]","[c]","[c]","[c]"
"Leaver Dept.","2023","Black","Property","Department for Education","Outside London","[c]","[c]","[c]","[c]"
"Leaver Dept.","2023","Black","Property","Department for Environment, Food and Rural Affairs","London","[c]","[c]","[c]","[c]"
"Leaver Dept.","2023","Black","Property","Department for Environment, Food and Rural Affairs","Outside London","[c]","[c]","[c]","[c]"
"Leaver Dept.","2023","Black","Property","Department for Transport","Outside London","[c]","[c]","[c]","[c]"
"Leaver Dept.","2023","Black","Property","Department for Work and Pensions","London","[c]","[c]","[c]","[c]"
"Leaver Dept.","2023","Black","Property","Department for Work and Pensions","Outside London","[c]","[c]","[c]","[c]"
"Leaver Dept.","2023","Black","Property","Department of Health and Social Care","London","[c]","[c]","[c]","[c]"
"Leaver Dept.","2023","Black","Property","Department of Health and Social Care","Outside London","[c]","[c]","[c]","[c]"
"Leaver Dept.","2023","Black","Property","Food Standards Agency","Outside London","[c]","[c]","[c]","[c]"
"Leaver Dept.","2023","Black","Property","HM Revenue and Customs","London","[c]","[c]","[c]","[c]"
"Leaver Dept.","2023","Black","Property","HM Revenue and Customs","Outside London","[c]","[c]","[c]","[c]"
"Leaver Dept.","2023","Black","Property","Ministry of Defence","London","[c]","[c]","[c]","[c]"
"Leaver Dept.","2023","Black","Property","Ministry of Defence","Outside London","[c]","[c]","[c]","[c]"
"Leaver Dept.","2023","Black","Property","Ministry of Justice","London","[c]","[c]","[c]","[c]"
"Leaver Dept.","2023","Black","Property","Ministry of Justice","Outside London","[c]","[c]","[c]","[c]"
"Leaver Dept.","2023","Black","Property","Office for Standards in Education, Children's Services and Skills","Outside London","[c]","[c]","[c]","[c]"
"Leaver Dept.","2023","Black","Property","Office of Gas and Electricity Markets","London","[c]","[c]","[c]","[c]"
"Leaver Dept.","2023","Black","Property","UK Statistics Authority","Outside London","[c]","[c]","[c]","[c]"
"Leaver Dept.","2023","Black","Security","Attorney General's Departments","London","[c]","[c]","[c]","[c]"
"Leaver Dept.","2023","Black","Security","Attorney General's Departments","Outside London","[c]","[c]","[c]","[c]"
"Leaver Dept.","2023","Black","Security","Cabinet Office","London","[c]","[c]","[c]","[c]"
"Leaver Dept.","2023","Black","Security","Cabinet Office","Outside London","[c]","[c]","[c]","[c]"
"Leaver Dept.","2023","Black","Security","Cabinet Office","Unknown","[c]","[c]","[c]","[c]"
"Leaver Dept.","2023","Black","Security","Chancellor's other departments","London","[c]","[c]","[c]","[c]"
"Leaver Dept.","2023","Black","Security","Department for Business, Energy and Industrial Strategy","London","[c]","[c]","[c]","[c]"
"Leaver Dept.","2023","Black","Security","Department for Business, Energy and Industrial Strategy","Outside London","[c]","[c]","[c]","[c]"
"Leaver Dept.","2023","Black","Security","Department for Education","London","[c]","[c]","[c]","[c]"
"Leaver Dept.","2023","Black","Security","Department for Education","Outside London","[c]","[c]","[c]","[c]"
"Leaver Dept.","2023","Black","Security","Department for International Trade","London","[c]","[c]","[c]","[c]"
"Leaver Dept.","2023","Black","Security","Department for Transport","Outside London","[c]","[c]","[c]","[c]"
"Leaver Dept.","2023","Black","Security","Foreign, Commonwealth and Development Office","Overseas","[c]","[c]","[c]","[c]"
"Leaver Dept.","2023","Black","Security","HM Revenue and Customs","London","[c]","[c]","[c]","[c]"
"Leaver Dept.","2023","Black","Security","HM Revenue and Customs","Outside London","[c]","[c]","[c]","[c]"
"Leaver Dept.","2023","Black","Security","Home Office","London","[c]","[c]","[c]","[c]"
"Leaver Dept.","2023","Black","Security","Home Office","Outside London","[c]","[c]","[c]","[c]"
"Leaver Dept.","2023","Black","Security","Ministry of Defence","London","[c]","[c]","[c]","[c]"
"Leaver Dept.","2023","Black","Security","Ministry of Defence","Outside London","[c]","[c]","[c]","[c]"
"Leaver Dept.","2023","Black","Security","Ministry of Defence","Overseas","[c]","[c]","[c]","[c]"
"Leaver Dept.","2023","Black","Security","Ministry of Justice","London","[c]","[c]","[c]","[c]"
"Leaver Dept.","2023","Black","Security","Ministry of Justice","Outside London","[c]","[c]","[c]","[c]"
"Leaver Dept.","2023","Black","Security","National Crime Agency","London","[c]","[c]","[c]","[c]"
"Leaver Dept.","2023","Black","Security","Northern Ireland Office","London","[c]","[c]","[c]","[c]"
"Leaver Dept.","2023","Black","Security","UK Statistics Authority","Outside London","[c]","[c]","[c]","[c]"
"Leaver Dept.","2023","Black","Unknown","Attorney General's Departments","London","[c]","[c]","[c]","[c]"
"Leaver Dept.","2023","Black","Unknown","Attorney General's Departments","Outside London","[c]","[c]","[c]","[c]"
"Leaver Dept.","2023","Black","Unknown","Cabinet Office","London","[c]","[c]","[c]","[c]"
"Leaver Dept.","2023","Black","Unknown","Cabinet Office","Outside London","[c]","[c]","[c]","[c]"
"Leaver Dept.","2023","Black","Unknown","Cabinet Office","Unknown","[c]","[c]","[c]","[c]"
"Leaver Dept.","2023","Black","Unknown","Department for Business, Energy and Industrial Strategy","London","[c]","[c]","[c]","[c]"
"Leaver Dept.","2023","Black","Unknown","Department for Business, Energy and Industrial Strategy","Outside London","[c]","[c]","[c]","[c]"
"Leaver Dept.","2023","Black","Unknown","Department for Education","London","[c]","[c]","[c]","[c]"
"Leaver Dept.","2023","Black","Unknown","Department for Education","Outside London","[c]","[c]","[c]","[c]"
"Leaver Dept.","2023","Black","Unknown","Department for Environment, Food and Rural Affairs","Outside London","[c]","[c]","[c]","[c]"
"Leaver Dept.","2023","Black","Unknown","Department for International Trade","London","[c]","[c]","[c]","[c]"
"Leaver Dept.","2023","Black","Unknown","Department for Work and Pensions","London","5","[c]","[c]","[c]"
"Leaver Dept.","2023","Black","Unknown","Department for Work and Pensions","Outside London","[c]","[c]","[c]","[c]"
"Leaver Dept.","2023","Black","Unknown","Department for Work and Pensions","Unknown","[c]","[c]","[c]","[c]"
"Leaver Dept.","2023","Black","Unknown","Department of Health and Social Care","London","15","[c]","[c]","[c]"
"Leaver Dept.","2023","Black","Unknown","Department of Health and Social Care","Outside London","[c]","[c]","[c]","[c]"
"Leaver Dept.","2023","Black","Unknown","Department of Health and Social Care","Unknown","[c]","[c]","[c]","[c]"
"Leaver Dept.","2023","Black","Unknown","Foreign, Commonwealth and Development Office","London","[c]","[c]","[c]","[c]"
"Leaver Dept.","2023","Black","Unknown","Foreign, Commonwealth and Development Office","Outside London","[c]","[c]","[c]","[c]"
"Leaver Dept.","2023","Black","Unknown","Foreign, Commonwealth and Development Office","Overseas","[c]","[c]","[c]","[c]"
"Leaver Dept.","2023","Black","Unknown","Ministry of Defence","Outside London","[c]","[c]","[c]","[c]"
"Leaver Dept.","2023","Black","Unknown","Ministry of Defence","Unknown","[c]","[c]","[c]","[c]"
"Leaver Dept.","2023","Black","Unknown","Northern Ireland Office","London","[c]","[c]","[c]","[c]"
"Leaver Dept.","2023","Black","Unknown","Northern Ireland Office","Outside London","[c]","[c]","[c]","[c]"
"Leaver Dept.","2023","Black","Unknown","Office of Gas and Electricity Markets","London","[c]","[c]","[c]","[c]"
"Leaver Dept.","2023","Black","Unknown","Office of Gas and Electricity Markets","Outside London","[c]","[c]","[c]","[c]"
"Leaver Dept.","2023","Black","Unknown","Office of the Secretary of State for Scotland","London","[c]","[c]","[c]","[c]"
"Leaver Dept.","2023","Black","Unknown","Office of the Secretary of State for Scotland","Outside London","[c]","[c]","[c]","[c]"
"Leaver Dept.","2023","Black","Unknown","Scottish Government","Outside London","[c]","[c]","[c]","[c]"
"Leaver Dept.","2023","Black","Unknown","Scottish Government","Overseas","[c]","[c]","[c]","[c]"
"Leaver Dept.","2023","Black","Unknown","Welsh Government","Outside London","[c]","[c]","[c]","[c]"
"Leaver Dept.","2023","Mixed","Analysis","Cabinet Office","London","[c]","[c]","[c]","[c]"
"Leaver Dept.","2023","Mixed","Analysis","Cabinet Office","Outside London","[c]","[c]","[c]","[c]"
"Leaver Dept.","2023","Mixed","Analysis","Cabinet Office","Unknown","[c]","[c]","[c]","[c]"
"Leaver Dept.","2023","Mixed","Analysis","Chancellor's other departments","London","[c]","[c]","[c]","[c]"
"Leaver Dept.","2023","Mixed","Analysis","Competition and Markets Authority","London","[c]","[c]","[c]","[c]"
"Leaver Dept.","2023","Mixed","Analysis","Competition and Markets Authority","Outside London","[c]","[c]","[c]","[c]"
"Leaver Dept.","2023","Mixed","Analysis","Department for Business, Energy and Industrial Strategy","London","[c]","[c]","[c]","[c]"
"Leaver Dept.","2023","Mixed","Analysis","Department for Business, Energy and Industrial Strategy","Outside London","[c]","[c]","[c]","[c]"
"Leaver Dept.","2023","Mixed","Analysis","Department for Digital, Culture, Media and Sport","London","[c]","[c]","[c]","[c]"
"Leaver Dept.","2023","Mixed","Analysis","Department for Education","London","[c]","[c]","[c]","[c]"
"Leaver Dept.","2023","Mixed","Analysis","Department for Education","Outside London","[c]","[c]","[c]","[c]"
"Leaver Dept.","2023","Mixed","Analysis","Department for Environment, Food and Rural Affairs","Outside London","[c]","[c]","[c]","[c]"
"Leaver Dept.","2023","Mixed","Analysis","Department for International Trade","London","[c]","[c]","[c]","[c]"
"Leaver Dept.","2023","Mixed","Analysis","Department for Levelling Up, Housing and Communities","London","[c]","[c]","[c]","[c]"
"Leaver Dept.","2023","Mixed","Analysis","Department for Levelling Up, Housing and Communities","Outside London","[c]","[c]","[c]","[c]"
"Leaver Dept.","2023","Mixed","Analysis","Department for Transport","Outside London","[c]","[c]","[c]","[c]"
"Leaver Dept.","2023","Mixed","Analysis","Department for Work and Pensions","London","[c]","[c]","[c]","[c]"
"Leaver Dept.","2023","Mixed","Analysis","Department for Work and Pensions","Outside London","[c]","[c]","[c]","[c]"
"Leaver Dept.","2023","Mixed","Analysis","Department of Health and Social Care","London","[c]","[c]","[c]","[c]"
"Leaver Dept.","2023","Mixed","Analysis","Food Standards Agency","London","[c]","[c]","[c]","[c]"
"Leaver Dept.","2023","Mixed","Analysis","Food Standards Agency","Outside London","[c]","[c]","[c]","[c]"
"Leaver Dept.","2023","Mixed","Analysis","HM Revenue and Customs","London","[c]","[c]","[c]","[c]"
"Leaver Dept.","2023","Mixed","Analysis","HM Revenue and Customs","Outside London","[c]","[c]","[c]","[c]"
"Leaver Dept.","2023","Mixed","Analysis","HM Treasury","London","[c]","[c]","[c]","[c]"
"Leaver Dept.","2023","Mixed","Analysis","HM Treasury","Outside London","[c]","[c]","[c]","[c]"
"Leaver Dept.","2023","Mixed","Analysis","Home Office","London","[c]","[c]","[c]","[c]"
"Leaver Dept.","2023","Mixed","Analysis","Home Office","Outside London","[c]","[c]","[c]","[c]"
"Leaver Dept.","2023","Mixed","Analysis","Ministry of Defence","London","[c]","[c]","[c]","[c]"
"Leaver Dept.","2023","Mixed","Analysis","Ministry of Defence","Outside London","[c]","[c]","[c]","[c]"
"Leaver Dept.","2023","Mixed","Analysis","Ministry of Justice","London","[c]","[c]","[c]","[c]"
"Leaver Dept.","2023","Mixed","Analysis","Ministry of Justice","Outside London","[c]","[c]","[c]","[c]"
"Leaver Dept.","2023","Mixed","Analysis","Office for Standards in Education, Children's Services and Skills","London","[c]","[c]","[c]","[c]"
"Leaver Dept.","2023","Mixed","Analysis","Office for Standards in Education, Children's Services and Skills","Outside London","[c]","[c]","[c]","[c]"
"Leaver Dept.","2023","Mixed","Analysis","Office of Gas and Electricity Markets","London","[c]","[c]","[c]","[c]"
"Leaver Dept.","2023","Mixed","Analysis","Office of Rail and Road","Outside London","[c]","[c]","[c]","[c]"
"Leaver Dept.","2023","Mixed","Analysis","UK Export Finance","London","[c]","[c]","[c]","[c]"
"Leaver Dept.","2023","Mixed","Analysis","UK Statistics Authority","London","[c]","[c]","[c]","[c]"
"Leaver Dept.","2023","Mixed","Analysis","UK Statistics Authority","Outside London","[c]","[c]","[c]","[c]"
"Leaver Dept.","2023","Mixed","Analysis","Water Services Regulation Authority","Outside London","[c]","[c]","[c]","[c]"
"Leaver Dept.","2023","Mixed","Commercial","Attorney General's Departments","Outside London","[c]","[c]","[c]","[c]"
"Leaver Dept.","2023","Mixed","Commercial","Cabinet Office","London","[c]","[c]","[c]","[c]"
"Leaver Dept.","2023","Mixed","Commercial","Cabinet Office","Outside London","[c]","[c]","[c]","[c]"
"Leaver Dept.","2023","Mixed","Commercial","Cabinet Office","Unknown","[c]","[c]","[c]","[c]"
"Leaver Dept.","2023","Mixed","Commercial","Chancellor's other departments","London","[c]","[c]","[c]","[c]"
"Leaver Dept.","2023","Mixed","Commercial","Chancellor's other departments","Outside London","[c]","[c]","[c]","[c]"
"Leaver Dept.","2023","Mixed","Commercial","Charity Commission","Outside London","[c]","[c]","[c]","[c]"
"Leaver Dept.","2023","Mixed","Commercial","Department for Business, Energy and Industrial Strategy","London","[c]","[c]","[c]","[c]"
"Leaver Dept.","2023","Mixed","Commercial","Department for Digital, Culture, Media and Sport","London","[c]","[c]","[c]","[c]"
"Leaver Dept.","2023","Mixed","Commercial","Department for Education","Outside London","[c]","[c]","[c]","[c]"
"Leaver Dept.","2023","Mixed","Commercial","Department for Environment, Food and Rural Affairs","Outside London","[c]","[c]","[c]","[c]"
"Leaver Dept.","2023","Mixed","Commercial","Department for International Trade","London","[c]","[c]","[c]","[c]"
"Leaver Dept.","2023","Mixed","Commercial","Department for Levelling Up, Housing and Communities","London","[c]","[c]","[c]","[c]"
"Leaver Dept.","2023","Mixed","Commercial","Department for Transport","Outside London","[c]","[c]","[c]","[c]"
"Leaver Dept.","2023","Mixed","Commercial","Department for Work and Pensions","Outside London","[c]","[c]","[c]","[c]"
"Leaver Dept.","2023","Mixed","Commercial","Department of Health and Social Care","Outside London","[c]","[c]","[c]","[c]"
"Leaver Dept.","2023","Mixed","Commercial","Food Standards Agency","London","[c]","[c]","[c]","[c]"
"Leaver Dept.","2023","Mixed","Commercial","HM Revenue and Customs","Outside London","[c]","[c]","[c]","[c]"
"Leaver Dept.","2023","Mixed","Commercial","HM Treasury","Outside London","[c]","[c]","[c]","[c]"
"Leaver Dept.","2023","Mixed","Commercial","Home Office","London","[c]","[c]","[c]","[c]"
"Leaver Dept.","2023","Mixed","Commercial","Home Office","Outside London","[c]","[c]","[c]","[c]"
"Leaver Dept.","2023","Mixed","Commercial","Ministry of Defence","London","[c]","[c]","[c]","[c]"
"Leaver Dept.","2023","Mixed","Commercial","Ministry of Defence","Outside London","[c]","[c]","[c]","[c]"
"Leaver Dept.","2023","Mixed","Commercial","Ministry of Defence","Overseas","[c]","[c]","[c]","[c]"
"Leaver Dept.","2023","Mixed","Commercial","Ministry of Justice","London","[c]","[c]","[c]","[c]"
"Leaver Dept.","2023","Mixed","Commercial","Ministry of Justice","Outside London","[c]","[c]","[c]","[c]"
"Leaver Dept.","2023","Mixed","Commercial","National Crime Agency","London","[c]","[c]","[c]","[c]"
"Leaver Dept.","2023","Mixed","Commercial","Office for Standards in Education, Children's Services and Skills","Outside London","[c]","[c]","[c]","[c]"
"Leaver Dept.","2023","Mixed","Commercial","Scottish Government","Outside London","[c]","[c]","[c]","[c]"
"Leaver Dept.","2023","Mixed","Commercial","UK Export Finance","London","[c]","[c]","[c]","[c]"
"Leaver Dept.","2023","Mixed","Commercial","Water Services Regulation Authority","Outside London","[c]","[c]","[c]","[c]"
"Leaver Dept.","2023","Mixed","Communications","Attorney General's Departments","London","[c]","[c]","[c]","[c]"
"Leaver Dept.","2023","Mixed","Communications","Cabinet Office","London","[c]","[c]","[c]","[c]"
"Leaver Dept.","2023","Mixed","Communications","Cabinet Office","Outside London","[c]","[c]","[c]","[c]"
"Leaver Dept.","2023","Mixed","Communications","Cabinet Office","Unknown","[c]","[c]","[c]","[c]"
"Leaver Dept.","2023","Mixed","Communications","Charity Commission","London","[c]","[c]","[c]","[c]"
"Leaver Dept.","2023","Mixed","Communications","Competition and Markets Authority","London","[c]","[c]","[c]","[c]"
"Leaver Dept.","2023","Mixed","Communications","Department for Business, Energy and Industrial Strategy","London","[c]","[c]","[c]","[c]"
"Leaver Dept.","2023","Mixed","Communications","Department for Business, Energy and Industrial Strategy","Outside London","[c]","[c]","[c]","[c]"
"Leaver Dept.","2023","Mixed","Communications","Department for Digital, Culture, Media and Sport","London","[c]","[c]","[c]","[c]"
"Leaver Dept.","2023","Mixed","Communications","Department for Education","London","[c]","[c]","[c]","[c]"
"Leaver Dept.","2023","Mixed","Communications","Department for Education","Outside London","[c]","[c]","[c]","[c]"
"Leaver Dept.","2023","Mixed","Communications","Department for Environment, Food and Rural Affairs","London","[c]","[c]","[c]","[c]"
"Leaver Dept.","2023","Mixed","Communications","Department for Environment, Food and Rural Affairs","Outside London","[c]","[c]","[c]","[c]"
"Leaver Dept.","2023","Mixed","Communications","Department for International Trade","London","[c]","[c]","[c]","[c]"
"Leaver Dept.","2023","Mixed","Communications","Department for Levelling Up, Housing and Communities","London","[c]","[c]","[c]","[c]"
"Leaver Dept.","2023","Mixed","Communications","Department for Levelling Up, Housing and Communities","Outside London","[c]","[c]","[c]","[c]"
"Leaver Dept.","2023","Mixed","Communications","Department for Transport","Outside London","[c]","[c]","[c]","[c]"
"Leaver Dept.","2023","Mixed","Communications","Department for Work and Pensions","London","[c]","[c]","[c]","[c]"
"Leaver Dept.","2023","Mixed","Communications","Department for Work and Pensions","Outside London","[c]","[c]","[c]","[c]"
"Leaver Dept.","2023","Mixed","Communications","Food Standards Agency","London","[c]","[c]","[c]","[c]"
"Leaver Dept.","2023","Mixed","Communications","Food Standards Agency","Outside London","[c]","[c]","[c]","[c]"
"Leaver Dept.","2023","Mixed","Communications","HM Revenue and Customs","London","[c]","[c]","[c]","[c]"
"Leaver Dept.","2023","Mixed","Communications","HM Revenue and Customs","Outside London","[c]","[c]","[c]","[c]"
"Leaver Dept.","2023","Mixed","Communications","HM Treasury","London","[c]","[c]","[c]","[c]"
"Leaver Dept.","2023","Mixed","Communications","Home Office","London","[c]","[c]","[c]","[c]"
"Leaver Dept.","2023","Mixed","Communications","Ministry of Defence","London","[c]","[c]","[c]","[c]"
"Leaver Dept.","2023","Mixed","Communications","Ministry of Defence","Outside London","[c]","[c]","[c]","[c]"
"Leaver Dept.","2023","Mixed","Communications","Ministry of Justice","London","[c]","[c]","[c]","[c]"
"Leaver Dept.","2023","Mixed","Communications","Ministry of Justice","Outside London","[c]","[c]","[c]","[c]"
"Leaver Dept.","2023","Mixed","Communications","National Crime Agency","London","[c]","[c]","[c]","[c]"
"Leaver Dept.","2023","Mixed","Communications","Northern Ireland Office","London","[c]","[c]","[c]","[c]"
"Leaver Dept.","2023","Mixed","Communications","Office of Gas and Electricity Markets","London","[c]","[c]","[c]","[c]"
"Leaver Dept.","2023","Mixed","Communications","Office of Gas and Electricity Markets","Outside London","[c]","[c]","[c]","[c]"
"Leaver Dept.","2023","Mixed","Communications","Office of Qualifications and Examinations Regulation","Outside London","[c]","[c]","[c]","[c]"
"Leaver Dept.","2023","Mixed","Communications","Office of Rail and Road","London","[c]","[c]","[c]","[c]"
"Leaver Dept.","2023","Mixed","Communications","Office of Rail and Road","Outside London","[c]","[c]","[c]","[c]"
"Leaver Dept.","2023","Mixed","Communications","Office of the Secretary of State for Scotland","Outside London","[c]","[c]","[c]","[c]"
"Leaver Dept.","2023","Mixed","Communications","Office of the Secretary of State for Wales","Outside London","[c]","[c]","[c]","[c]"
"Leaver Dept.","2023","Mixed","Communications","The National Archives","London","[c]","[c]","[c]","[c]"
"Leaver Dept.","2023","Mixed","Communications","UK Export Finance","London","[c]","[c]","[c]","[c]"
"Leaver Dept.","2023","Mixed","Communications","UK Statistics Authority","Outside London","[c]","[c]","[c]","[c]"
"Leaver Dept.","2023","Mixed","Communications","UK Supreme Court","London","[c]","[c]","[c]","[c]"
"Leaver Dept.","2023","Mixed","Communications","Water Services Regulation Authority","Outside London","[c]","[c]","[c]","[c]"
"Leaver Dept.","2023","Mixed","Counter Fraud","Attorney General's Departments","London","[c]","[c]","[c]","[c]"
"Leaver Dept.","2023","Mixed","Counter Fraud","Cabinet Office","London","[c]","[c]","[c]","[c]"
"Leaver Dept.","2023","Mixed","Counter Fraud","Cabinet Office","Outside London","[c]","[c]","[c]","[c]"
"Leaver Dept.","2023","Mixed","Counter Fraud","Cabinet Office","Unknown","[c]","[c]","[c]","[c]"
"Leaver Dept.","2023","Mixed","Counter Fraud","Department for Business, Energy and Industrial Strategy","Outside London","[c]","[c]","[c]","[c]"
"Leaver Dept.","2023","Mixed","Counter Fraud","Department for Transport","London","[c]","[c]","[c]","[c]"
"Leaver Dept.","2023","Mixed","Counter Fraud","Department for Transport","Outside London","[c]","[c]","[c]","[c]"
"Leaver Dept.","2023","Mixed","Counter Fraud","Department for Work and Pensions","London","[c]","[c]","[c]","[c]"
"Leaver Dept.","2023","Mixed","Counter Fraud","Department for Work and Pensions","Outside London","5","[c]","[c]","[c]"
"Leaver Dept.","2023","Mixed","Counter Fraud","Department for Work and Pensions","Unknown","[c]","[c]","[c]","[c]"
"Leaver Dept.","2023","Mixed","Counter Fraud","Food Standards Agency","London","[c]","[c]","[c]","[c]"
"Leaver Dept.","2023","Mixed","Counter Fraud","Food Standards Agency","Outside London","[c]","[c]","[c]","[c]"
"Leaver Dept.","2023","Mixed","Counter Fraud","HM Revenue and Customs","London","[c]","[c]","[c]","[c]"
"Leaver Dept.","2023","Mixed","Counter Fraud","HM Revenue and Customs","Outside London","[c]","[c]","[c]","[c]"
"Leaver Dept.","2023","Mixed","Debt","Department for Work and Pensions","Outside London","[c]","[c]","[c]","[c]"
"Leaver Dept.","2023","Mixed","Debt","HM Revenue and Customs","London","[c]","[c]","[c]","[c]"
"Leaver Dept.","2023","Mixed","Debt","HM Revenue and Customs","Outside London","[c]","[c]","[c]","[c]"
"Leaver Dept.","2023","Mixed","Digital, Data & Technology","Attorney General's Departments","London","[c]","[c]","[c]","[c]"
"Leaver Dept.","2023","Mixed","Digital, Data & Technology","Attorney General's Departments","Outside London","[c]","[c]","[c]","[c]"
"Leaver Dept.","2023","Mixed","Digital, Data & Technology","Cabinet Office","London","5","[c]","[c]","[c]"
"Leaver Dept.","2023","Mixed","Digital, Data & Technology","Cabinet Office","Outside London","[c]","[c]","[c]","[c]"
"Leaver Dept.","2023","Mixed","Digital, Data & Technology","Cabinet Office","Unknown","[c]","[c]","[c]","[c]"
"Leaver Dept.","2023","Mixed","Digital, Data & Technology","Charity Commission","Outside London","[c]","[c]","[c]","[c]"
"Leaver Dept.","2023","Mixed","Digital, Data & Technology","Competition and Markets Authority","London","[c]","[c]","[c]","[c]"
"Leaver Dept.","2023","Mixed","Digital, Data & Technology","Department for Business, Energy and Industrial Strategy","London","[c]","[c]","[c]","[c]"
"Leaver Dept.","2023","Mixed","Digital, Data & Technology","Department for Business, Energy and Industrial Strategy","Outside London","[c]","[c]","[c]","[c]"
"Leaver Dept.","2023","Mixed","Digital, Data & Technology","Department for Digital, Culture, Media and Sport","London","[c]","[c]","[c]","[c]"
"Leaver Dept.","2023","Mixed","Digital, Data & Technology","Department for Education","London","[c]","[c]","[c]","[c]"
"Leaver Dept.","2023","Mixed","Digital, Data & Technology","Department for Education","Outside London","[c]","[c]","[c]","[c]"
"Leaver Dept.","2023","Mixed","Digital, Data & Technology","Department for Environment, Food and Rural Affairs","London","[c]","[c]","[c]","[c]"
"Leaver Dept.","2023","Mixed","Digital, Data & Technology","Department for Environment, Food and Rural Affairs","Outside London","[c]","[c]","[c]","[c]"
"Leaver Dept.","2023","Mixed","Digital, Data & Technology","Department for International Trade","London","[c]","[c]","[c]","[c]"
"Leaver Dept.","2023","Mixed","Digital, Data & Technology","Department for International Trade","Outside London","[c]","[c]","[c]","[c]"
"Leaver Dept.","2023","Mixed","Digital, Data & Technology","Department for Levelling Up, Housing and Communities","London","[c]","[c]","[c]","[c]"
"Leaver Dept.","2023","Mixed","Digital, Data & Technology","Department for Levelling Up, Housing and Communities","Outside London","[c]","[c]","[c]","[c]"
"Leaver Dept.","2023","Mixed","Digital, Data & Technology","Department for Transport","Outside London","[c]","[c]","[c]","[c]"
"Leaver Dept.","2023","Mixed","Digital, Data & Technology","Department for Work and Pensions","London","[c]","[c]","[c]","[c]"
"Leaver Dept.","2023","Mixed","Digital, Data & Technology","Department for Work and Pensions","Outside London","[c]","[c]","[c]","[c]"
"Leaver Dept.","2023","Mixed","Digital, Data & Technology","Department for Work and Pensions","Unknown","[c]","[c]","[c]","[c]"
"Leaver Dept.","2023","Mixed","Digital, Data & Technology","Department of Health and Social Care","London","[c]","[c]","[c]","[c]"
"Leaver Dept.","2023","Mixed","Digital, Data & Technology","Department of Health and Social Care","Outside London","[c]","[c]","[c]","[c]"
"Leaver Dept.","2023","Mixed","Digital, Data & Technology","Food Standards Agency","Outside London","[c]","[c]","[c]","[c]"
"Leaver Dept.","2023","Mixed","Digital, Data & Technology","HM Revenue and Customs","London","[c]","[c]","[c]","[c]"
"Leaver Dept.","2023","Mixed","Digital, Data & Technology","HM Revenue and Customs","Outside London","[c]","[c]","[c]","[c]"
"Leaver Dept.","2023","Mixed","Digital, Data & Technology","HM Treasury","London","[c]","[c]","[c]","[c]"
"Leaver Dept.","2023","Mixed","Digital, Data & Technology","Home Office","London","[c]","[c]","[c]","[c]"
"Leaver Dept.","2023","Mixed","Digital, Data & Technology","Home Office","Outside London","[c]","[c]","[c]","[c]"
"Leaver Dept.","2023","Mixed","Digital, Data & Technology","Ministry of Defence","London","[c]","[c]","[c]","[c]"
"Leaver Dept.","2023","Mixed","Digital, Data & Technology","Ministry of Defence","Outside London","[c]","[c]","[c]","[c]"
"Leaver Dept.","2023","Mixed","Digital, Data & Technology","Ministry of Justice","London","[c]","[c]","[c]","[c]"
"Leaver Dept.","2023","Mixed","Digital, Data & Technology","Ministry of Justice","Outside London","[c]","[c]","[c]","[c]"
"Leaver Dept.","2023","Mixed","Digital, Data & Technology","Ministry of Justice","Unknown","[c]","[c]","[c]","[c]"
"Leaver Dept.","2023","Mixed","Digital, Data & Technology","National Crime Agency","London","[c]","[c]","[c]","[c]"
"Leaver Dept.","2023","Mixed","Digital, Data & Technology","National Crime Agency","Outside London","[c]","[c]","[c]","[c]"
"Leaver Dept.","2023","Mixed","Digital, Data & Technology","Northern Ireland Office","London","[c]","[c]","[c]","[c]"
"Leaver Dept.","2023","Mixed","Digital, Data & Technology","Office for Standards in Education, Children's Services and Skills","London","[c]","[c]","[c]","[c]"
"Leaver Dept.","2023","Mixed","Digital, Data & Technology","Office for Standards in Education, Children's Services and Skills","Outside London","[c]","[c]","[c]","[c]"
"Leaver Dept.","2023","Mixed","Digital, Data & Technology","Office of Gas and Electricity Markets","London","[c]","[c]","[c]","[c]"
"Leaver Dept.","2023","Mixed","Digital, Data & Technology","Office of Gas and Electricity Markets","Outside London","[c]","[c]","[c]","[c]"
"Leaver Dept.","2023","Mixed","Digital, Data & Technology","Office of Qualifications and Examinations Regulation","Outside London","[c]","[c]","[c]","[c]"
"Leaver Dept.","2023","Mixed","Digital, Data & Technology","Scottish Government","Outside London","[c]","[c]","[c]","[c]"
"Leaver Dept.","2023","Mixed","Digital, Data & Technology","The National Archives","London","[c]","[c]","[c]","[c]"
"Leaver Dept.","2023","Mixed","Digital, Data & Technology","UK Statistics Authority","London","[c]","[c]","[c]","[c]"
"Leaver Dept.","2023","Mixed","Digital, Data & Technology","UK Statistics Authority","Outside London","[c]","[c]","[c]","[c]"
"Leaver Dept.","2023","Mixed","Digital, Data & Technology","Water Services Regulation Authority","Outside London","[c]","[c]","[c]","[c]"
"Leaver Dept.","2023","Mixed","Finance","Attorney General's Departments","London","[c]","[c]","[c]","[c]"
"Leaver Dept.","2023","Mixed","Finance","Attorney General's Departments","Outside London","[c]","[c]","[c]","[c]"
"Leaver Dept.","2023","Mixed","Finance","Cabinet Office","London","[c]","[c]","[c]","[c]"
"Leaver Dept.","2023","Mixed","Finance","Cabinet Office","Outside London","[c]","[c]","[c]","[c]"
"Leaver Dept.","2023","Mixed","Finance","Cabinet Office","Unknown","[c]","[c]","[c]","[c]"
"Leaver Dept.","2023","Mixed","Finance","Competition and Markets Authority","London","[c]","[c]","[c]","[c]"
"Leaver Dept.","2023","Mixed","Finance","Department for Business, Energy and Industrial Strategy","London","[c]","[c]","[c]","[c]"
"Leaver Dept.","2023","Mixed","Finance","Department for Business, Energy and Industrial Strategy","Outside London","[c]","[c]","[c]","[c]"
"Leaver Dept.","2023","Mixed","Finance","Department for Digital, Culture, Media and Sport","London","[c]","[c]","[c]","[c]"
"Leaver Dept.","2023","Mixed","Finance","Department for Education","London","[c]","[c]","[c]","[c]"
"Leaver Dept.","2023","Mixed","Finance","Department for Education","Outside London","[c]","[c]","[c]","[c]"
"Leaver Dept.","2023","Mixed","Finance","Department for Environment, Food and Rural Affairs","London","[c]","[c]","[c]","[c]"
"Leaver Dept.","2023","Mixed","Finance","Department for Environment, Food and Rural Affairs","Outside London","[c]","[c]","[c]","[c]"
"Leaver Dept.","2023","Mixed","Finance","Department for International Trade","London","[c]","[c]","[c]","[c]"
"Leaver Dept.","2023","Mixed","Finance","Department for Levelling Up, Housing and Communities","London","[c]","[c]","[c]","[c]"
"Leaver Dept.","2023","Mixed","Finance","Department for Levelling Up, Housing and Communities","Outside London","[c]","[c]","[c]","[c]"
"Leaver Dept.","2023","Mixed","Finance","Department for Transport","London","[c]","[c]","[c]","[c]"
"Leaver Dept.","2023","Mixed","Finance","Department for Transport","Outside London","[c]","[c]","[c]","[c]"
"Leaver Dept.","2023","Mixed","Finance","Department for Work and Pensions","London","[c]","[c]","[c]","[c]"
"Leaver Dept.","2023","Mixed","Finance","Department for Work and Pensions","Outside London","[c]","[c]","[c]","[c]"
"Leaver Dept.","2023","Mixed","Finance","Department for Work and Pensions","Unknown","[c]","[c]","[c]","[c]"
"Leaver Dept.","2023","Mixed","Finance","Department of Health and Social Care","London","[c]","[c]","[c]","[c]"
"Leaver Dept.","2023","Mixed","Finance","Food Standards Agency","London","[c]","[c]","[c]","[c]"
"Leaver Dept.","2023","Mixed","Finance","Food Standards Agency","Outside London","[c]","[c]","[c]","[c]"
"Leaver Dept.","2023","Mixed","Finance","Foreign, Commonwealth and Development Office","Outside London","[c]","[c]","[c]","[c]"
"Leaver Dept.","2023","Mixed","Finance","HM Revenue and Customs","London","[c]","[c]","[c]","[c]"
"Leaver Dept.","2023","Mixed","Finance","HM Revenue and Customs","Outside London","[c]","[c]","[c]","[c]"
"Leaver Dept.","2023","Mixed","Finance","HM Treasury","London","[c]","[c]","[c]","[c]"
"Leaver Dept.","2023","Mixed","Finance","HM Treasury","Outside London","[c]","[c]","[c]","[c]"
"Leaver Dept.","2023","Mixed","Finance","Home Office","London","[c]","[c]","[c]","[c]"
"Leaver Dept.","2023","Mixed","Finance","Home Office","Outside London","[c]","[c]","[c]","[c]"
"Leaver Dept.","2023","Mixed","Finance","Ministry of Defence","London","[c]","[c]","[c]","[c]"
"Leaver Dept.","2023","Mixed","Finance","Ministry of Defence","Outside London","[c]","[c]","[c]","[c]"
"Leaver Dept.","2023","Mixed","Finance","Ministry of Defence","Overseas","[c]","[c]","[c]","[c]"
"Leaver Dept.","2023","Mixed","Finance","Ministry of Justice","London","[c]","[c]","[c]","[c]"
"Leaver Dept.","2023","Mixed","Finance","Ministry of Justice","Outside London","[c]","[c]","[c]","[c]"
"Leaver Dept.","2023","Mixed","Finance","National Crime Agency","Outside London","[c]","[c]","[c]","[c]"
"Leaver Dept.","2023","Mixed","Finance","Northern Ireland Office","London","[c]","[c]","[c]","[c]"
"Leaver Dept.","2023","Mixed","Finance","Northern Ireland Office","Outside London","[c]","[c]","[c]","[c]"
"Leaver Dept.","2023","Mixed","Finance","Office for Standards in Education, Children's Services and Skills","Outside London","[c]","[c]","[c]","[c]"
"Leaver Dept.","2023","Mixed","Finance","Office of Gas and Electricity Markets","London","[c]","[c]","[c]","[c]"
"Leaver Dept.","2023","Mixed","Finance","Office of Gas and Electricity Markets","Outside London","[c]","[c]","[c]","[c]"
"Leaver Dept.","2023","Mixed","Finance","Office of Qualifications and Examinations Regulation","Outside London","[c]","[c]","[c]","[c]"
"Leaver Dept.","2023","Mixed","Finance","Office of Rail and Road","Outside London","[c]","[c]","[c]","[c]"
"Leaver Dept.","2023","Mixed","Finance","Scottish Government","Outside London","[c]","[c]","[c]","[c]"
"Leaver Dept.","2023","Mixed","Finance","UK Export Finance","London","[c]","[c]","[c]","[c]"
"Leaver Dept.","2023","Mixed","Finance","UK Statistics Authority","Outside London","[c]","[c]","[c]","[c]"
"Leaver Dept.","2023","Mixed","Grants Management","Department for Environment, Food and Rural Affairs","London","[c]","[c]","[c]","[c]"
"Leaver Dept.","2023","Mixed","Grants Management","Department for Environment, Food and Rural Affairs","Outside London","[c]","[c]","[c]","[c]"
"Leaver Dept.","2023","Mixed","Grants Management","Home Office","London","[c]","[c]","[c]","[c]"
"Leaver Dept.","2023","Mixed","Human Resources","Attorney General's Departments","London","[c]","[c]","[c]","[c]"
"Leaver Dept.","2023","Mixed","Human Resources","Attorney General's Departments","Outside London","[c]","[c]","[c]","[c]"
"Leaver Dept.","2023","Mixed","Human Resources","Cabinet Office","London","5","[c]","[c]","[c]"
"Leaver Dept.","2023","Mixed","Human Resources","Cabinet Office","Outside London","[c]","[c]","[c]","[c]"
"Leaver Dept.","2023","Mixed","Human Resources","Cabinet Office","Unknown","[c]","[c]","[c]","[c]"
"Leaver Dept.","2023","Mixed","Human Resources","Chancellor's other departments","London","[c]","[c]","[c]","[c]"
"Leaver Dept.","2023","Mixed","Human Resources","Competition and Markets Authority","London","[c]","[c]","[c]","[c]"
"Leaver Dept.","2023","Mixed","Human Resources","Department for Business, Energy and Industrial Strategy","London","[c]","[c]","[c]","[c]"
"Leaver Dept.","2023","Mixed","Human Resources","Department for Business, Energy and Industrial Strategy","Outside London","[c]","[c]","[c]","[c]"
"Leaver Dept.","2023","Mixed","Human Resources","Department for Digital, Culture, Media and Sport","London","[c]","[c]","[c]","[c]"
"Leaver Dept.","2023","Mixed","Human Resources","Department for Education","London","[c]","[c]","[c]","[c]"
"Leaver Dept.","2023","Mixed","Human Resources","Department for Education","Outside London","[c]","[c]","[c]","[c]"
"Leaver Dept.","2023","Mixed","Human Resources","Department for Environment, Food and Rural Affairs","London","[c]","[c]","[c]","[c]"
"Leaver Dept.","2023","Mixed","Human Resources","Department for Environment, Food and Rural Affairs","Outside London","[c]","[c]","[c]","[c]"
"Leaver Dept.","2023","Mixed","Human Resources","Department for International Trade","London","[c]","[c]","[c]","[c]"
"Leaver Dept.","2023","Mixed","Human Resources","Department for International Trade","Outside London","[c]","[c]","[c]","[c]"
"Leaver Dept.","2023","Mixed","Human Resources","Department for Levelling Up, Housing and Communities","London","[c]","[c]","[c]","[c]"
"Leaver Dept.","2023","Mixed","Human Resources","Department for Levelling Up, Housing and Communities","Outside London","[c]","[c]","[c]","[c]"
"Leaver Dept.","2023","Mixed","Human Resources","Department for Transport","London","[c]","[c]","[c]","[c]"
"Leaver Dept.","2023","Mixed","Human Resources","Department for Transport","Outside London","[c]","[c]","[c]","[c]"
"Leaver Dept.","2023","Mixed","Human Resources","Department for Work and Pensions","London","[c]","[c]","[c]","[c]"
"Leaver Dept.","2023","Mixed","Human Resources","Department for Work and Pensions","Outside London","[c]","[c]","[c]","[c]"
"Leaver Dept.","2023","Mixed","Human Resources","Department for Work and Pensions","Unknown","[c]","[c]","[c]","[c]"
"Leaver Dept.","2023","Mixed","Human Resources","Department of Health and Social Care","London","[c]","[c]","[c]","[c]"
"Leaver Dept.","2023","Mixed","Human Resources","Department of Health and Social Care","Outside London","[c]","[c]","[c]","[c]"
"Leaver Dept.","2023","Mixed","Human Resources","Food Standards Agency","London","[c]","[c]","[c]","[c]"
"Leaver Dept.","2023","Mixed","Human Resources","HM Revenue and Customs","London","[c]","[c]","[c]","[c]"
"Leaver Dept.","2023","Mixed","Human Resources","HM Revenue and Customs","Outside London","[c]","[c]","[c]","[c]"
"Leaver Dept.","2023","Mixed","Human Resources","HM Treasury","London","[c]","[c]","[c]","[c]"
"Leaver Dept.","2023","Mixed","Human Resources","HM Treasury","Outside London","[c]","[c]","[c]","[c]"
"Leaver Dept.","2023","Mixed","Human Resources","Home Office","London","[c]","[c]","[c]","[c]"
"Leaver Dept.","2023","Mixed","Human Resources","Home Office","Outside London","[c]","[c]","[c]","[c]"
"Leaver Dept.","2023","Mixed","Human Resources","Ministry of Defence","London","[c]","[c]","[c]","[c]"
"Leaver Dept.","2023","Mixed","Human Resources","Ministry of Defence","Outside London","[c]","[c]","[c]","[c]"
"Leaver Dept.","2023","Mixed","Human Resources","Ministry of Defence","Unknown","[c]","[c]","[c]","[c]"
"Leaver Dept.","2023","Mixed","Human Resources","Ministry of Justice","London","[c]","[c]","[c]","[c]"
"Leaver Dept.","2023","Mixed","Human Resources","Ministry of Justice","Outside London","[c]","[c]","[c]","[c]"
"Leaver Dept.","2023","Mixed","Human Resources","National Crime Agency","Outside London","[c]","[c]","[c]","[c]"
"Leaver Dept.","2023","Mixed","Human Resources","Northern Ireland Office","London","[c]","[c]","[c]","[c]"
"Leaver Dept.","2023","Mixed","Human Resources","Office for Standards in Education, Children's Services and Skills","London","[c]","[c]","[c]","[c]"
"Leaver Dept.","2023","Mixed","Human Resources","Office for Standards in Education, Children's Services and Skills","Outside London","[c]","[c]","[c]","[c]"
"Leaver Dept.","2023","Mixed","Human Resources","Office of Rail and Road","London","[c]","[c]","[c]","[c]"
"Leaver Dept.","2023","Mixed","Human Resources","Office of Rail and Road","Outside London","[c]","[c]","[c]","[c]"
"Leaver Dept.","2023","Mixed","Human Resources","Scottish Government","Outside London","[c]","[c]","[c]","[c]"
"Leaver Dept.","2023","Mixed","Human Resources","The National Archives","London","[c]","[c]","[c]","[c]"
"Leaver Dept.","2023","Mixed","Human Resources","UK Export Finance","London","[c]","[c]","[c]","[c]"
"Leaver Dept.","2023","Mixed","Human Resources","UK Statistics Authority","London","[c]","[c]","[c]","[c]"
"Leaver Dept.","2023","Mixed","Human Resources","UK Statistics Authority","Outside London","[c]","[c]","[c]","[c]"
"Leaver Dept.","2023","Mixed","Human Resources","Welsh Government","Outside London","[c]","[c]","[c]","[c]"
"Leaver Dept.","2023","Mixed","Internal Audit","HM Revenue and Customs","London","[c]","[c]","[c]","[c]"
"Leaver Dept.","2023","Mixed","Internal Audit","HM Revenue and Customs","Outside London","[c]","[c]","[c]","[c]"
"Leaver Dept.","2023","Mixed","Internal Audit","HM Treasury","London","[c]","[c]","[c]","[c]"
"Leaver Dept.","2023","Mixed","Internal Audit","HM Treasury","Outside London","[c]","[c]","[c]","[c]"
"Leaver Dept.","2023","Mixed","Internal Audit","Ministry of Defence","Outside London","[c]","[c]","[c]","[c]"
"Leaver Dept.","2023","Mixed","Internal Audit","Scottish Government","Outside London","[c]","[c]","[c]","[c]"
"Leaver Dept.","2023","Mixed","Legal","Attorney General's Departments","London","[c]","[c]","[c]","[c]"
"Leaver Dept.","2023","Mixed","Legal","Attorney General's Departments","Outside London","[c]","[c]","[c]","[c]"
"Leaver Dept.","2023","Mixed","Legal","Cabinet Office","London","[c]","[c]","[c]","[c]"
"Leaver Dept.","2023","Mixed","Legal","Competition and Markets Authority","London","[c]","[c]","[c]","[c]"
"Leaver Dept.","2023","Mixed","Legal","Department for Business, Energy and Industrial Strategy","London","[c]","[c]","[c]","[c]"
"Leaver Dept.","2023","Mixed","Legal","Department for Business, Energy and Industrial Strategy","Outside London","[c]","[c]","[c]","[c]"
"Leaver Dept.","2023","Mixed","Legal","Department for Education","London","[c]","[c]","[c]","[c]"
"Leaver Dept.","2023","Mixed","Legal","Department for Work and Pensions","Outside London","[c]","[c]","[c]","[c]"
"Leaver Dept.","2023","Mixed","Legal","Food Standards Agency","Outside London","[c]","[c]","[c]","[c]"
"Leaver Dept.","2023","Mixed","Legal","Foreign, Commonwealth and Development Office","Outside London","[c]","[c]","[c]","[c]"
"Leaver Dept.","2023","Mixed","Legal","HM Revenue and Customs","London","[c]","[c]","[c]","[c]"
"Leaver Dept.","2023","Mixed","Legal","HM Revenue and Customs","Outside London","[c]","[c]","[c]","[c]"
"Leaver Dept.","2023","Mixed","Legal","Ministry of Defence","Outside London","[c]","[c]","[c]","[c]"
"Leaver Dept.","2023","Mixed","Legal","Ministry of Justice","London","[c]","[c]","[c]","[c]"
"Leaver Dept.","2023","Mixed","Legal","Ministry of Justice","Outside London","[c]","[c]","[c]","[c]"
"Leaver Dept.","2023","Mixed","Legal","National Crime Agency","London","[c]","[c]","[c]","[c]"
"Leaver Dept.","2023","Mixed","Legal","Office of Gas and Electricity Markets","London","[c]","[c]","[c]","[c]"
"Leaver Dept.","2023","Mixed","Legal","Office of Gas and Electricity Markets","Outside London","[c]","[c]","[c]","[c]"
"Leaver Dept.","2023","Mixed","Legal","Office of Rail and Road","London","[c]","[c]","[c]","[c]"
"Leaver Dept.","2023","Mixed","Legal","Scottish Government","Outside London","[c]","[c]","[c]","[c]"
"Leaver Dept.","2023","Mixed","Legal","UK Export Finance","London","[c]","[c]","[c]","[c]"
"Leaver Dept.","2023","Mixed","Legal","UK Supreme Court","London","[c]","[c]","[c]","[c]"
"Leaver Dept.","2023","Mixed","No function","Attorney General's Departments","London","[c]","[c]","[c]","[c]"
"Leaver Dept.","2023","Mixed","No function","Cabinet Office","London","25","[c]","[c]","[c]"
"Leaver Dept.","2023","Mixed","No function","Cabinet Office","Outside London","[c]","[c]","[c]","[c]"
"Leaver Dept.","2023","Mixed","No function","Cabinet Office","Unknown","[c]","[c]","[c]","[c]"
"Leaver Dept.","2023","Mixed","No function","Charity Commission","London","[c]","[c]","[c]","[c]"
"Leaver Dept.","2023","Mixed","No function","Charity Commission","Outside London","[c]","[c]","[c]","[c]"
"Leaver Dept.","2023","Mixed","No function","Department for Business, Energy and Industrial Strategy","London","25","[c]","[c]","[c]"
"Leaver Dept.","2023","Mixed","No function","Department for Business, Energy and Industrial Strategy","Outside London","[c]","[c]","[c]","[c]"
"Leaver Dept.","2023","Mixed","No function","Department for Digital, Culture, Media and Sport","London","15","[c]","[c]","[c]"
"Leaver Dept.","2023","Mixed","No function","Department for Education","London","[c]","[c]","[c]","[c]"
"Leaver Dept.","2023","Mixed","No function","Department for Education","Outside London","5","[c]","[c]","[c]"
"Leaver Dept.","2023","Mixed","No function","Department for Environment, Food and Rural Affairs","London","5","[c]","[c]","[c]"
"Leaver Dept.","2023","Mixed","No function","Department for Environment, Food and Rural Affairs","Outside London","[c]","[c]","[c]","[c]"
"Leaver Dept.","2023","Mixed","No function","Department for International Trade","London","5","[c]","[c]","[c]"
"Leaver Dept.","2023","Mixed","No function","Department for International Trade","Outside London","[c]","[c]","[c]","[c]"
"Leaver Dept.","2023","Mixed","No function","Department for International Trade","Overseas","[c]","[c]","[c]","[c]"
"Leaver Dept.","2023","Mixed","No function","Department for Levelling Up, Housing and Communities","London","10","[c]","[c]","[c]"
"Leaver Dept.","2023","Mixed","No function","Department for Levelling Up, Housing and Communities","Outside London","5","[c]","[c]","[c]"
"Leaver Dept.","2023","Mixed","No function","Department for Transport","London","5","[c]","[c]","[c]"
"Leaver Dept.","2023","Mixed","No function","Department for Transport","Outside London","[c]","[c]","[c]","[c]"
"Leaver Dept.","2023","Mixed","No function","Department for Work and Pensions","London","15","[c]","[c]","[c]"
"Leaver Dept.","2023","Mixed","No function","Department for Work and Pensions","Outside London","45","[c]","26880","28120"
"Leaver Dept.","2023","Mixed","No function","Department for Work and Pensions","Unknown","[c]","[c]","[c]","[c]"
"Leaver Dept.","2023","Mixed","No function","Department of Health and Social Care","London","[c]","[c]","[c]","[c]"
"Leaver Dept.","2023","Mixed","No function","Department of Health and Social Care","Outside London","[c]","[c]","[c]","[c]"
"Leaver Dept.","2023","Mixed","No function","Department of Health and Social Care","Unknown","[c]","[c]","[c]","[c]"
"Leaver Dept.","2023","Mixed","No function","Food Standards Agency","London","[c]","[c]","[c]","[c]"
"Leaver Dept.","2023","Mixed","No function","Food Standards Agency","Outside London","[c]","[c]","[c]","[c]"
"Leaver Dept.","2023","Mixed","No function","HM Revenue and Customs","London","10","[c]","[c]","[c]"
"Leaver Dept.","2023","Mixed","No function","HM Revenue and Customs","Outside London","10","[c]","[c]","[c]"
"Leaver Dept.","2023","Mixed","No function","HM Treasury","London","5","[c]","[c]","[c]"
"Leaver Dept.","2023","Mixed","No function","HM Treasury","Outside London","[c]","[c]","[c]","[c]"
"Leaver Dept.","2023","Mixed","No function","Home Office","London","20","[c]","[c]","[c]"
"Leaver Dept.","2023","Mixed","No function","Home Office","Outside London","10","[c]","[c]","[c]"
"Leaver Dept.","2023","Mixed","No function","Home Office","Overseas","[c]","[c]","[c]","[c]"
"Leaver Dept.","2023","Mixed","No function","Home Office","Unknown","[c]","[c]","[c]","[c]"
"Leaver Dept.","2023","Mixed","No function","Ministry of Defence","London","[c]","[c]","[c]","[c]"
"Leaver Dept.","2023","Mixed","No function","Ministry of Defence","Outside London","[c]","[c]","[c]","[c]"
"Leaver Dept.","2023","Mixed","No function","Ministry of Defence","Overseas","[c]","[c]","[c]","[c]"
"Leaver Dept.","2023","Mixed","No function","Ministry of Justice","London","25","[c]","[c]","[c]"
"Leaver Dept.","2023","Mixed","No function","Ministry of Justice","Outside London","20","[c]","[c]","[c]"
"Leaver Dept.","2023","Mixed","No function","Ministry of Justice","Unknown","[c]","[c]","[c]","[c]"
"Leaver Dept.","2023","Mixed","No function","National Crime Agency","London","[c]","[c]","[c]","[c]"
"Leaver Dept.","2023","Mixed","No function","National Crime Agency","Outside London","[c]","[c]","[c]","[c]"
"Leaver Dept.","2023","Mixed","No function","National Crime Agency","Overseas","[c]","[c]","[c]","[c]"
"Leaver Dept.","2023","Mixed","No function","National Crime Agency","Unknown","[c]","[c]","[c]","[c]"
"Leaver Dept.","2023","Mixed","No function","Office for Standards in Education, Children's Services and Skills","London","[c]","[c]","[c]","[c]"
"Leaver Dept.","2023","Mixed","No function","Office for Standards in Education, Children's Services and Skills","Outside London","[c]","[c]","[c]","[c]"
"Leaver Dept.","2023","Mixed","No function","Office of Gas and Electricity Markets","London","[c]","[c]","[c]","[c]"
"Leaver Dept.","2023","Mixed","No function","Office of Gas and Electricity Markets","Outside London","[c]","[c]","[c]","[c]"
"Leaver Dept.","2023","Mixed","No function","Office of Qualifications and Examinations Regulation","Outside London","[c]","[c]","[c]","[c]"
"Leaver Dept.","2023","Mixed","No function","Office of Rail and Road","London","[c]","[c]","[c]","[c]"
"Leaver Dept.","2023","Mixed","No function","Office of Rail and Road","Outside London","[c]","[c]","[c]","[c]"
"Leaver Dept.","2023","Mixed","No function","Office of the Secretary of State for Wales","London","[c]","[c]","[c]","[c]"
"Leaver Dept.","2023","Mixed","No function","Office of the Secretary of State for Wales","Outside London","[c]","[c]","[c]","[c]"
"Leaver Dept.","2023","Mixed","No function","Scottish Government","Outside London","[c]","[c]","[c]","[c]"
"Leaver Dept.","2023","Mixed","No function","The National Archives","London","[c]","[c]","[c]","[c]"
"Leaver Dept.","2023","Mixed","No function","UK Statistics Authority","London","[c]","[c]","[c]","[c]"
"Leaver Dept.","2023","Mixed","No function","UK Statistics Authority","Outside London","[c]","[c]","[c]","[c]"
"Leaver Dept.","2023","Mixed","No function","Water Services Regulation Authority","Outside London","[c]","[c]","[c]","[c]"
"Leaver Dept.","2023","Mixed","No function","Welsh Government","Outside London","[c]","[c]","[c]","[c]"
"Leaver Dept.","2023","Mixed","Project Delivery","Attorney General's Departments","London","[c]","[c]","[c]","[c]"
"Leaver Dept.","2023","Mixed","Project Delivery","Cabinet Office","London","[c]","[c]","[c]","[c]"
"Leaver Dept.","2023","Mixed","Project Delivery","Cabinet Office","Outside London","[c]","[c]","[c]","[c]"
"Leaver Dept.","2023","Mixed","Project Delivery","Cabinet Office","Unknown","[c]","[c]","[c]","[c]"
"Leaver Dept.","2023","Mixed","Project Delivery","Chancellor's other departments","London","[c]","[c]","[c]","[c]"
"Leaver Dept.","2023","Mixed","Project Delivery","Competition and Markets Authority","London","[c]","[c]","[c]","[c]"
"Leaver Dept.","2023","Mixed","Project Delivery","Competition and Markets Authority","Outside London","[c]","[c]","[c]","[c]"
"Leaver Dept.","2023","Mixed","Project Delivery","Department for Business, Energy and Industrial Strategy","London","[c]","[c]","[c]","[c]"
"Leaver Dept.","2023","Mixed","Project Delivery","Department for Business, Energy and Industrial Strategy","Outside London","[c]","[c]","[c]","[c]"
"Leaver Dept.","2023","Mixed","Project Delivery","Department for Digital, Culture, Media and Sport","London","[c]","[c]","[c]","[c]"
"Leaver Dept.","2023","Mixed","Project Delivery","Department for Education","London","[c]","[c]","[c]","[c]"
"Leaver Dept.","2023","Mixed","Project Delivery","Department for Education","Outside London","[c]","[c]","[c]","[c]"
"Leaver Dept.","2023","Mixed","Project Delivery","Department for Environment, Food and Rural Affairs","Outside London","[c]","[c]","[c]","[c]"
"Leaver Dept.","2023","Mixed","Project Delivery","Department for International Trade","London","[c]","[c]","[c]","[c]"
"Leaver Dept.","2023","Mixed","Project Delivery","Department for International Trade","Outside London","[c]","[c]","[c]","[c]"
"Leaver Dept.","2023","Mixed","Project Delivery","Department for Levelling Up, Housing and Communities","London","[c]","[c]","[c]","[c]"
"Leaver Dept.","2023","Mixed","Project Delivery","Department for Levelling Up, Housing and Communities","Outside London","[c]","[c]","[c]","[c]"
"Leaver Dept.","2023","Mixed","Project Delivery","Department for Transport","Outside London","[c]","[c]","[c]","[c]"
"Leaver Dept.","2023","Mixed","Project Delivery","Department for Work and Pensions","London","[c]","[c]","[c]","[c]"
"Leaver Dept.","2023","Mixed","Project Delivery","Department for Work and Pensions","Outside London","[c]","[c]","[c]","[c]"
"Leaver Dept.","2023","Mixed","Project Delivery","Department for Work and Pensions","Unknown","[c]","[c]","[c]","[c]"
"Leaver Dept.","2023","Mixed","Project Delivery","Department of Health and Social Care","London","[c]","[c]","[c]","[c]"
"Leaver Dept.","2023","Mixed","Project Delivery","Department of Health and Social Care","Outside London","[c]","[c]","[c]","[c]"
"Leaver Dept.","2023","Mixed","Project Delivery","Estyn","Outside London","[c]","[c]","[c]","[c]"
"Leaver Dept.","2023","Mixed","Project Delivery","Food Standards Agency","Outside London","[c]","[c]","[c]","[c]"
"Leaver Dept.","2023","Mixed","Project Delivery","Foreign, Commonwealth and Development Office","Outside London","[c]","[c]","[c]","[c]"
"Leaver Dept.","2023","Mixed","Project Delivery","HM Revenue and Customs","London","[c]","[c]","[c]","[c]"
"Leaver Dept.","2023","Mixed","Project Delivery","HM Revenue and Customs","Outside London","[c]","[c]","[c]","[c]"
"Leaver Dept.","2023","Mixed","Project Delivery","HM Treasury","London","[c]","[c]","[c]","[c]"
"Leaver Dept.","2023","Mixed","Project Delivery","HM Treasury","Outside London","[c]","[c]","[c]","[c]"
"Leaver Dept.","2023","Mixed","Project Delivery","Home Office","London","[c]","[c]","[c]","[c]"
"Leaver Dept.","2023","Mixed","Project Delivery","Home Office","Outside London","[c]","[c]","[c]","[c]"
"Leaver Dept.","2023","Mixed","Project Delivery","Ministry of Defence","London","[c]","[c]","[c]","[c]"
"Leaver Dept.","2023","Mixed","Project Delivery","Ministry of Defence","Outside London","[c]","[c]","[c]","[c]"
"Leaver Dept.","2023","Mixed","Project Delivery","Ministry of Defence","Overseas","[c]","[c]","[c]","[c]"
"Leaver Dept.","2023","Mixed","Project Delivery","Ministry of Justice","London","[c]","[c]","[c]","[c]"
"Leaver Dept.","2023","Mixed","Project Delivery","Ministry of Justice","Outside London","[c]","[c]","[c]","[c]"
"Leaver Dept.","2023","Mixed","Project Delivery","National Crime Agency","London","[c]","[c]","[c]","[c]"
"Leaver Dept.","2023","Mixed","Project Delivery","National Crime Agency","Outside London","[c]","[c]","[c]","[c]"
"Leaver Dept.","2023","Mixed","Project Delivery","Office of Gas and Electricity Markets","London","[c]","[c]","[c]","[c]"
"Leaver Dept.","2023","Mixed","Project Delivery","Office of Gas and Electricity Markets","Outside London","[c]","[c]","[c]","[c]"
"Leaver Dept.","2023","Mixed","Project Delivery","Scottish Government","Outside London","[c]","[c]","[c]","[c]"
"Leaver Dept.","2023","Mixed","Project Delivery","UK Export Finance","London","[c]","[c]","[c]","[c]"
"Leaver Dept.","2023","Mixed","Project Delivery","UK Statistics Authority","Outside London","[c]","[c]","[c]","[c]"
"Leaver Dept.","2023","Mixed","Project Delivery","Welsh Government","Outside London","[c]","[c]","[c]","[c]"
"Leaver Dept.","2023","Mixed","Property","Cabinet Office","London","[c]","[c]","[c]","[c]"
"Leaver Dept.","2023","Mixed","Property","Cabinet Office","Outside London","[c]","[c]","[c]","[c]"
"Leaver Dept.","2023","Mixed","Property","Cabinet Office","Unknown","[c]","[c]","[c]","[c]"
"Leaver Dept.","2023","Mixed","Property","Department for Business, Energy and Industrial Strategy","London","[c]","[c]","[c]","[c]"
"Leaver Dept.","2023","Mixed","Property","Department for Digital, Culture, Media and Sport","London","[c]","[c]","[c]","[c]"
"Leaver Dept.","2023","Mixed","Property","Department for Education","Outside London","[c]","[c]","[c]","[c]"
"Leaver Dept.","2023","Mixed","Property","Department for Environment, Food and Rural Affairs","London","[c]","[c]","[c]","[c]"
"Leaver Dept.","2023","Mixed","Property","Department for Environment, Food and Rural Affairs","Outside London","[c]","[c]","[c]","[c]"
"Leaver Dept.","2023","Mixed","Property","Department for Transport","Outside London","[c]","[c]","[c]","[c]"
"Leaver Dept.","2023","Mixed","Property","Department for Work and Pensions","London","[c]","[c]","[c]","[c]"
"Leaver Dept.","2023","Mixed","Property","Department for Work and Pensions","Outside London","[c]","[c]","[c]","[c]"
"Leaver Dept.","2023","Mixed","Property","Department of Health and Social Care","London","[c]","[c]","[c]","[c]"
"Leaver Dept.","2023","Mixed","Property","Department of Health and Social Care","Outside London","[c]","[c]","[c]","[c]"
"Leaver Dept.","2023","Mixed","Property","Food Standards Agency","Outside London","[c]","[c]","[c]","[c]"
"Leaver Dept.","2023","Mixed","Property","HM Revenue and Customs","London","[c]","[c]","[c]","[c]"
"Leaver Dept.","2023","Mixed","Property","HM Revenue and Customs","Outside London","[c]","[c]","[c]","[c]"
"Leaver Dept.","2023","Mixed","Property","Ministry of Defence","London","[c]","[c]","[c]","[c]"
"Leaver Dept.","2023","Mixed","Property","Ministry of Defence","Outside London","[c]","[c]","[c]","[c]"
"Leaver Dept.","2023","Mixed","Property","Ministry of Justice","London","[c]","[c]","[c]","[c]"
"Leaver Dept.","2023","Mixed","Property","Ministry of Justice","Outside London","[c]","[c]","[c]","[c]"
"Leaver Dept.","2023","Mixed","Property","Office for Standards in Education, Children's Services and Skills","Outside London","[c]","[c]","[c]","[c]"
"Leaver Dept.","2023","Mixed","Property","Office of Gas and Electricity Markets","London","[c]","[c]","[c]","[c]"
"Leaver Dept.","2023","Mixed","Property","UK Statistics Authority","Outside London","[c]","[c]","[c]","[c]"
"Leaver Dept.","2023","Mixed","Security","Attorney General's Departments","London","[c]","[c]","[c]","[c]"
"Leaver Dept.","2023","Mixed","Security","Attorney General's Departments","Outside London","[c]","[c]","[c]","[c]"
"Leaver Dept.","2023","Mixed","Security","Cabinet Office","London","[c]","[c]","[c]","[c]"
"Leaver Dept.","2023","Mixed","Security","Cabinet Office","Outside London","[c]","[c]","[c]","[c]"
"Leaver Dept.","2023","Mixed","Security","Cabinet Office","Unknown","[c]","[c]","[c]","[c]"
"Leaver Dept.","2023","Mixed","Security","Chancellor's other departments","London","[c]","[c]","[c]","[c]"
"Leaver Dept.","2023","Mixed","Security","Department for Business, Energy and Industrial Strategy","London","[c]","[c]","[c]","[c]"
"Leaver Dept.","2023","Mixed","Security","Department for Business, Energy and Industrial Strategy","Outside London","[c]","[c]","[c]","[c]"
"Leaver Dept.","2023","Mixed","Security","Department for Education","London","[c]","[c]","[c]","[c]"
"Leaver Dept.","2023","Mixed","Security","Department for Education","Outside London","[c]","[c]","[c]","[c]"
"Leaver Dept.","2023","Mixed","Security","Department for International Trade","London","[c]","[c]","[c]","[c]"
"Leaver Dept.","2023","Mixed","Security","Department for Transport","Outside London","[c]","[c]","[c]","[c]"
"Leaver Dept.","2023","Mixed","Security","Foreign, Commonwealth and Development Office","Overseas","[c]","[c]","[c]","[c]"
"Leaver Dept.","2023","Mixed","Security","HM Revenue and Customs","London","[c]","[c]","[c]","[c]"
"Leaver Dept.","2023","Mixed","Security","HM Revenue and Customs","Outside London","[c]","[c]","[c]","[c]"
"Leaver Dept.","2023","Mixed","Security","Home Office","London","[c]","[c]","[c]","[c]"
"Leaver Dept.","2023","Mixed","Security","Home Office","Outside London","[c]","[c]","[c]","[c]"
"Leaver Dept.","2023","Mixed","Security","Ministry of Defence","London","[c]","[c]","[c]","[c]"
"Leaver Dept.","2023","Mixed","Security","Ministry of Defence","Outside London","[c]","[c]","[c]","[c]"
"Leaver Dept.","2023","Mixed","Security","Ministry of Defence","Overseas","[c]","[c]","[c]","[c]"
"Leaver Dept.","2023","Mixed","Security","Ministry of Justice","London","[c]","[c]","[c]","[c]"
"Leaver Dept.","2023","Mixed","Security","Ministry of Justice","Outside London","[c]","[c]","[c]","[c]"
"Leaver Dept.","2023","Mixed","Security","National Crime Agency","London","[c]","[c]","[c]","[c]"
"Leaver Dept.","2023","Mixed","Security","Northern Ireland Office","London","[c]","[c]","[c]","[c]"
"Leaver Dept.","2023","Mixed","Security","UK Statistics Authority","Outside London","[c]","[c]","[c]","[c]"
"Leaver Dept.","2023","Mixed","Unknown","Attorney General's Departments","London","[c]","[c]","[c]","[c]"
"Leaver Dept.","2023","Mixed","Unknown","Attorney General's Departments","Outside London","[c]","[c]","[c]","[c]"
"Leaver Dept.","2023","Mixed","Unknown","Cabinet Office","London","[c]","[c]","[c]","[c]"
"Leaver Dept.","2023","Mixed","Unknown","Cabinet Office","Outside London","[c]","[c]","[c]","[c]"
"Leaver Dept.","2023","Mixed","Unknown","Cabinet Office","Unknown","[c]","[c]","[c]","[c]"
"Leaver Dept.","2023","Mixed","Unknown","Department for Business, Energy and Industrial Strategy","London","[c]","[c]","[c]","[c]"
"Leaver Dept.","2023","Mixed","Unknown","Department for Business, Energy and Industrial Strategy","Outside London","[c]","[c]","[c]","[c]"
"Leaver Dept.","2023","Mixed","Unknown","Department for Education","London","[c]","[c]","[c]","[c]"
"Leaver Dept.","2023","Mixed","Unknown","Department for Education","Outside London","[c]","[c]","[c]","[c]"
"Leaver Dept.","2023","Mixed","Unknown","Department for Environment, Food and Rural Affairs","Outside London","[c]","[c]","[c]","[c]"
"Leaver Dept.","2023","Mixed","Unknown","Department for International Trade","London","[c]","[c]","[c]","[c]"
"Leaver Dept.","2023","Mixed","Unknown","Department for Work and Pensions","London","[c]","[c]","[c]","[c]"
"Leaver Dept.","2023","Mixed","Unknown","Department for Work and Pensions","Outside London","[c]","[c]","[c]","[c]"
"Leaver Dept.","2023","Mixed","Unknown","Department for Work and Pensions","Unknown","[c]","[c]","[c]","[c]"
"Leaver Dept.","2023","Mixed","Unknown","Department of Health and Social Care","London","10","[c]","[c]","[c]"
"Leaver Dept.","2023","Mixed","Unknown","Department of Health and Social Care","Outside London","[c]","[c]","[c]","[c]"
"Leaver Dept.","2023","Mixed","Unknown","Department of Health and Social Care","Unknown","[c]","[c]","[c]","[c]"
"Leaver Dept.","2023","Mixed","Unknown","Foreign, Commonwealth and Development Office","London","10","[c]","[c]","[c]"
"Leaver Dept.","2023","Mixed","Unknown","Foreign, Commonwealth and Development Office","Outside London","[c]","[c]","[c]","[c]"
"Leaver Dept.","2023","Mixed","Unknown","Foreign, Commonwealth and Development Office","Overseas","[c]","[c]","[c]","[c]"
"Leaver Dept.","2023","Mixed","Unknown","Ministry of Defence","Outside London","[c]","[c]","[c]","[c]"
"Leaver Dept.","2023","Mixed","Unknown","Ministry of Defence","Unknown","[c]","[c]","[c]","[c]"
"Leaver Dept.","2023","Mixed","Unknown","Northern Ireland Office","London","[c]","[c]","[c]","[c]"
"Leaver Dept.","2023","Mixed","Unknown","Northern Ireland Office","Outside London","[c]","[c]","[c]","[c]"
"Leaver Dept.","2023","Mixed","Unknown","Office of Gas and Electricity Markets","London","[c]","[c]","[c]","[c]"
"Leaver Dept.","2023","Mixed","Unknown","Office of Gas and Electricity Markets","Outside London","[c]","[c]","[c]","[c]"
"Leaver Dept.","2023","Mixed","Unknown","Office of the Secretary of State for Scotland","London","[c]","[c]","[c]","[c]"
"Leaver Dept.","2023","Mixed","Unknown","Office of the Secretary of State for Scotland","Outside London","[c]","[c]","[c]","[c]"
"Leaver Dept.","2023","Mixed","Unknown","Scottish Government","Outside London","[c]","[c]","[c]","[c]"
"Leaver Dept.","2023","Mixed","Unknown","Scottish Government","Overseas","[c]","[c]","[c]","[c]"
"Leaver Dept.","2023","Mixed","Unknown","Welsh Government","Outside London","[c]","[c]","[c]","[c]"
"Leaver Dept.","2023","Other ethnicity","Analysis","Cabinet Office","London","[c]","[c]","[c]","[c]"
"Leaver Dept.","2023","Other ethnicity","Analysis","Cabinet Office","Outside London","[c]","[c]","[c]","[c]"
"Leaver Dept.","2023","Other ethnicity","Analysis","Cabinet Office","Unknown","[c]","[c]","[c]","[c]"
"Leaver Dept.","2023","Other ethnicity","Analysis","Chancellor's other departments","London","[c]","[c]","[c]","[c]"
"Leaver Dept.","2023","Other ethnicity","Analysis","Competition and Markets Authority","London","[c]","[c]","[c]","[c]"
"Leaver Dept.","2023","Other ethnicity","Analysis","Competition and Markets Authority","Outside London","[c]","[c]","[c]","[c]"
"Leaver Dept.","2023","Other ethnicity","Analysis","Department for Business, Energy and Industrial Strategy","London","[c]","[c]","[c]","[c]"
"Leaver Dept.","2023","Other ethnicity","Analysis","Department for Business, Energy and Industrial Strategy","Outside London","[c]","[c]","[c]","[c]"
"Leaver Dept.","2023","Other ethnicity","Analysis","Department for Digital, Culture, Media and Sport","London","[c]","[c]","[c]","[c]"
"Leaver Dept.","2023","Other ethnicity","Analysis","Department for Education","London","[c]","[c]","[c]","[c]"
"Leaver Dept.","2023","Other ethnicity","Analysis","Department for Education","Outside London","[c]","[c]","[c]","[c]"
"Leaver Dept.","2023","Other ethnicity","Analysis","Department for Environment, Food and Rural Affairs","Outside London","[c]","[c]","[c]","[c]"
"Leaver Dept.","2023","Other ethnicity","Analysis","Department for International Trade","London","[c]","[c]","[c]","[c]"
"Leaver Dept.","2023","Other ethnicity","Analysis","Department for Levelling Up, Housing and Communities","London","[c]","[c]","[c]","[c]"
"Leaver Dept.","2023","Other ethnicity","Analysis","Department for Levelling Up, Housing and Communities","Outside London","[c]","[c]","[c]","[c]"
"Leaver Dept.","2023","Other ethnicity","Analysis","Department for Transport","Outside London","[c]","[c]","[c]","[c]"
"Leaver Dept.","2023","Other ethnicity","Analysis","Department for Work and Pensions","London","[c]","[c]","[c]","[c]"
"Leaver Dept.","2023","Other ethnicity","Analysis","Department for Work and Pensions","Outside London","[c]","[c]","[c]","[c]"
"Leaver Dept.","2023","Other ethnicity","Analysis","Department of Health and Social Care","London","[c]","[c]","[c]","[c]"
"Leaver Dept.","2023","Other ethnicity","Analysis","Food Standards Agency","London","[c]","[c]","[c]","[c]"
"Leaver Dept.","2023","Other ethnicity","Analysis","Food Standards Agency","Outside London","[c]","[c]","[c]","[c]"
"Leaver Dept.","2023","Other ethnicity","Analysis","HM Revenue and Customs","London","[c]","[c]","[c]","[c]"
"Leaver Dept.","2023","Other ethnicity","Analysis","HM Revenue and Customs","Outside London","[c]","[c]","[c]","[c]"
"Leaver Dept.","2023","Other ethnicity","Analysis","HM Treasury","London","[c]","[c]","[c]","[c]"
"Leaver Dept.","2023","Other ethnicity","Analysis","HM Treasury","Outside London","[c]","[c]","[c]","[c]"
"Leaver Dept.","2023","Other ethnicity","Analysis","Home Office","London","[c]","[c]","[c]","[c]"
"Leaver Dept.","2023","Other ethnicity","Analysis","Home Office","Outside London","[c]","[c]","[c]","[c]"
"Leaver Dept.","2023","Other ethnicity","Analysis","Ministry of Defence","London","[c]","[c]","[c]","[c]"
"Leaver Dept.","2023","Other ethnicity","Analysis","Ministry of Defence","Outside London","[c]","[c]","[c]","[c]"
"Leaver Dept.","2023","Other ethnicity","Analysis","Ministry of Justice","London","[c]","[c]","[c]","[c]"
"Leaver Dept.","2023","Other ethnicity","Analysis","Ministry of Justice","Outside London","[c]","[c]","[c]","[c]"
"Leaver Dept.","2023","Other ethnicity","Analysis","Office for Standards in Education, Children's Services and Skills","London","[c]","[c]","[c]","[c]"
"Leaver Dept.","2023","Other ethnicity","Analysis","Office for Standards in Education, Children's Services and Skills","Outside London","[c]","[c]","[c]","[c]"
"Leaver Dept.","2023","Other ethnicity","Analysis","Office of Gas and Electricity Markets","London","[c]","[c]","[c]","[c]"
"Leaver Dept.","2023","Other ethnicity","Analysis","Office of Rail and Road","Outside London","[c]","[c]","[c]","[c]"
"Leaver Dept.","2023","Other ethnicity","Analysis","UK Export Finance","London","[c]","[c]","[c]","[c]"
"Leaver Dept.","2023","Other ethnicity","Analysis","UK Statistics Authority","London","[c]","[c]","[c]","[c]"
"Leaver Dept.","2023","Other ethnicity","Analysis","UK Statistics Authority","Outside London","[c]","[c]","[c]","[c]"
"Leaver Dept.","2023","Other ethnicity","Analysis","Water Services Regulation Authority","Outside London","[c]","[c]","[c]","[c]"
"Leaver Dept.","2023","Other ethnicity","Commercial","Attorney General's Departments","Outside London","[c]","[c]","[c]","[c]"
"Leaver Dept.","2023","Other ethnicity","Commercial","Cabinet Office","London","[c]","[c]","[c]","[c]"
"Leaver Dept.","2023","Other ethnicity","Commercial","Cabinet Office","Outside London","[c]","[c]","[c]","[c]"
"Leaver Dept.","2023","Other ethnicity","Commercial","Cabinet Office","Unknown","[c]","[c]","[c]","[c]"
"Leaver Dept.","2023","Other ethnicity","Commercial","Chancellor's other departments","London","[c]","[c]","[c]","[c]"
"Leaver Dept.","2023","Other ethnicity","Commercial","Chancellor's other departments","Outside London","[c]","[c]","[c]","[c]"
"Leaver Dept.","2023","Other ethnicity","Commercial","Charity Commission","Outside London","[c]","[c]","[c]","[c]"
"Leaver Dept.","2023","Other ethnicity","Commercial","Department for Business, Energy and Industrial Strategy","London","[c]","[c]","[c]","[c]"
"Leaver Dept.","2023","Other ethnicity","Commercial","Department for Digital, Culture, Media and Sport","London","[c]","[c]","[c]","[c]"
"Leaver Dept.","2023","Other ethnicity","Commercial","Department for Education","Outside London","[c]","[c]","[c]","[c]"
"Leaver Dept.","2023","Other ethnicity","Commercial","Department for Environment, Food and Rural Affairs","Outside London","[c]","[c]","[c]","[c]"
"Leaver Dept.","2023","Other ethnicity","Commercial","Department for International Trade","London","[c]","[c]","[c]","[c]"
"Leaver Dept.","2023","Other ethnicity","Commercial","Department for Levelling Up, Housing and Communities","London","[c]","[c]","[c]","[c]"
"Leaver Dept.","2023","Other ethnicity","Commercial","Department for Transport","Outside London","[c]","[c]","[c]","[c]"
"Leaver Dept.","2023","Other ethnicity","Commercial","Department for Work and Pensions","Outside London","[c]","[c]","[c]","[c]"
"Leaver Dept.","2023","Other ethnicity","Commercial","Department of Health and Social Care","Outside London","[c]","[c]","[c]","[c]"
"Leaver Dept.","2023","Other ethnicity","Commercial","Food Standards Agency","London","[c]","[c]","[c]","[c]"
"Leaver Dept.","2023","Other ethnicity","Commercial","HM Revenue and Customs","Outside London","[c]","[c]","[c]","[c]"
"Leaver Dept.","2023","Other ethnicity","Commercial","HM Treasury","Outside London","[c]","[c]","[c]","[c]"
"Leaver Dept.","2023","Other ethnicity","Commercial","Home Office","London","[c]","[c]","[c]","[c]"
"Leaver Dept.","2023","Other ethnicity","Commercial","Home Office","Outside London","[c]","[c]","[c]","[c]"
"Leaver Dept.","2023","Other ethnicity","Commercial","Ministry of Defence","London","[c]","[c]","[c]","[c]"
"Leaver Dept.","2023","Other ethnicity","Commercial","Ministry of Defence","Outside London","[c]","[c]","[c]","[c]"
"Leaver Dept.","2023","Other ethnicity","Commercial","Ministry of Defence","Overseas","[c]","[c]","[c]","[c]"
"Leaver Dept.","2023","Other ethnicity","Commercial","Ministry of Justice","London","[c]","[c]","[c]","[c]"
"Leaver Dept.","2023","Other ethnicity","Commercial","Ministry of Justice","Outside London","[c]","[c]","[c]","[c]"
"Leaver Dept.","2023","Other ethnicity","Commercial","National Crime Agency","London","[c]","[c]","[c]","[c]"
"Leaver Dept.","2023","Other ethnicity","Commercial","Office for Standards in Education, Children's Services and Skills","Outside London","[c]","[c]","[c]","[c]"
"Leaver Dept.","2023","Other ethnicity","Commercial","Scottish Government","Outside London","[c]","[c]","[c]","[c]"
"Leaver Dept.","2023","Other ethnicity","Commercial","UK Export Finance","London","[c]","[c]","[c]","[c]"
"Leaver Dept.","2023","Other ethnicity","Commercial","Water Services Regulation Authority","Outside London","[c]","[c]","[c]","[c]"
"Leaver Dept.","2023","Other ethnicity","Communications","Attorney General's Departments","London","[c]","[c]","[c]","[c]"
"Leaver Dept.","2023","Other ethnicity","Communications","Cabinet Office","London","[c]","[c]","[c]","[c]"
"Leaver Dept.","2023","Other ethnicity","Communications","Cabinet Office","Outside London","[c]","[c]","[c]","[c]"
"Leaver Dept.","2023","Other ethnicity","Communications","Cabinet Office","Unknown","[c]","[c]","[c]","[c]"
"Leaver Dept.","2023","Other ethnicity","Communications","Charity Commission","London","[c]","[c]","[c]","[c]"
"Leaver Dept.","2023","Other ethnicity","Communications","Competition and Markets Authority","London","[c]","[c]","[c]","[c]"
"Leaver Dept.","2023","Other ethnicity","Communications","Department for Business, Energy and Industrial Strategy","London","[c]","[c]","[c]","[c]"
"Leaver Dept.","2023","Other ethnicity","Communications","Department for Business, Energy and Industrial Strategy","Outside London","[c]","[c]","[c]","[c]"
"Leaver Dept.","2023","Other ethnicity","Communications","Department for Digital, Culture, Media and Sport","London","[c]","[c]","[c]","[c]"
"Leaver Dept.","2023","Other ethnicity","Communications","Department for Education","London","[c]","[c]","[c]","[c]"
"Leaver Dept.","2023","Other ethnicity","Communications","Department for Education","Outside London","[c]","[c]","[c]","[c]"
"Leaver Dept.","2023","Other ethnicity","Communications","Department for Environment, Food and Rural Affairs","London","[c]","[c]","[c]","[c]"
"Leaver Dept.","2023","Other ethnicity","Communications","Department for Environment, Food and Rural Affairs","Outside London","[c]","[c]","[c]","[c]"
"Leaver Dept.","2023","Other ethnicity","Communications","Department for International Trade","London","[c]","[c]","[c]","[c]"
"Leaver Dept.","2023","Other ethnicity","Communications","Department for Levelling Up, Housing and Communities","London","[c]","[c]","[c]","[c]"
"Leaver Dept.","2023","Other ethnicity","Communications","Department for Levelling Up, Housing and Communities","Outside London","[c]","[c]","[c]","[c]"
"Leaver Dept.","2023","Other ethnicity","Communications","Department for Transport","Outside London","[c]","[c]","[c]","[c]"
"Leaver Dept.","2023","Other ethnicity","Communications","Department for Work and Pensions","London","[c]","[c]","[c]","[c]"
"Leaver Dept.","2023","Other ethnicity","Communications","Department for Work and Pensions","Outside London","[c]","[c]","[c]","[c]"
"Leaver Dept.","2023","Other ethnicity","Communications","Food Standards Agency","London","[c]","[c]","[c]","[c]"
"Leaver Dept.","2023","Other ethnicity","Communications","Food Standards Agency","Outside London","[c]","[c]","[c]","[c]"
"Leaver Dept.","2023","Other ethnicity","Communications","HM Revenue and Customs","London","[c]","[c]","[c]","[c]"
"Leaver Dept.","2023","Other ethnicity","Communications","HM Revenue and Customs","Outside London","[c]","[c]","[c]","[c]"
"Leaver Dept.","2023","Other ethnicity","Communications","HM Treasury","London","[c]","[c]","[c]","[c]"
"Leaver Dept.","2023","Other ethnicity","Communications","Home Office","London","[c]","[c]","[c]","[c]"
"Leaver Dept.","2023","Other ethnicity","Communications","Ministry of Defence","London","[c]","[c]","[c]","[c]"
"Leaver Dept.","2023","Other ethnicity","Communications","Ministry of Defence","Outside London","[c]","[c]","[c]","[c]"
"Leaver Dept.","2023","Other ethnicity","Communications","Ministry of Justice","London","[c]","[c]","[c]","[c]"
"Leaver Dept.","2023","Other ethnicity","Communications","Ministry of Justice","Outside London","[c]","[c]","[c]","[c]"
"Leaver Dept.","2023","Other ethnicity","Communications","National Crime Agency","London","[c]","[c]","[c]","[c]"
"Leaver Dept.","2023","Other ethnicity","Communications","Northern Ireland Office","London","[c]","[c]","[c]","[c]"
"Leaver Dept.","2023","Other ethnicity","Communications","Office of Gas and Electricity Markets","London","[c]","[c]","[c]","[c]"
"Leaver Dept.","2023","Other ethnicity","Communications","Office of Gas and Electricity Markets","Outside London","[c]","[c]","[c]","[c]"
"Leaver Dept.","2023","Other ethnicity","Communications","Office of Qualifications and Examinations Regulation","Outside London","[c]","[c]","[c]","[c]"
"Leaver Dept.","2023","Other ethnicity","Communications","Office of Rail and Road","London","[c]","[c]","[c]","[c]"
"Leaver Dept.","2023","Other ethnicity","Communications","Office of Rail and Road","Outside London","[c]","[c]","[c]","[c]"
"Leaver Dept.","2023","Other ethnicity","Communications","Office of the Secretary of State for Scotland","Outside London","[c]","[c]","[c]","[c]"
"Leaver Dept.","2023","Other ethnicity","Communications","Office of the Secretary of State for Wales","Outside London","[c]","[c]","[c]","[c]"
"Leaver Dept.","2023","Other ethnicity","Communications","The National Archives","London","[c]","[c]","[c]","[c]"
"Leaver Dept.","2023","Other ethnicity","Communications","UK Export Finance","London","[c]","[c]","[c]","[c]"
"Leaver Dept.","2023","Other ethnicity","Communications","UK Statistics Authority","Outside London","[c]","[c]","[c]","[c]"
"Leaver Dept.","2023","Other ethnicity","Communications","UK Supreme Court","London","[c]","[c]","[c]","[c]"
"Leaver Dept.","2023","Other ethnicity","Communications","Water Services Regulation Authority","Outside London","[c]","[c]","[c]","[c]"
"Leaver Dept.","2023","Other ethnicity","Counter Fraud","Attorney General's Departments","London","[c]","[c]","[c]","[c]"
"Leaver Dept.","2023","Other ethnicity","Counter Fraud","Cabinet Office","London","[c]","[c]","[c]","[c]"
"Leaver Dept.","2023","Other ethnicity","Counter Fraud","Cabinet Office","Outside London","[c]","[c]","[c]","[c]"
"Leaver Dept.","2023","Other ethnicity","Counter Fraud","Cabinet Office","Unknown","[c]","[c]","[c]","[c]"
"Leaver Dept.","2023","Other ethnicity","Counter Fraud","Department for Business, Energy and Industrial Strategy","Outside London","[c]","[c]","[c]","[c]"
"Leaver Dept.","2023","Other ethnicity","Counter Fraud","Department for Transport","London","[c]","[c]","[c]","[c]"
"Leaver Dept.","2023","Other ethnicity","Counter Fraud","Department for Transport","Outside London","[c]","[c]","[c]","[c]"
"Leaver Dept.","2023","Other ethnicity","Counter Fraud","Department for Work and Pensions","London","[c]","[c]","[c]","[c]"
"Leaver Dept.","2023","Other ethnicity","Counter Fraud","Department for Work and Pensions","Outside London","[c]","[c]","[c]","[c]"
"Leaver Dept.","2023","Other ethnicity","Counter Fraud","Department for Work and Pensions","Unknown","[c]","[c]","[c]","[c]"
"Leaver Dept.","2023","Other ethnicity","Counter Fraud","Food Standards Agency","London","[c]","[c]","[c]","[c]"
"Leaver Dept.","2023","Other ethnicity","Counter Fraud","Food Standards Agency","Outside London","[c]","[c]","[c]","[c]"
"Leaver Dept.","2023","Other ethnicity","Counter Fraud","HM Revenue and Customs","London","[c]","[c]","[c]","[c]"
"Leaver Dept.","2023","Other ethnicity","Counter Fraud","HM Revenue and Customs","Outside London","[c]","[c]","[c]","[c]"
"Leaver Dept.","2023","Other ethnicity","Debt","Department for Work and Pensions","Outside London","[c]","[c]","[c]","[c]"
"Leaver Dept.","2023","Other ethnicity","Debt","HM Revenue and Customs","London","[c]","[c]","[c]","[c]"
"Leaver Dept.","2023","Other ethnicity","Debt","HM Revenue and Customs","Outside London","[c]","[c]","[c]","[c]"
"Leaver Dept.","2023","Other ethnicity","Digital, Data & Technology","Attorney General's Departments","London","[c]","[c]","[c]","[c]"
"Leaver Dept.","2023","Other ethnicity","Digital, Data & Technology","Attorney General's Departments","Outside London","[c]","[c]","[c]","[c]"
"Leaver Dept.","2023","Other ethnicity","Digital, Data & Technology","Cabinet Office","London","[c]","[c]","[c]","[c]"
"Leaver Dept.","2023","Other ethnicity","Digital, Data & Technology","Cabinet Office","Outside London","[c]","[c]","[c]","[c]"
"Leaver Dept.","2023","Other ethnicity","Digital, Data & Technology","Cabinet Office","Unknown","[c]","[c]","[c]","[c]"
"Leaver Dept.","2023","Other ethnicity","Digital, Data & Technology","Charity Commission","Outside London","[c]","[c]","[c]","[c]"
"Leaver Dept.","2023","Other ethnicity","Digital, Data & Technology","Competition and Markets Authority","London","[c]","[c]","[c]","[c]"
"Leaver Dept.","2023","Other ethnicity","Digital, Data & Technology","Department for Business, Energy and Industrial Strategy","London","[c]","[c]","[c]","[c]"
"Leaver Dept.","2023","Other ethnicity","Digital, Data & Technology","Department for Business, Energy and Industrial Strategy","Outside London","[c]","[c]","[c]","[c]"
"Leaver Dept.","2023","Other ethnicity","Digital, Data & Technology","Department for Digital, Culture, Media and Sport","London","[c]","[c]","[c]","[c]"
"Leaver Dept.","2023","Other ethnicity","Digital, Data & Technology","Department for Education","London","[c]","[c]","[c]","[c]"
"Leaver Dept.","2023","Other ethnicity","Digital, Data & Technology","Department for Education","Outside London","[c]","[c]","[c]","[c]"
"Leaver Dept.","2023","Other ethnicity","Digital, Data & Technology","Department for Environment, Food and Rural Affairs","London","[c]","[c]","[c]","[c]"
"Leaver Dept.","2023","Other ethnicity","Digital, Data & Technology","Department for Environment, Food and Rural Affairs","Outside London","[c]","[c]","[c]","[c]"
"Leaver Dept.","2023","Other ethnicity","Digital, Data & Technology","Department for International Trade","London","[c]","[c]","[c]","[c]"
"Leaver Dept.","2023","Other ethnicity","Digital, Data & Technology","Department for International Trade","Outside London","[c]","[c]","[c]","[c]"
"Leaver Dept.","2023","Other ethnicity","Digital, Data & Technology","Department for Levelling Up, Housing and Communities","London","[c]","[c]","[c]","[c]"
"Leaver Dept.","2023","Other ethnicity","Digital, Data & Technology","Department for Levelling Up, Housing and Communities","Outside London","[c]","[c]","[c]","[c]"
"Leaver Dept.","2023","Other ethnicity","Digital, Data & Technology","Department for Transport","Outside London","[c]","[c]","[c]","[c]"
"Leaver Dept.","2023","Other ethnicity","Digital, Data & Technology","Department for Work and Pensions","London","[c]","[c]","[c]","[c]"
"Leaver Dept.","2023","Other ethnicity","Digital, Data & Technology","Department for Work and Pensions","Outside London","[c]","[c]","[c]","[c]"
"Leaver Dept.","2023","Other ethnicity","Digital, Data & Technology","Department for Work and Pensions","Unknown","[c]","[c]","[c]","[c]"
"Leaver Dept.","2023","Other ethnicity","Digital, Data & Technology","Department of Health and Social Care","London","[c]","[c]","[c]","[c]"
"Leaver Dept.","2023","Other ethnicity","Digital, Data & Technology","Department of Health and Social Care","Outside London","[c]","[c]","[c]","[c]"
"Leaver Dept.","2023","Other ethnicity","Digital, Data & Technology","Food Standards Agency","Outside London","[c]","[c]","[c]","[c]"
"Leaver Dept.","2023","Other ethnicity","Digital, Data & Technology","HM Revenue and Customs","London","[c]","[c]","[c]","[c]"
"Leaver Dept.","2023","Other ethnicity","Digital, Data & Technology","HM Revenue and Customs","Outside London","[c]","[c]","[c]","[c]"
"Leaver Dept.","2023","Other ethnicity","Digital, Data & Technology","HM Treasury","London","[c]","[c]","[c]","[c]"
"Leaver Dept.","2023","Other ethnicity","Digital, Data & Technology","Home Office","London","[c]","[c]","[c]","[c]"
"Leaver Dept.","2023","Other ethnicity","Digital, Data & Technology","Home Office","Outside London","[c]","[c]","[c]","[c]"
"Leaver Dept.","2023","Other ethnicity","Digital, Data & Technology","Ministry of Defence","London","[c]","[c]","[c]","[c]"
"Leaver Dept.","2023","Other ethnicity","Digital, Data & Technology","Ministry of Defence","Outside London","[c]","[c]","[c]","[c]"
"Leaver Dept.","2023","Other ethnicity","Digital, Data & Technology","Ministry of Justice","London","[c]","[c]","[c]","[c]"
"Leaver Dept.","2023","Other ethnicity","Digital, Data & Technology","Ministry of Justice","Outside London","[c]","[c]","[c]","[c]"
"Leaver Dept.","2023","Other ethnicity","Digital, Data & Technology","Ministry of Justice","Unknown","[c]","[c]","[c]","[c]"
"Leaver Dept.","2023","Other ethnicity","Digital, Data & Technology","National Crime Agency","London","[c]","[c]","[c]","[c]"
"Leaver Dept.","2023","Other ethnicity","Digital, Data & Technology","National Crime Agency","Outside London","[c]","[c]","[c]","[c]"
"Leaver Dept.","2023","Other ethnicity","Digital, Data & Technology","Northern Ireland Office","London","[c]","[c]","[c]","[c]"
"Leaver Dept.","2023","Other ethnicity","Digital, Data & Technology","Office for Standards in Education, Children's Services and Skills","London","[c]","[c]","[c]","[c]"
"Leaver Dept.","2023","Other ethnicity","Digital, Data & Technology","Office for Standards in Education, Children's Services and Skills","Outside London","[c]","[c]","[c]","[c]"
"Leaver Dept.","2023","Other ethnicity","Digital, Data & Technology","Office of Gas and Electricity Markets","London","[c]","[c]","[c]","[c]"
"Leaver Dept.","2023","Other ethnicity","Digital, Data & Technology","Office of Gas and Electricity Markets","Outside London","[c]","[c]","[c]","[c]"
"Leaver Dept.","2023","Other ethnicity","Digital, Data & Technology","Office of Qualifications and Examinations Regulation","Outside London","[c]","[c]","[c]","[c]"
"Leaver Dept.","2023","Other ethnicity","Digital, Data & Technology","Scottish Government","Outside London","[c]","[c]","[c]","[c]"
"Leaver Dept.","2023","Other ethnicity","Digital, Data & Technology","The National Archives","London","[c]","[c]","[c]","[c]"
"Leaver Dept.","2023","Other ethnicity","Digital, Data & Technology","UK Statistics Authority","London","[c]","[c]","[c]","[c]"
"Leaver Dept.","2023","Other ethnicity","Digital, Data & Technology","UK Statistics Authority","Outside London","[c]","[c]","[c]","[c]"
"Leaver Dept.","2023","Other ethnicity","Digital, Data & Technology","Water Services Regulation Authority","Outside London","[c]","[c]","[c]","[c]"
"Leaver Dept.","2023","Other ethnicity","Finance","Attorney General's Departments","London","[c]","[c]","[c]","[c]"
"Leaver Dept.","2023","Other ethnicity","Finance","Attorney General's Departments","Outside London","[c]","[c]","[c]","[c]"
"Leaver Dept.","2023","Other ethnicity","Finance","Cabinet Office","London","[c]","[c]","[c]","[c]"
"Leaver Dept.","2023","Other ethnicity","Finance","Cabinet Office","Outside London","[c]","[c]","[c]","[c]"
"Leaver Dept.","2023","Other ethnicity","Finance","Cabinet Office","Unknown","[c]","[c]","[c]","[c]"
"Leaver Dept.","2023","Other ethnicity","Finance","Competition and Markets Authority","London","[c]","[c]","[c]","[c]"
"Leaver Dept.","2023","Other ethnicity","Finance","Department for Business, Energy and Industrial Strategy","London","[c]","[c]","[c]","[c]"
"Leaver Dept.","2023","Other ethnicity","Finance","Department for Business, Energy and Industrial Strategy","Outside London","[c]","[c]","[c]","[c]"
"Leaver Dept.","2023","Other ethnicity","Finance","Department for Digital, Culture, Media and Sport","London","[c]","[c]","[c]","[c]"
"Leaver Dept.","2023","Other ethnicity","Finance","Department for Education","London","[c]","[c]","[c]","[c]"
"Leaver Dept.","2023","Other ethnicity","Finance","Department for Education","Outside London","[c]","[c]","[c]","[c]"
"Leaver Dept.","2023","Other ethnicity","Finance","Department for Environment, Food and Rural Affairs","London","[c]","[c]","[c]","[c]"
"Leaver Dept.","2023","Other ethnicity","Finance","Department for Environment, Food and Rural Affairs","Outside London","[c]","[c]","[c]","[c]"
"Leaver Dept.","2023","Other ethnicity","Finance","Department for International Trade","London","[c]","[c]","[c]","[c]"
"Leaver Dept.","2023","Other ethnicity","Finance","Department for Levelling Up, Housing and Communities","London","[c]","[c]","[c]","[c]"
"Leaver Dept.","2023","Other ethnicity","Finance","Department for Levelling Up, Housing and Communities","Outside London","[c]","[c]","[c]","[c]"
"Leaver Dept.","2023","Other ethnicity","Finance","Department for Transport","London","[c]","[c]","[c]","[c]"
"Leaver Dept.","2023","Other ethnicity","Finance","Department for Transport","Outside London","[c]","[c]","[c]","[c]"
"Leaver Dept.","2023","Other ethnicity","Finance","Department for Work and Pensions","London","[c]","[c]","[c]","[c]"
"Leaver Dept.","2023","Other ethnicity","Finance","Department for Work and Pensions","Outside London","[c]","[c]","[c]","[c]"
"Leaver Dept.","2023","Other ethnicity","Finance","Department for Work and Pensions","Unknown","[c]","[c]","[c]","[c]"
"Leaver Dept.","2023","Other ethnicity","Finance","Department of Health and Social Care","London","[c]","[c]","[c]","[c]"
"Leaver Dept.","2023","Other ethnicity","Finance","Food Standards Agency","London","[c]","[c]","[c]","[c]"
"Leaver Dept.","2023","Other ethnicity","Finance","Food Standards Agency","Outside London","[c]","[c]","[c]","[c]"
"Leaver Dept.","2023","Other ethnicity","Finance","Foreign, Commonwealth and Development Office","Outside London","[c]","[c]","[c]","[c]"
"Leaver Dept.","2023","Other ethnicity","Finance","HM Revenue and Customs","London","[c]","[c]","[c]","[c]"
"Leaver Dept.","2023","Other ethnicity","Finance","HM Revenue and Customs","Outside London","[c]","[c]","[c]","[c]"
"Leaver Dept.","2023","Other ethnicity","Finance","HM Treasury","London","[c]","[c]","[c]","[c]"
"Leaver Dept.","2023","Other ethnicity","Finance","HM Treasury","Outside London","[c]","[c]","[c]","[c]"
"Leaver Dept.","2023","Other ethnicity","Finance","Home Office","London","[c]","[c]","[c]","[c]"
"Leaver Dept.","2023","Other ethnicity","Finance","Home Office","Outside London","[c]","[c]","[c]","[c]"
"Leaver Dept.","2023","Other ethnicity","Finance","Ministry of Defence","London","[c]","[c]","[c]","[c]"
"Leaver Dept.","2023","Other ethnicity","Finance","Ministry of Defence","Outside London","[c]","[c]","[c]","[c]"
"Leaver Dept.","2023","Other ethnicity","Finance","Ministry of Defence","Overseas","[c]","[c]","[c]","[c]"
"Leaver Dept.","2023","Other ethnicity","Finance","Ministry of Justice","London","[c]","[c]","[c]","[c]"
"Leaver Dept.","2023","Other ethnicity","Finance","Ministry of Justice","Outside London","[c]","[c]","[c]","[c]"
"Leaver Dept.","2023","Other ethnicity","Finance","National Crime Agency","Outside London","[c]","[c]","[c]","[c]"
"Leaver Dept.","2023","Other ethnicity","Finance","Northern Ireland Office","London","[c]","[c]","[c]","[c]"
"Leaver Dept.","2023","Other ethnicity","Finance","Northern Ireland Office","Outside London","[c]","[c]","[c]","[c]"
"Leaver Dept.","2023","Other ethnicity","Finance","Office for Standards in Education, Children's Services and Skills","Outside London","[c]","[c]","[c]","[c]"
"Leaver Dept.","2023","Other ethnicity","Finance","Office of Gas and Electricity Markets","London","[c]","[c]","[c]","[c]"
"Leaver Dept.","2023","Other ethnicity","Finance","Office of Gas and Electricity Markets","Outside London","[c]","[c]","[c]","[c]"
"Leaver Dept.","2023","Other ethnicity","Finance","Office of Qualifications and Examinations Regulation","Outside London","[c]","[c]","[c]","[c]"
"Leaver Dept.","2023","Other ethnicity","Finance","Office of Rail and Road","Outside London","[c]","[c]","[c]","[c]"
"Leaver Dept.","2023","Other ethnicity","Finance","Scottish Government","Outside London","[c]","[c]","[c]","[c]"
"Leaver Dept.","2023","Other ethnicity","Finance","UK Export Finance","London","[c]","[c]","[c]","[c]"
"Leaver Dept.","2023","Other ethnicity","Finance","UK Statistics Authority","Outside London","[c]","[c]","[c]","[c]"
"Leaver Dept.","2023","Other ethnicity","Grants Management","Department for Environment, Food and Rural Affairs","London","[c]","[c]","[c]","[c]"
"Leaver Dept.","2023","Other ethnicity","Grants Management","Department for Environment, Food and Rural Affairs","Outside London","[c]","[c]","[c]","[c]"
"Leaver Dept.","2023","Other ethnicity","Grants Management","Home Office","London","[c]","[c]","[c]","[c]"
"Leaver Dept.","2023","Other ethnicity","Human Resources","Attorney General's Departments","London","[c]","[c]","[c]","[c]"
"Leaver Dept.","2023","Other ethnicity","Human Resources","Attorney General's Departments","Outside London","[c]","[c]","[c]","[c]"
"Leaver Dept.","2023","Other ethnicity","Human Resources","Cabinet Office","London","[c]","[c]","[c]","[c]"
"Leaver Dept.","2023","Other ethnicity","Human Resources","Cabinet Office","Outside London","[c]","[c]","[c]","[c]"
"Leaver Dept.","2023","Other ethnicity","Human Resources","Cabinet Office","Unknown","[c]","[c]","[c]","[c]"
"Leaver Dept.","2023","Other ethnicity","Human Resources","Chancellor's other departments","London","[c]","[c]","[c]","[c]"
"Leaver Dept.","2023","Other ethnicity","Human Resources","Competition and Markets Authority","London","[c]","[c]","[c]","[c]"
"Leaver Dept.","2023","Other ethnicity","Human Resources","Department for Business, Energy and Industrial Strategy","London","[c]","[c]","[c]","[c]"
"Leaver Dept.","2023","Other ethnicity","Human Resources","Department for Business, Energy and Industrial Strategy","Outside London","[c]","[c]","[c]","[c]"
"Leaver Dept.","2023","Other ethnicity","Human Resources","Department for Digital, Culture, Media and Sport","London","[c]","[c]","[c]","[c]"
"Leaver Dept.","2023","Other ethnicity","Human Resources","Department for Education","London","[c]","[c]","[c]","[c]"
"Leaver Dept.","2023","Other ethnicity","Human Resources","Department for Education","Outside London","[c]","[c]","[c]","[c]"
"Leaver Dept.","2023","Other ethnicity","Human Resources","Department for Environment, Food and Rural Affairs","London","[c]","[c]","[c]","[c]"
"Leaver Dept.","2023","Other ethnicity","Human Resources","Department for Environment, Food and Rural Affairs","Outside London","[c]","[c]","[c]","[c]"
"Leaver Dept.","2023","Other ethnicity","Human Resources","Department for International Trade","London","[c]","[c]","[c]","[c]"
"Leaver Dept.","2023","Other ethnicity","Human Resources","Department for International Trade","Outside London","[c]","[c]","[c]","[c]"
"Leaver Dept.","2023","Other ethnicity","Human Resources","Department for Levelling Up, Housing and Communities","London","[c]","[c]","[c]","[c]"
"Leaver Dept.","2023","Other ethnicity","Human Resources","Department for Levelling Up, Housing and Communities","Outside London","[c]","[c]","[c]","[c]"
"Leaver Dept.","2023","Other ethnicity","Human Resources","Department for Transport","London","[c]","[c]","[c]","[c]"
"Leaver Dept.","2023","Other ethnicity","Human Resources","Department for Transport","Outside London","[c]","[c]","[c]","[c]"
"Leaver Dept.","2023","Other ethnicity","Human Resources","Department for Work and Pensions","London","[c]","[c]","[c]","[c]"
"Leaver Dept.","2023","Other ethnicity","Human Resources","Department for Work and Pensions","Outside London","[c]","[c]","[c]","[c]"
"Leaver Dept.","2023","Other ethnicity","Human Resources","Department for Work and Pensions","Unknown","[c]","[c]","[c]","[c]"
"Leaver Dept.","2023","Other ethnicity","Human Resources","Department of Health and Social Care","London","[c]","[c]","[c]","[c]"
"Leaver Dept.","2023","Other ethnicity","Human Resources","Department of Health and Social Care","Outside London","[c]","[c]","[c]","[c]"
"Leaver Dept.","2023","Other ethnicity","Human Resources","Food Standards Agency","London","[c]","[c]","[c]","[c]"
"Leaver Dept.","2023","Other ethnicity","Human Resources","HM Revenue and Customs","London","[c]","[c]","[c]","[c]"
"Leaver Dept.","2023","Other ethnicity","Human Resources","HM Revenue and Customs","Outside London","[c]","[c]","[c]","[c]"
"Leaver Dept.","2023","Other ethnicity","Human Resources","HM Treasury","London","[c]","[c]","[c]","[c]"
"Leaver Dept.","2023","Other ethnicity","Human Resources","HM Treasury","Outside London","[c]","[c]","[c]","[c]"
"Leaver Dept.","2023","Other ethnicity","Human Resources","Home Office","London","[c]","[c]","[c]","[c]"
"Leaver Dept.","2023","Other ethnicity","Human Resources","Home Office","Outside London","[c]","[c]","[c]","[c]"
"Leaver Dept.","2023","Other ethnicity","Human Resources","Ministry of Defence","London","[c]","[c]","[c]","[c]"
"Leaver Dept.","2023","Other ethnicity","Human Resources","Ministry of Defence","Outside London","[c]","[c]","[c]","[c]"
"Leaver Dept.","2023","Other ethnicity","Human Resources","Ministry of Defence","Unknown","[c]","[c]","[c]","[c]"
"Leaver Dept.","2023","Other ethnicity","Human Resources","Ministry of Justice","London","[c]","[c]","[c]","[c]"
"Leaver Dept.","2023","Other ethnicity","Human Resources","Ministry of Justice","Outside London","[c]","[c]","[c]","[c]"
"Leaver Dept.","2023","Other ethnicity","Human Resources","National Crime Agency","Outside London","[c]","[c]","[c]","[c]"
"Leaver Dept.","2023","Other ethnicity","Human Resources","Northern Ireland Office","London","[c]","[c]","[c]","[c]"
"Leaver Dept.","2023","Other ethnicity","Human Resources","Office for Standards in Education, Children's Services and Skills","London","[c]","[c]","[c]","[c]"
"Leaver Dept.","2023","Other ethnicity","Human Resources","Office for Standards in Education, Children's Services and Skills","Outside London","[c]","[c]","[c]","[c]"
"Leaver Dept.","2023","Other ethnicity","Human Resources","Office of Rail and Road","London","[c]","[c]","[c]","[c]"
"Leaver Dept.","2023","Other ethnicity","Human Resources","Office of Rail and Road","Outside London","[c]","[c]","[c]","[c]"
"Leaver Dept.","2023","Other ethnicity","Human Resources","Scottish Government","Outside London","[c]","[c]","[c]","[c]"
"Leaver Dept.","2023","Other ethnicity","Human Resources","The National Archives","London","[c]","[c]","[c]","[c]"
"Leaver Dept.","2023","Other ethnicity","Human Resources","UK Export Finance","London","[c]","[c]","[c]","[c]"
"Leaver Dept.","2023","Other ethnicity","Human Resources","UK Statistics Authority","London","[c]","[c]","[c]","[c]"
"Leaver Dept.","2023","Other ethnicity","Human Resources","UK Statistics Authority","Outside London","[c]","[c]","[c]","[c]"
"Leaver Dept.","2023","Other ethnicity","Human Resources","Welsh Government","Outside London","[c]","[c]","[c]","[c]"
"Leaver Dept.","2023","Other ethnicity","Internal Audit","HM Revenue and Customs","London","[c]","[c]","[c]","[c]"
"Leaver Dept.","2023","Other ethnicity","Internal Audit","HM Revenue and Customs","Outside London","[c]","[c]","[c]","[c]"
"Leaver Dept.","2023","Other ethnicity","Internal Audit","HM Treasury","London","[c]","[c]","[c]","[c]"
"Leaver Dept.","2023","Other ethnicity","Internal Audit","HM Treasury","Outside London","[c]","[c]","[c]","[c]"
"Leaver Dept.","2023","Other ethnicity","Internal Audit","Ministry of Defence","Outside London","[c]","[c]","[c]","[c]"
"Leaver Dept.","2023","Other ethnicity","Internal Audit","Scottish Government","Outside London","[c]","[c]","[c]","[c]"
"Leaver Dept.","2023","Other ethnicity","Legal","Attorney General's Departments","London","[c]","[c]","[c]","[c]"
"Leaver Dept.","2023","Other ethnicity","Legal","Attorney General's Departments","Outside London","[c]","[c]","[c]","[c]"
"Leaver Dept.","2023","Other ethnicity","Legal","Cabinet Office","London","[c]","[c]","[c]","[c]"
"Leaver Dept.","2023","Other ethnicity","Legal","Competition and Markets Authority","London","[c]","[c]","[c]","[c]"
"Leaver Dept.","2023","Other ethnicity","Legal","Department for Business, Energy and Industrial Strategy","London","[c]","[c]","[c]","[c]"
"Leaver Dept.","2023","Other ethnicity","Legal","Department for Business, Energy and Industrial Strategy","Outside London","[c]","[c]","[c]","[c]"
"Leaver Dept.","2023","Other ethnicity","Legal","Department for Education","London","[c]","[c]","[c]","[c]"
"Leaver Dept.","2023","Other ethnicity","Legal","Department for Work and Pensions","Outside London","[c]","[c]","[c]","[c]"
"Leaver Dept.","2023","Other ethnicity","Legal","Food Standards Agency","Outside London","[c]","[c]","[c]","[c]"
"Leaver Dept.","2023","Other ethnicity","Legal","Foreign, Commonwealth and Development Office","Outside London","[c]","[c]","[c]","[c]"
"Leaver Dept.","2023","Other ethnicity","Legal","HM Revenue and Customs","London","[c]","[c]","[c]","[c]"
"Leaver Dept.","2023","Other ethnicity","Legal","HM Revenue and Customs","Outside London","[c]","[c]","[c]","[c]"
"Leaver Dept.","2023","Other ethnicity","Legal","Ministry of Defence","Outside London","[c]","[c]","[c]","[c]"
"Leaver Dept.","2023","Other ethnicity","Legal","Ministry of Justice","London","[c]","[c]","[c]","[c]"
"Leaver Dept.","2023","Other ethnicity","Legal","Ministry of Justice","Outside London","[c]","[c]","[c]","[c]"
"Leaver Dept.","2023","Other ethnicity","Legal","National Crime Agency","London","[c]","[c]","[c]","[c]"
"Leaver Dept.","2023","Other ethnicity","Legal","Office of Gas and Electricity Markets","London","[c]","[c]","[c]","[c]"
"Leaver Dept.","2023","Other ethnicity","Legal","Office of Gas and Electricity Markets","Outside London","[c]","[c]","[c]","[c]"
"Leaver Dept.","2023","Other ethnicity","Legal","Office of Rail and Road","London","[c]","[c]","[c]","[c]"
"Leaver Dept.","2023","Other ethnicity","Legal","Scottish Government","Outside London","[c]","[c]","[c]","[c]"
"Leaver Dept.","2023","Other ethnicity","Legal","UK Export Finance","London","[c]","[c]","[c]","[c]"
"Leaver Dept.","2023","Other ethnicity","Legal","UK Supreme Court","London","[c]","[c]","[c]","[c]"
"Leaver Dept.","2023","Other ethnicity","No function","Attorney General's Departments","London","[c]","[c]","[c]","[c]"
"Leaver Dept.","2023","Other ethnicity","No function","Cabinet Office","London","10","[c]","[c]","[c]"
"Leaver Dept.","2023","Other ethnicity","No function","Cabinet Office","Outside London","[c]","[c]","[c]","[c]"
"Leaver Dept.","2023","Other ethnicity","No function","Cabinet Office","Unknown","[c]","[c]","[c]","[c]"
"Leaver Dept.","2023","Other ethnicity","No function","Charity Commission","London","[c]","[c]","[c]","[c]"
"Leaver Dept.","2023","Other ethnicity","No function","Charity Commission","Outside London","[c]","[c]","[c]","[c]"
"Leaver Dept.","2023","Other ethnicity","No function","Department for Business, Energy and Industrial Strategy","London","[c]","[c]","[c]","[c]"
"Leaver Dept.","2023","Other ethnicity","No function","Department for Business, Energy and Industrial Strategy","Outside London","[c]","[c]","[c]","[c]"
"Leaver Dept.","2023","Other ethnicity","No function","Department for Digital, Culture, Media and Sport","London","[c]","[c]","[c]","[c]"
"Leaver Dept.","2023","Other ethnicity","No function","Department for Education","London","[c]","[c]","[c]","[c]"
"Leaver Dept.","2023","Other ethnicity","No function","Department for Education","Outside London","[c]","[c]","[c]","[c]"
"Leaver Dept.","2023","Other ethnicity","No function","Department for Environment, Food and Rural Affairs","London","[c]","[c]","[c]","[c]"
"Leaver Dept.","2023","Other ethnicity","No function","Department for Environment, Food and Rural Affairs","Outside London","[c]","[c]","[c]","[c]"
"Leaver Dept.","2023","Other ethnicity","No function","Department for International Trade","London","[c]","[c]","[c]","[c]"
"Leaver Dept.","2023","Other ethnicity","No function","Department for International Trade","Outside London","[c]","[c]","[c]","[c]"
"Leaver Dept.","2023","Other ethnicity","No function","Department for International Trade","Overseas","[c]","[c]","[c]","[c]"
"Leaver Dept.","2023","Other ethnicity","No function","Department for Levelling Up, Housing and Communities","London","[c]","[c]","[c]","[c]"
"Leaver Dept.","2023","Other ethnicity","No function","Department for Levelling Up, Housing and Communities","Outside London","[c]","[c]","[c]","[c]"
"Leaver Dept.","2023","Other ethnicity","No function","Department for Transport","London","[c]","[c]","[c]","[c]"
"Leaver Dept.","2023","Other ethnicity","No function","Department for Transport","Outside London","[c]","[c]","[c]","[c]"
"Leaver Dept.","2023","Other ethnicity","No function","Department for Work and Pensions","London","10","[c]","[c]","[c]"
"Leaver Dept.","2023","Other ethnicity","No function","Department for Work and Pensions","Outside London","5","[c]","[c]","[c]"
"Leaver Dept.","2023","Other ethnicity","No function","Department for Work and Pensions","Unknown","[c]","[c]","[c]","[c]"
"Leaver Dept.","2023","Other ethnicity","No function","Department of Health and Social Care","London","[c]","[c]","[c]","[c]"
"Leaver Dept.","2023","Other ethnicity","No function","Department of Health and Social Care","Outside London","[c]","[c]","[c]","[c]"
"Leaver Dept.","2023","Other ethnicity","No function","Department of Health and Social Care","Unknown","[c]","[c]","[c]","[c]"
"Leaver Dept.","2023","Other ethnicity","No function","Food Standards Agency","London","[c]","[c]","[c]","[c]"
"Leaver Dept.","2023","Other ethnicity","No function","Food Standards Agency","Outside London","[c]","[c]","[c]","[c]"
"Leaver Dept.","2023","Other ethnicity","No function","HM Revenue and Customs","London","[c]","[c]","[c]","[c]"
"Leaver Dept.","2023","Other ethnicity","No function","HM Revenue and Customs","Outside London","[c]","[c]","[c]","[c]"
"Leaver Dept.","2023","Other ethnicity","No function","HM Treasury","London","10","[c]","[c]","[c]"
"Leaver Dept.","2023","Other ethnicity","No function","HM Treasury","Outside London","[c]","[c]","[c]","[c]"
"Leaver Dept.","2023","Other ethnicity","No function","Home Office","London","5","[c]","[c]","[c]"
"Leaver Dept.","2023","Other ethnicity","No function","Home Office","Outside London","[c]","[c]","[c]","[c]"
"Leaver Dept.","2023","Other ethnicity","No function","Home Office","Overseas","[c]","[c]","[c]","[c]"
"Leaver Dept.","2023","Other ethnicity","No function","Home Office","Unknown","[c]","[c]","[c]","[c]"
"Leaver Dept.","2023","Other ethnicity","No function","Ministry of Defence","London","[c]","[c]","[c]","[c]"
"Leaver Dept.","2023","Other ethnicity","No function","Ministry of Defence","Outside London","[c]","[c]","[c]","[c]"
"Leaver Dept.","2023","Other ethnicity","No function","Ministry of Defence","Overseas","[c]","[c]","[c]","[c]"
"Leaver Dept.","2023","Other ethnicity","No function","Ministry of Justice","London","10","[c]","[c]","[c]"
"Leaver Dept.","2023","Other ethnicity","No function","Ministry of Justice","Outside London","5","[c]","[c]","[c]"
"Leaver Dept.","2023","Other ethnicity","No function","Ministry of Justice","Unknown","[c]","[c]","[c]","[c]"
"Leaver Dept.","2023","Other ethnicity","No function","National Crime Agency","London","[c]","[c]","[c]","[c]"
"Leaver Dept.","2023","Other ethnicity","No function","National Crime Agency","Outside London","[c]","[c]","[c]","[c]"
"Leaver Dept.","2023","Other ethnicity","No function","National Crime Agency","Overseas","[c]","[c]","[c]","[c]"
"Leaver Dept.","2023","Other ethnicity","No function","National Crime Agency","Unknown","[c]","[c]","[c]","[c]"
"Leaver Dept.","2023","Other ethnicity","No function","Office for Standards in Education, Children's Services and Skills","London","[c]","[c]","[c]","[c]"
"Leaver Dept.","2023","Other ethnicity","No function","Office for Standards in Education, Children's Services and Skills","Outside London","[c]","[c]","[c]","[c]"
"Leaver Dept.","2023","Other ethnicity","No function","Office of Gas and Electricity Markets","London","[c]","[c]","[c]","[c]"
"Leaver Dept.","2023","Other ethnicity","No function","Office of Gas and Electricity Markets","Outside London","[c]","[c]","[c]","[c]"
"Leaver Dept.","2023","Other ethnicity","No function","Office of Qualifications and Examinations Regulation","Outside London","[c]","[c]","[c]","[c]"
"Leaver Dept.","2023","Other ethnicity","No function","Office of Rail and Road","London","[c]","[c]","[c]","[c]"
"Leaver Dept.","2023","Other ethnicity","No function","Office of Rail and Road","Outside London","[c]","[c]","[c]","[c]"
"Leaver Dept.","2023","Other ethnicity","No function","Office of the Secretary of State for Wales","London","[c]","[c]","[c]","[c]"
"Leaver Dept.","2023","Other ethnicity","No function","Office of the Secretary of State for Wales","Outside London","[c]","[c]","[c]","[c]"
"Leaver Dept.","2023","Other ethnicity","No function","Scottish Government","Outside London","[c]","[c]","[c]","[c]"
"Leaver Dept.","2023","Other ethnicity","No function","The National Archives","London","[c]","[c]","[c]","[c]"
"Leaver Dept.","2023","Other ethnicity","No function","UK Statistics Authority","London","[c]","[c]","[c]","[c]"
"Leaver Dept.","2023","Other ethnicity","No function","UK Statistics Authority","Outside London","[c]","[c]","[c]","[c]"
"Leaver Dept.","2023","Other ethnicity","No function","Water Services Regulation Authority","Outside London","[c]","[c]","[c]","[c]"
"Leaver Dept.","2023","Other ethnicity","No function","Welsh Government","Outside London","[c]","[c]","[c]","[c]"
"Leaver Dept.","2023","Other ethnicity","Project Delivery","Attorney General's Departments","London","[c]","[c]","[c]","[c]"
"Leaver Dept.","2023","Other ethnicity","Project Delivery","Cabinet Office","London","[c]","[c]","[c]","[c]"
"Leaver Dept.","2023","Other ethnicity","Project Delivery","Cabinet Office","Outside London","[c]","[c]","[c]","[c]"
"Leaver Dept.","2023","Other ethnicity","Project Delivery","Cabinet Office","Unknown","[c]","[c]","[c]","[c]"
"Leaver Dept.","2023","Other ethnicity","Project Delivery","Chancellor's other departments","London","[c]","[c]","[c]","[c]"
"Leaver Dept.","2023","Other ethnicity","Project Delivery","Competition and Markets Authority","London","[c]","[c]","[c]","[c]"
"Leaver Dept.","2023","Other ethnicity","Project Delivery","Competition and Markets Authority","Outside London","[c]","[c]","[c]","[c]"
"Leaver Dept.","2023","Other ethnicity","Project Delivery","Department for Business, Energy and Industrial Strategy","London","[c]","[c]","[c]","[c]"
"Leaver Dept.","2023","Other ethnicity","Project Delivery","Department for Business, Energy and Industrial Strategy","Outside London","[c]","[c]","[c]","[c]"
"Leaver Dept.","2023","Other ethnicity","Project Delivery","Department for Digital, Culture, Media and Sport","London","[c]","[c]","[c]","[c]"
"Leaver Dept.","2023","Other ethnicity","Project Delivery","Department for Education","London","[c]","[c]","[c]","[c]"
"Leaver Dept.","2023","Other ethnicity","Project Delivery","Department for Education","Outside London","[c]","[c]","[c]","[c]"
"Leaver Dept.","2023","Other ethnicity","Project Delivery","Department for Environment, Food and Rural Affairs","Outside London","[c]","[c]","[c]","[c]"
"Leaver Dept.","2023","Other ethnicity","Project Delivery","Department for International Trade","London","[c]","[c]","[c]","[c]"
"Leaver Dept.","2023","Other ethnicity","Project Delivery","Department for International Trade","Outside London","[c]","[c]","[c]","[c]"
"Leaver Dept.","2023","Other ethnicity","Project Delivery","Department for Levelling Up, Housing and Communities","London","[c]","[c]","[c]","[c]"
"Leaver Dept.","2023","Other ethnicity","Project Delivery","Department for Levelling Up, Housing and Communities","Outside London","[c]","[c]","[c]","[c]"
"Leaver Dept.","2023","Other ethnicity","Project Delivery","Department for Transport","Outside London","[c]","[c]","[c]","[c]"
"Leaver Dept.","2023","Other ethnicity","Project Delivery","Department for Work and Pensions","London","[c]","[c]","[c]","[c]"
"Leaver Dept.","2023","Other ethnicity","Project Delivery","Department for Work and Pensions","Outside London","[c]","[c]","[c]","[c]"
"Leaver Dept.","2023","Other ethnicity","Project Delivery","Department for Work and Pensions","Unknown","[c]","[c]","[c]","[c]"
"Leaver Dept.","2023","Other ethnicity","Project Delivery","Department of Health and Social Care","London","[c]","[c]","[c]","[c]"
"Leaver Dept.","2023","Other ethnicity","Project Delivery","Department of Health and Social Care","Outside London","[c]","[c]","[c]","[c]"
"Leaver Dept.","2023","Other ethnicity","Project Delivery","Estyn","Outside London","[c]","[c]","[c]","[c]"
"Leaver Dept.","2023","Other ethnicity","Project Delivery","Food Standards Agency","Outside London","[c]","[c]","[c]","[c]"
"Leaver Dept.","2023","Other ethnicity","Project Delivery","Foreign, Commonwealth and Development Office","Outside London","[c]","[c]","[c]","[c]"
"Leaver Dept.","2023","Other ethnicity","Project Delivery","HM Revenue and Customs","London","[c]","[c]","[c]","[c]"
"Leaver Dept.","2023","Other ethnicity","Project Delivery","HM Revenue and Customs","Outside London","[c]","[c]","[c]","[c]"
"Leaver Dept.","2023","Other ethnicity","Project Delivery","HM Treasury","London","[c]","[c]","[c]","[c]"
"Leaver Dept.","2023","Other ethnicity","Project Delivery","HM Treasury","Outside London","[c]","[c]","[c]","[c]"
"Leaver Dept.","2023","Other ethnicity","Project Delivery","Home Office","London","[c]","[c]","[c]","[c]"
"Leaver Dept.","2023","Other ethnicity","Project Delivery","Home Office","Outside London","[c]","[c]","[c]","[c]"
"Leaver Dept.","2023","Other ethnicity","Project Delivery","Ministry of Defence","London","[c]","[c]","[c]","[c]"
"Leaver Dept.","2023","Other ethnicity","Project Delivery","Ministry of Defence","Outside London","[c]","[c]","[c]","[c]"
"Leaver Dept.","2023","Other ethnicity","Project Delivery","Ministry of Defence","Overseas","[c]","[c]","[c]","[c]"
"Leaver Dept.","2023","Other ethnicity","Project Delivery","Ministry of Justice","London","[c]","[c]","[c]","[c]"
"Leaver Dept.","2023","Other ethnicity","Project Delivery","Ministry of Justice","Outside London","[c]","[c]","[c]","[c]"
"Leaver Dept.","2023","Other ethnicity","Project Delivery","National Crime Agency","London","[c]","[c]","[c]","[c]"
"Leaver Dept.","2023","Other ethnicity","Project Delivery","National Crime Agency","Outside London","[c]","[c]","[c]","[c]"
"Leaver Dept.","2023","Other ethnicity","Project Delivery","Office of Gas and Electricity Markets","London","[c]","[c]","[c]","[c]"
"Leaver Dept.","2023","Other ethnicity","Project Delivery","Office of Gas and Electricity Markets","Outside London","[c]","[c]","[c]","[c]"
"Leaver Dept.","2023","Other ethnicity","Project Delivery","Scottish Government","Outside London","[c]","[c]","[c]","[c]"
"Leaver Dept.","2023","Other ethnicity","Project Delivery","UK Export Finance","London","[c]","[c]","[c]","[c]"
"Leaver Dept.","2023","Other ethnicity","Project Delivery","UK Statistics Authority","Outside London","[c]","[c]","[c]","[c]"
"Leaver Dept.","2023","Other ethnicity","Project Delivery","Welsh Government","Outside London","[c]","[c]","[c]","[c]"
"Leaver Dept.","2023","Other ethnicity","Property","Cabinet Office","London","[c]","[c]","[c]","[c]"
"Leaver Dept.","2023","Other ethnicity","Property","Cabinet Office","Outside London","[c]","[c]","[c]","[c]"
"Leaver Dept.","2023","Other ethnicity","Property","Cabinet Office","Unknown","[c]","[c]","[c]","[c]"
"Leaver Dept.","2023","Other ethnicity","Property","Department for Business, Energy and Industrial Strategy","London","[c]","[c]","[c]","[c]"
"Leaver Dept.","2023","Other ethnicity","Property","Department for Digital, Culture, Media and Sport","London","[c]","[c]","[c]","[c]"
"Leaver Dept.","2023","Other ethnicity","Property","Department for Education","Outside London","[c]","[c]","[c]","[c]"
"Leaver Dept.","2023","Other ethnicity","Property","Department for Environment, Food and Rural Affairs","London","[c]","[c]","[c]","[c]"
"Leaver Dept.","2023","Other ethnicity","Property","Department for Environment, Food and Rural Affairs","Outside London","[c]","[c]","[c]","[c]"
"Leaver Dept.","2023","Other ethnicity","Property","Department for Transport","Outside London","[c]","[c]","[c]","[c]"
"Leaver Dept.","2023","Other ethnicity","Property","Department for Work and Pensions","London","[c]","[c]","[c]","[c]"
"Leaver Dept.","2023","Other ethnicity","Property","Department for Work and Pensions","Outside London","[c]","[c]","[c]","[c]"
"Leaver Dept.","2023","Other ethnicity","Property","Department of Health and Social Care","London","[c]","[c]","[c]","[c]"
"Leaver Dept.","2023","Other ethnicity","Property","Department of Health and Social Care","Outside London","[c]","[c]","[c]","[c]"
"Leaver Dept.","2023","Other ethnicity","Property","Food Standards Agency","Outside London","[c]","[c]","[c]","[c]"
"Leaver Dept.","2023","Other ethnicity","Property","HM Revenue and Customs","London","[c]","[c]","[c]","[c]"
"Leaver Dept.","2023","Other ethnicity","Property","HM Revenue and Customs","Outside London","[c]","[c]","[c]","[c]"
"Leaver Dept.","2023","Other ethnicity","Property","Ministry of Defence","London","[c]","[c]","[c]","[c]"
"Leaver Dept.","2023","Other ethnicity","Property","Ministry of Defence","Outside London","[c]","[c]","[c]","[c]"
"Leaver Dept.","2023","Other ethnicity","Property","Ministry of Justice","London","[c]","[c]","[c]","[c]"
"Leaver Dept.","2023","Other ethnicity","Property","Ministry of Justice","Outside London","[c]","[c]","[c]","[c]"
"Leaver Dept.","2023","Other ethnicity","Property","Office for Standards in Education, Children's Services and Skills","Outside London","[c]","[c]","[c]","[c]"
"Leaver Dept.","2023","Other ethnicity","Property","Office of Gas and Electricity Markets","London","[c]","[c]","[c]","[c]"
"Leaver Dept.","2023","Other ethnicity","Property","UK Statistics Authority","Outside London","[c]","[c]","[c]","[c]"
"Leaver Dept.","2023","Other ethnicity","Security","Attorney General's Departments","London","[c]","[c]","[c]","[c]"
"Leaver Dept.","2023","Other ethnicity","Security","Attorney General's Departments","Outside London","[c]","[c]","[c]","[c]"
"Leaver Dept.","2023","Other ethnicity","Security","Cabinet Office","London","[c]","[c]","[c]","[c]"
"Leaver Dept.","2023","Other ethnicity","Security","Cabinet Office","Outside London","[c]","[c]","[c]","[c]"
"Leaver Dept.","2023","Other ethnicity","Security","Cabinet Office","Unknown","[c]","[c]","[c]","[c]"
"Leaver Dept.","2023","Other ethnicity","Security","Chancellor's other departments","London","[c]","[c]","[c]","[c]"
"Leaver Dept.","2023","Other ethnicity","Security","Department for Business, Energy and Industrial Strategy","London","[c]","[c]","[c]","[c]"
"Leaver Dept.","2023","Other ethnicity","Security","Department for Business, Energy and Industrial Strategy","Outside London","[c]","[c]","[c]","[c]"
"Leaver Dept.","2023","Other ethnicity","Security","Department for Education","London","[c]","[c]","[c]","[c]"
"Leaver Dept.","2023","Other ethnicity","Security","Department for Education","Outside London","[c]","[c]","[c]","[c]"
"Leaver Dept.","2023","Other ethnicity","Security","Department for International Trade","London","[c]","[c]","[c]","[c]"
"Leaver Dept.","2023","Other ethnicity","Security","Department for Transport","Outside London","[c]","[c]","[c]","[c]"
"Leaver Dept.","2023","Other ethnicity","Security","Foreign, Commonwealth and Development Office","Overseas","[c]","[c]","[c]","[c]"
"Leaver Dept.","2023","Other ethnicity","Security","HM Revenue and Customs","London","[c]","[c]","[c]","[c]"
"Leaver Dept.","2023","Other ethnicity","Security","HM Revenue and Customs","Outside London","[c]","[c]","[c]","[c]"
"Leaver Dept.","2023","Other ethnicity","Security","Home Office","London","[c]","[c]","[c]","[c]"
"Leaver Dept.","2023","Other ethnicity","Security","Home Office","Outside London","[c]","[c]","[c]","[c]"
"Leaver Dept.","2023","Other ethnicity","Security","Ministry of Defence","London","[c]","[c]","[c]","[c]"
"Leaver Dept.","2023","Other ethnicity","Security","Ministry of Defence","Outside London","[c]","[c]","[c]","[c]"
"Leaver Dept.","2023","Other ethnicity","Security","Ministry of Defence","Overseas","[c]","[c]","[c]","[c]"
"Leaver Dept.","2023","Other ethnicity","Security","Ministry of Justice","London","[c]","[c]","[c]","[c]"
"Leaver Dept.","2023","Other ethnicity","Security","Ministry of Justice","Outside London","[c]","[c]","[c]","[c]"
"Leaver Dept.","2023","Other ethnicity","Security","National Crime Agency","London","[c]","[c]","[c]","[c]"
"Leaver Dept.","2023","Other ethnicity","Security","Northern Ireland Office","London","[c]","[c]","[c]","[c]"
"Leaver Dept.","2023","Other ethnicity","Security","UK Statistics Authority","Outside London","[c]","[c]","[c]","[c]"
"Leaver Dept.","2023","Other ethnicity","Unknown","Attorney General's Departments","London","[c]","[c]","[c]","[c]"
"Leaver Dept.","2023","Other ethnicity","Unknown","Attorney General's Departments","Outside London","[c]","[c]","[c]","[c]"
"Leaver Dept.","2023","Other ethnicity","Unknown","Cabinet Office","London","[c]","[c]","[c]","[c]"
"Leaver Dept.","2023","Other ethnicity","Unknown","Cabinet Office","Outside London","[c]","[c]","[c]","[c]"
"Leaver Dept.","2023","Other ethnicity","Unknown","Cabinet Office","Unknown","[c]","[c]","[c]","[c]"
"Leaver Dept.","2023","Other ethnicity","Unknown","Department for Business, Energy and Industrial Strategy","London","[c]","[c]","[c]","[c]"
"Leaver Dept.","2023","Other ethnicity","Unknown","Department for Business, Energy and Industrial Strategy","Outside London","[c]","[c]","[c]","[c]"
"Leaver Dept.","2023","Other ethnicity","Unknown","Department for Education","London","[c]","[c]","[c]","[c]"
"Leaver Dept.","2023","Other ethnicity","Unknown","Department for Education","Outside London","[c]","[c]","[c]","[c]"
"Leaver Dept.","2023","Other ethnicity","Unknown","Department for Environment, Food and Rural Affairs","Outside London","[c]","[c]","[c]","[c]"
"Leaver Dept.","2023","Other ethnicity","Unknown","Department for International Trade","London","[c]","[c]","[c]","[c]"
"Leaver Dept.","2023","Other ethnicity","Unknown","Department for Work and Pensions","London","[c]","[c]","[c]","[c]"
"Leaver Dept.","2023","Other ethnicity","Unknown","Department for Work and Pensions","Outside London","[c]","[c]","[c]","[c]"
"Leaver Dept.","2023","Other ethnicity","Unknown","Department for Work and Pensions","Unknown","[c]","[c]","[c]","[c]"
"Leaver Dept.","2023","Other ethnicity","Unknown","Department of Health and Social Care","London","[c]","[c]","[c]","[c]"
"Leaver Dept.","2023","Other ethnicity","Unknown","Department of Health and Social Care","Outside London","[c]","[c]","[c]","[c]"
"Leaver Dept.","2023","Other ethnicity","Unknown","Department of Health and Social Care","Unknown","[c]","[c]","[c]","[c]"
"Leaver Dept.","2023","Other ethnicity","Unknown","Foreign, Commonwealth and Development Office","London","[c]","[c]","[c]","[c]"
"Leaver Dept.","2023","Other ethnicity","Unknown","Foreign, Commonwealth and Development Office","Outside London","[c]","[c]","[c]","[c]"
"Leaver Dept.","2023","Other ethnicity","Unknown","Foreign, Commonwealth and Development Office","Overseas","[c]","[c]","[c]","[c]"
"Leaver Dept.","2023","Other ethnicity","Unknown","Ministry of Defence","Outside London","[c]","[c]","[c]","[c]"
"Leaver Dept.","2023","Other ethnicity","Unknown","Ministry of Defence","Unknown","[c]","[c]","[c]","[c]"
"Leaver Dept.","2023","Other ethnicity","Unknown","Northern Ireland Office","London","[c]","[c]","[c]","[c]"
"Leaver Dept.","2023","Other ethnicity","Unknown","Northern Ireland Office","Outside London","[c]","[c]","[c]","[c]"
"Leaver Dept.","2023","Other ethnicity","Unknown","Office of Gas and Electricity Markets","London","[c]","[c]","[c]","[c]"
"Leaver Dept.","2023","Other ethnicity","Unknown","Office of Gas and Electricity Markets","Outside London","[c]","[c]","[c]","[c]"
"Leaver Dept.","2023","Other ethnicity","Unknown","Office of the Secretary of State for Scotland","London","[c]","[c]","[c]","[c]"
"Leaver Dept.","2023","Other ethnicity","Unknown","Office of the Secretary of State for Scotland","Outside London","[c]","[c]","[c]","[c]"
"Leaver Dept.","2023","Other ethnicity","Unknown","Scottish Government","Outside London","[c]","[c]","[c]","[c]"
"Leaver Dept.","2023","Other ethnicity","Unknown","Scottish Government","Overseas","[c]","[c]","[c]","[c]"
"Leaver Dept.","2023","Other ethnicity","Unknown","Welsh Government","Outside London","[c]","[c]","[c]","[c]"
"Leaver Dept.","2023","Undeclared","Analysis","Department for Digital, Culture, Media and Sport","London","[c]","[c]","[c]","[c]"
"Leaver Dept.","2023","Undeclared","Analysis","Department for Levelling Up, Housing and Communities","London","[c]","[c]","[c]","[c]"
"Leaver Dept.","2023","Undeclared","Analysis","HM Treasury","London","[c]","[c]","[c]","[c]"
"Leaver Dept.","2023","Undeclared","Analysis","Ministry of Defence","London","[c]","[c]","[c]","[c]"
"Leaver Dept.","2023","Undeclared","Analysis","Ministry of Defence","Outside London","[c]","[c]","[c]","[c]"
"Leaver Dept.","2023","Undeclared","Analysis","Ministry of Justice","Outside London","[c]","[c]","[c]","[c]"
"Leaver Dept.","2023","Undeclared","Analysis","UK Export Finance","London","[c]","[c]","[c]","[c]"
"Leaver Dept.","2023","Undeclared","Analysis","UK Statistics Authority","London","[c]","[c]","[c]","[c]"
"Leaver Dept.","2023","Undeclared","Analysis","UK Statistics Authority","Outside London","[c]","[c]","[c]","[c]"
"Leaver Dept.","2023","Undeclared","Commercial","Cabinet Office","London","[c]","[c]","[c]","[c]"
"Leaver Dept.","2023","Undeclared","Commercial","Department for Education","Outside London","[c]","[c]","[c]","[c]"
"Leaver Dept.","2023","Undeclared","Commercial","Department for Transport","Outside London","[c]","[c]","[c]","[c]"
"Leaver Dept.","2023","Undeclared","Commercial","Ministry of Defence","Outside London","[c]","[c]","[c]","[c]"
"Leaver Dept.","2023","Undeclared","Commercial","Ministry of Justice","Outside London","[c]","[c]","[c]","[c]"
"Leaver Dept.","2023","Undeclared","Commercial","UK Export Finance","London","[c]","[c]","[c]","[c]"
"Leaver Dept.","2023","Undeclared","Communications","Cabinet Office","London","[c]","[c]","[c]","[c]"
"Leaver Dept.","2023","Undeclared","Communications","Cabinet Office","Outside London","[c]","[c]","[c]","[c]"
"Leaver Dept.","2023","Undeclared","Communications","Department for Business, Energy and Industrial Strategy","London","[c]","[c]","[c]","[c]"
"Leaver Dept.","2023","Undeclared","Communications","Department for Levelling Up, Housing and Communities","London","[c]","[c]","[c]","[c]"
"Leaver Dept.","2023","Undeclared","Communications","Ministry of Justice","Outside London","[c]","[c]","[c]","[c]"
"Leaver Dept.","2023","Undeclared","Communications","National Crime Agency","London","[c]","[c]","[c]","[c]"
"Leaver Dept.","2023","Undeclared","Communications","UK Supreme Court","London","[c]","[c]","[c]","[c]"
"Leaver Dept.","2023","Undeclared","Counter Fraud","Cabinet Office","London","[c]","[c]","[c]","[c]"
"Leaver Dept.","2023","Undeclared","Counter Fraud","Department for Transport","London","[c]","[c]","[c]","[c]"
"Leaver Dept.","2023","Undeclared","Counter Fraud","Department for Work and Pensions","London","[c]","[c]","[c]","[c]"
"Leaver Dept.","2023","Undeclared","Counter Fraud","Department for Work and Pensions","Outside London","[c]","[c]","[c]","[c]"
"Leaver Dept.","2023","Undeclared","Counter Fraud","HM Revenue and Customs","Outside London","[c]","[c]","[c]","[c]"
"Leaver Dept.","2023","Undeclared","Debt","Department for Work and Pensions","Outside London","[c]","[c]","[c]","[c]"
"Leaver Dept.","2023","Undeclared","Debt","HM Revenue and Customs","Outside London","[c]","[c]","[c]","[c]"
"Leaver Dept.","2023","Undeclared","Digital, Data & Technology","Cabinet Office","London","5","[c]","[c]","[c]"
"Leaver Dept.","2023","Undeclared","Digital, Data & Technology","Department for Business, Energy and Industrial Strategy","Outside London","[c]","[c]","[c]","[c]"
"Leaver Dept.","2023","Undeclared","Digital, Data & Technology","Department for Education","London","[c]","[c]","[c]","[c]"
"Leaver Dept.","2023","Undeclared","Digital, Data & Technology","Department for Education","Outside London","[c]","[c]","[c]","[c]"
"Leaver Dept.","2023","Undeclared","Digital, Data & Technology","Department for Environment, Food and Rural Affairs","London","[c]","[c]","[c]","[c]"
"Leaver Dept.","2023","Undeclared","Digital, Data & Technology","Department for Environment, Food and Rural Affairs","Outside London","[c]","[c]","[c]","[c]"
"Leaver Dept.","2023","Undeclared","Digital, Data & Technology","Department for Transport","Outside London","[c]","[c]","[c]","[c]"
"Leaver Dept.","2023","Undeclared","Digital, Data & Technology","Department for Work and Pensions","London","[c]","[c]","[c]","[c]"
"Leaver Dept.","2023","Undeclared","Digital, Data & Technology","Department for Work and Pensions","Outside London","[c]","[c]","[c]","[c]"
"Leaver Dept.","2023","Undeclared","Digital, Data & Technology","HM Revenue and Customs","Outside London","[c]","[c]","[c]","[c]"
"Leaver Dept.","2023","Undeclared","Digital, Data & Technology","Home Office","London","[c]","[c]","[c]","[c]"
"Leaver Dept.","2023","Undeclared","Digital, Data & Technology","Home Office","Outside London","[c]","[c]","[c]","[c]"
"Leaver Dept.","2023","Undeclared","Digital, Data & Technology","Ministry of Defence","Outside London","[c]","[c]","[c]","[c]"
"Leaver Dept.","2023","Undeclared","Digital, Data & Technology","UK Statistics Authority","Outside London","[c]","[c]","[c]","[c]"
"Leaver Dept.","2023","Undeclared","Digital, Data & Technology","Water Services Regulation Authority","Outside London","[c]","[c]","[c]","[c]"
"Leaver Dept.","2023","Undeclared","Finance","Cabinet Office","London","[c]","[c]","[c]","[c]"
"Leaver Dept.","2023","Undeclared","Finance","Competition and Markets Authority","London","[c]","[c]","[c]","[c]"
"Leaver Dept.","2023","Undeclared","Finance","Department for Business, Energy and Industrial Strategy","London","[c]","[c]","[c]","[c]"
"Leaver Dept.","2023","Undeclared","Finance","Department for Environment, Food and Rural Affairs","London","[c]","[c]","[c]","[c]"
"Leaver Dept.","2023","Undeclared","Finance","Department for Environment, Food and Rural Affairs","Outside London","[c]","[c]","[c]","[c]"
"Leaver Dept.","2023","Undeclared","Finance","Department for Work and Pensions","Outside London","[c]","[c]","[c]","[c]"
"Leaver Dept.","2023","Undeclared","Finance","HM Revenue and Customs","London","[c]","[c]","[c]","[c]"
"Leaver Dept.","2023","Undeclared","Finance","HM Treasury","Outside London","[c]","[c]","[c]","[c]"
"Leaver Dept.","2023","Undeclared","Finance","Home Office","Outside London","[c]","[c]","[c]","[c]"
"Leaver Dept.","2023","Undeclared","Finance","Ministry of Defence","London","[c]","[c]","[c]","[c]"
"Leaver Dept.","2023","Undeclared","Finance","Ministry of Defence","Outside London","[c]","[c]","[c]","[c]"
"Leaver Dept.","2023","Undeclared","Finance","Ministry of Justice","London","[c]","[c]","[c]","[c]"
"Leaver Dept.","2023","Undeclared","Finance","Ministry of Justice","Outside London","[c]","[c]","[c]","[c]"
"Leaver Dept.","2023","Undeclared","Grants Management","Department for Environment, Food and Rural Affairs","Outside London","[c]","[c]","[c]","[c]"
"Leaver Dept.","2023","Undeclared","Human Resources","Cabinet Office","London","[c]","[c]","[c]","[c]"
"Leaver Dept.","2023","Undeclared","Human Resources","Cabinet Office","Outside London","[c]","[c]","[c]","[c]"
"Leaver Dept.","2023","Undeclared","Human Resources","Department for Environment, Food and Rural Affairs","Outside London","[c]","[c]","[c]","[c]"
"Leaver Dept.","2023","Undeclared","Human Resources","Department for Work and Pensions","London","[c]","[c]","[c]","[c]"
"Leaver Dept.","2023","Undeclared","Human Resources","Department for Work and Pensions","Outside London","[c]","[c]","[c]","[c]"
"Leaver Dept.","2023","Undeclared","Human Resources","Home Office","London","[c]","[c]","[c]","[c]"
"Leaver Dept.","2023","Undeclared","Human Resources","Ministry of Defence","Outside London","[c]","[c]","[c]","[c]"
"Leaver Dept.","2023","Undeclared","Human Resources","Ministry of Justice","Outside London","[c]","[c]","[c]","[c]"
"Leaver Dept.","2023","Undeclared","Human Resources","National Crime Agency","Outside London","[c]","[c]","[c]","[c]"
"Leaver Dept.","2023","Undeclared","Internal Audit","Ministry of Defence","Outside London","[c]","[c]","[c]","[c]"
"Leaver Dept.","2023","Undeclared","Legal","Attorney General's Departments","London","[c]","[c]","[c]","[c]"
"Leaver Dept.","2023","Undeclared","Legal","Attorney General's Departments","Outside London","[c]","[c]","[c]","[c]"
"Leaver Dept.","2023","Undeclared","Legal","Department for Education","London","[c]","[c]","[c]","[c]"
"Leaver Dept.","2023","Undeclared","Legal","Department for Work and Pensions","Outside London","[c]","[c]","[c]","[c]"
"Leaver Dept.","2023","Undeclared","Legal","UK Supreme Court","London","[c]","[c]","[c]","[c]"
"Leaver Dept.","2023","Undeclared","No function","Cabinet Office","London","15","[c]","[c]","[c]"
"Leaver Dept.","2023","Undeclared","No function","Cabinet Office","Outside London","[c]","[c]","[c]","[c]"
"Leaver Dept.","2023","Undeclared","No function","Cabinet Office","Unknown","[c]","[c]","[c]","[c]"
"Leaver Dept.","2023","Undeclared","No function","Department for Business, Energy and Industrial Strategy","London","10","[c]","[c]","[c]"
"Leaver Dept.","2023","Undeclared","No function","Department for Business, Energy and Industrial Strategy","Outside London","[c]","[c]","[c]","[c]"
"Leaver Dept.","2023","Undeclared","No function","Department for Digital, Culture, Media and Sport","London","5","[c]","[c]","[c]"
"Leaver Dept.","2023","Undeclared","No function","Department for Education","London","[c]","[c]","[c]","[c]"
"Leaver Dept.","2023","Undeclared","No function","Department for Education","Outside London","5","[c]","[c]","[c]"
"Leaver Dept.","2023","Undeclared","No function","Department for Environment, Food and Rural Affairs","London","[c]","[c]","[c]","[c]"
"Leaver Dept.","2023","Undeclared","No function","Department for Environment, Food and Rural Affairs","Outside London","[c]","[c]","[c]","[c]"
"Leaver Dept.","2023","Undeclared","No function","Department for International Trade","London","[c]","[c]","[c]","[c]"
"Leaver Dept.","2023","Undeclared","No function","Department for International Trade","Outside London","[c]","[c]","[c]","[c]"
"Leaver Dept.","2023","Undeclared","No function","Department for Levelling Up, Housing and Communities","London","5","[c]","[c]","[c]"
"Leaver Dept.","2023","Undeclared","No function","Department for Levelling Up, Housing and Communities","Outside London","[c]","[c]","[c]","[c]"
"Leaver Dept.","2023","Undeclared","No function","Department for Transport","London","[c]","[c]","[c]","[c]"
"Leaver Dept.","2023","Undeclared","No function","Department for Transport","Outside London","20","[c]","[c]","[c]"
"Leaver Dept.","2023","Undeclared","No function","Department for Work and Pensions","London","10","[c]","[c]","[c]"
"Leaver Dept.","2023","Undeclared","No function","Department for Work and Pensions","Outside London","55","[c]","26250","27570"
"Leaver Dept.","2023","Undeclared","No function","Department of Health and Social Care","London","[c]","[c]","[c]","[c]"
"Leaver Dept.","2023","Undeclared","No function","Department of Health and Social Care","Outside London","[c]","[c]","[c]","[c]"
"Leaver Dept.","2023","Undeclared","No function","HM Revenue and Customs","London","[c]","[c]","[c]","[c]"
"Leaver Dept.","2023","Undeclared","No function","HM Revenue and Customs","Outside London","10","[c]","[c]","[c]"
"Leaver Dept.","2023","Undeclared","No function","HM Treasury","London","5","[c]","[c]","[c]"
"Leaver Dept.","2023","Undeclared","No function","Home Office","London","20","[c]","[c]","[c]"
"Leaver Dept.","2023","Undeclared","No function","Home Office","Outside London","15","[c]","[c]","[c]"
"Leaver Dept.","2023","Undeclared","No function","Ministry of Defence","London","5","[c]","[c]","[c]"
"Leaver Dept.","2023","Undeclared","No function","Ministry of Defence","Outside London","5","[c]","[c]","[c]"
"Leaver Dept.","2023","Undeclared","No function","Ministry of Justice","London","15","[c]","[c]","[c]"
"Leaver Dept.","2023","Undeclared","No function","Ministry of Justice","Outside London","30","[c]","[c]","[c]"
"Leaver Dept.","2023","Undeclared","No function","National Crime Agency","Outside London","[c]","[c]","[c]","[c]"
"Leaver Dept.","2023","Undeclared","No function","Office for Standards in Education, Children's Services and Skills","London","[c]","[c]","[c]","[c]"
"Leaver Dept.","2023","Undeclared","No function","Office of Gas and Electricity Markets","London","[c]","[c]","[c]","[c]"
"Leaver Dept.","2023","Undeclared","No function","Office of Gas and Electricity Markets","Outside London","[c]","[c]","[c]","[c]"
"Leaver Dept.","2023","Undeclared","No function","Scottish Government","Outside London","[c]","[c]","[c]","[c]"
"Leaver Dept.","2023","Undeclared","No function","UK Statistics Authority","Outside London","[c]","[c]","[c]","[c]"
"Leaver Dept.","2023","Undeclared","Project Delivery","Cabinet Office","London","[c]","[c]","[c]","[c]"
"Leaver Dept.","2023","Undeclared","Project Delivery","Cabinet Office","Outside London","[c]","[c]","[c]","[c]"
"Leaver Dept.","2023","Undeclared","Project Delivery","Department for Digital, Culture, Media and Sport","London","[c]","[c]","[c]","[c]"
"Leaver Dept.","2023","Undeclared","Project Delivery","Department for Education","Outside London","[c]","[c]","[c]","[c]"
"Leaver Dept.","2023","Undeclared","Project Delivery","Department for Environment, Food and Rural Affairs","Outside London","[c]","[c]","[c]","[c]"
"Leaver Dept.","2023","Undeclared","Project Delivery","Department for International Trade","London","[c]","[c]","[c]","[c]"
"Leaver Dept.","2023","Undeclared","Project Delivery","Department for Transport","Outside London","[c]","[c]","[c]","[c]"
"Leaver Dept.","2023","Undeclared","Project Delivery","Department for Work and Pensions","London","[c]","[c]","[c]","[c]"
"Leaver Dept.","2023","Undeclared","Project Delivery","HM Revenue and Customs","London","[c]","[c]","[c]","[c]"
"Leaver Dept.","2023","Undeclared","Project Delivery","Ministry of Defence","Outside London","5","[c]","[c]","[c]"
"Leaver Dept.","2023","Undeclared","Project Delivery","Ministry of Defence","Overseas","[c]","[c]","[c]","[c]"
"Leaver Dept.","2023","Undeclared","Project Delivery","Ministry of Justice","London","[c]","[c]","[c]","[c]"
"Leaver Dept.","2023","Undeclared","Property","Cabinet Office","London","[c]","[c]","[c]","[c]"
"Leaver Dept.","2023","Undeclared","Property","Department for Environment, Food and Rural Affairs","Outside London","[c]","[c]","[c]","[c]"
"Leaver Dept.","2023","Undeclared","Property","Department for Transport","Outside London","[c]","[c]","[c]","[c]"
"Leaver Dept.","2023","Undeclared","Property","Department for Work and Pensions","Outside London","[c]","[c]","[c]","[c]"
"Leaver Dept.","2023","Undeclared","Property","HM Revenue and Customs","Outside London","[c]","[c]","[c]","[c]"
"Leaver Dept.","2023","Undeclared","Property","Ministry of Justice","London","[c]","[c]","[c]","[c]"
"Leaver Dept.","2023","Undeclared","Property","Ministry of Justice","Outside London","[c]","[c]","[c]","[c]"
"Leaver Dept.","2023","Undeclared","Security","Cabinet Office","London","[c]","[c]","[c]","[c]"
"Leaver Dept.","2023","Undeclared","Security","Cabinet Office","Outside London","[c]","[c]","[c]","[c]"
"Leaver Dept.","2023","Undeclared","Security","Department for International Trade","London","[c]","[c]","[c]","[c]"
"Leaver Dept.","2023","Undeclared","Security","HM Revenue and Customs","Outside London","[c]","[c]","[c]","[c]"
"Leaver Dept.","2023","Undeclared","Security","Home Office","Outside London","[c]","[c]","[c]","[c]"
"Leaver Dept.","2023","Undeclared","Security","Ministry of Justice","London","[c]","[c]","[c]","[c]"
"Leaver Dept.","2023","Undeclared","Security","Ministry of Justice","Outside London","[c]","[c]","[c]","[c]"
"Leaver Dept.","2023","Undeclared","Unknown","Attorney General's Departments","London","[c]","[c]","[c]","[c]"
"Leaver Dept.","2023","Undeclared","Unknown","Department for Education","London","[c]","[c]","[c]","[c]"
"Leaver Dept.","2023","Undeclared","Unknown","Department for Work and Pensions","London","[c]","[c]","[c]","[c]"
"Leaver Dept.","2023","Undeclared","Unknown","Department for Work and Pensions","Outside London","[c]","[c]","[c]","[c]"
"Leaver Dept.","2023","Undeclared","Unknown","Department of Health and Social Care","London","[c]","[c]","[c]","[c]"
"Leaver Dept.","2023","Undeclared","Unknown","Department of Health and Social Care","Outside London","[c]","[c]","[c]","[c]"
"Leaver Dept.","2023","Undeclared","Unknown","Ministry of Defence","Outside London","[c]","[c]","[c]","[c]"
"Leaver Dept.","2023","Undeclared","Unknown","Northern Ireland Office","London","[c]","[c]","[c]","[c]"
"Leaver Dept.","2023","Undeclared","Unknown","Office of Gas and Electricity Markets","Outside London","[c]","[c]","[c]","[c]"
"Leaver Dept.","2023","Undeclared","Unknown","Scottish Government","Outside London","5","[c]","[c]","[c]"
"Leaver Dept.","2023","Undeclared","Unknown","Welsh Government","Outside London","[c]","[c]","[c]","[c]"
"Leaver Dept.","2023","Unknown","Analysis","Cabinet Office","London","40","[c]","31920","32000"
"Leaver Dept.","2023","Unknown","Analysis","Cabinet Office","Outside London","10","[c]","[c]","[c]"
"Leaver Dept.","2023","Unknown","Analysis","Cabinet Office","Unknown","[c]","[c]","[c]","[c]"
"Leaver Dept.","2023","Unknown","Analysis","Chancellor's other departments","London","[c]","[c]","[c]","[c]"
"Leaver Dept.","2023","Unknown","Analysis","Department for Digital, Culture, Media and Sport","London","[c]","[c]","[c]","[c]"
"Leaver Dept.","2023","Unknown","Analysis","Department for Education","London","[c]","[c]","[c]","[c]"
"Leaver Dept.","2023","Unknown","Analysis","Department for Education","Outside London","[c]","[c]","[c]","[c]"
"Leaver Dept.","2023","Unknown","Analysis","Department for International Trade","London","5","[c]","[c]","[c]"
"Leaver Dept.","2023","Unknown","Analysis","Department for Levelling Up, Housing and Communities","London","[c]","[c]","[c]","[c]"
"Leaver Dept.","2023","Unknown","Analysis","Department of Health and Social Care","London","[c]","[c]","[c]","[c]"
"Leaver Dept.","2023","Unknown","Analysis","HM Revenue and Customs","London","[c]","[c]","[c]","[c]"
"Leaver Dept.","2023","Unknown","Analysis","HM Revenue and Customs","Outside London","[c]","[c]","[c]","[c]"
"Leaver Dept.","2023","Unknown","Analysis","Home Office","London","10","[c]","[c]","[c]"
"Leaver Dept.","2023","Unknown","Analysis","Home Office","Outside London","[c]","[c]","[c]","[c]"
"Leaver Dept.","2023","Unknown","Analysis","Ministry of Defence","London","[c]","[c]","[c]","[c]"
"Leaver Dept.","2023","Unknown","Analysis","Ministry of Defence","Outside London","5","[c]","[c]","[c]"
"Leaver Dept.","2023","Unknown","Analysis","Ministry of Justice","London","5","[c]","[c]","[c]"
"Leaver Dept.","2023","Unknown","Analysis","Ministry of Justice","Outside London","[c]","[c]","[c]","[c]"
"Leaver Dept.","2023","Unknown","Analysis","UK Statistics Authority","London","[c]","[c]","[c]","[c]"
"Leaver Dept.","2023","Unknown","Analysis","UK Statistics Authority","Outside London","10","[c]","[c]","[c]"
"Leaver Dept.","2023","Unknown","Commercial","Attorney General's Departments","Outside London","[c]","[c]","[c]","[c]"
"Leaver Dept.","2023","Unknown","Commercial","Cabinet Office","London","25","[c]","[c]","[c]"
"Leaver Dept.","2023","Unknown","Commercial","Cabinet Office","Outside London","15","[c]","[c]","[c]"
"Leaver Dept.","2023","Unknown","Commercial","Cabinet Office","Unknown","[c]","[c]","[c]","[c]"
"Leaver Dept.","2023","Unknown","Commercial","Department for Digital, Culture, Media and Sport","London","[c]","[c]","[c]","[c]"
"Leaver Dept.","2023","Unknown","Commercial","Department for Education","Outside London","[c]","[c]","[c]","[c]"
"Leaver Dept.","2023","Unknown","Commercial","Department for Environment, Food and Rural Affairs","Outside London","[c]","[c]","[c]","[c]"
"Leaver Dept.","2023","Unknown","Commercial","Department for Levelling Up, Housing and Communities","London","[c]","[c]","[c]","[c]"
"Leaver Dept.","2023","Unknown","Commercial","Department for Transport","Outside London","[c]","[c]","[c]","[c]"
"Leaver Dept.","2023","Unknown","Commercial","Department of Health and Social Care","Outside London","[c]","[c]","[c]","[c]"
"Leaver Dept.","2023","Unknown","Commercial","HM Revenue and Customs","Outside London","[c]","[c]","[c]","[c]"
"Leaver Dept.","2023","Unknown","Commercial","Home Office","London","[c]","[c]","[c]","[c]"
"Leaver Dept.","2023","Unknown","Commercial","Ministry of Defence","Outside London","5","[c]","[c]","[c]"
"Leaver Dept.","2023","Unknown","Commercial","Ministry of Defence","Overseas","[c]","[c]","[c]","[c]"
"Leaver Dept.","2023","Unknown","Commercial","Scottish Government","Outside London","[c]","[c]","[c]","[c]"
"Leaver Dept.","2023","Unknown","Commercial","Water Services Regulation Authority","Outside London","[c]","[c]","[c]","[c]"
"Leaver Dept.","2023","Unknown","Communications","Cabinet Office","London","35","[c]","39130","34550"
"Leaver Dept.","2023","Unknown","Communications","Cabinet Office","Outside London","[c]","[c]","[c]","[c]"
"Leaver Dept.","2023","Unknown","Communications","Cabinet Office","Unknown","[c]","[c]","[c]","[c]"
"Leaver Dept.","2023","Unknown","Communications","Charity Commission","London","[c]","[c]","[c]","[c]"
"Leaver Dept.","2023","Unknown","Communications","Department for Business, Energy and Industrial Strategy","London","[c]","[c]","[c]","[c]"
"Leaver Dept.","2023","Unknown","Communications","Department for Business, Energy and Industrial Strategy","Outside London","[c]","[c]","[c]","[c]"
"Leaver Dept.","2023","Unknown","Communications","Department for Education","London","5","[c]","[c]","[c]"
"Leaver Dept.","2023","Unknown","Communications","Department for Environment, Food and Rural Affairs","London","[c]","[c]","[c]","[c]"
"Leaver Dept.","2023","Unknown","Communications","Department for International Trade","London","[c]","[c]","[c]","[c]"
"Leaver Dept.","2023","Unknown","Communications","Department for Levelling Up, Housing and Communities","London","[c]","[c]","[c]","[c]"
"Leaver Dept.","2023","Unknown","Communications","Department for Work and Pensions","London","[c]","[c]","[c]","[c]"
"Leaver Dept.","2023","Unknown","Communications","Food Standards Agency","Outside London","[c]","[c]","[c]","[c]"
"Leaver Dept.","2023","Unknown","Communications","HM Revenue and Customs","London","[c]","[c]","[c]","[c]"
"Leaver Dept.","2023","Unknown","Communications","Home Office","London","5","[c]","[c]","[c]"
"Leaver Dept.","2023","Unknown","Communications","Ministry of Defence","London","[c]","[c]","[c]","[c]"
"Leaver Dept.","2023","Unknown","Communications","Ministry of Defence","Outside London","[c]","[c]","[c]","[c]"
"Leaver Dept.","2023","Unknown","Communications","Ministry of Justice","London","5","[c]","[c]","[c]"
"Leaver Dept.","2023","Unknown","Communications","Northern Ireland Office","London","[c]","[c]","[c]","[c]"
"Leaver Dept.","2023","Unknown","Communications","UK Statistics Authority","Outside London","[c]","[c]","[c]","[c]"
"Leaver Dept.","2023","Unknown","Counter Fraud","Attorney General's Departments","London","[c]","[c]","[c]","[c]"
"Leaver Dept.","2023","Unknown","Counter Fraud","Cabinet Office","London","[c]","[c]","[c]","[c]"
"Leaver Dept.","2023","Unknown","Counter Fraud","Department for Work and Pensions","London","[c]","[c]","[c]","[c]"
"Leaver Dept.","2023","Unknown","Counter Fraud","Department for Work and Pensions","Outside London","5","[c]","[c]","[c]"
"Leaver Dept.","2023","Unknown","Counter Fraud","Department for Work and Pensions","Unknown","[c]","[c]","[c]","[c]"
"Leaver Dept.","2023","Unknown","Counter Fraud","HM Revenue and Customs","London","20","[c]","[c]","[c]"
"Leaver Dept.","2023","Unknown","Counter Fraud","HM Revenue and Customs","Outside London","20","[c]","[c]","[c]"
"Leaver Dept.","2023","Unknown","Debt","Department for Work and Pensions","Outside London","5","[c]","[c]","[c]"
"Leaver Dept.","2023","Unknown","Debt","HM Revenue and Customs","London","5","[c]","[c]","[c]"
"Leaver Dept.","2023","Unknown","Debt","HM Revenue and Customs","Outside London","40","[c]","[c]","[c]"
"Leaver Dept.","2023","Unknown","Digital, Data & Technology","Attorney General's Departments","London","[c]","[c]","[c]","[c]"
"Leaver Dept.","2023","Unknown","Digital, Data & Technology","Attorney General's Departments","Outside London","[c]","[c]","[c]","[c]"
"Leaver Dept.","2023","Unknown","Digital, Data & Technology","Cabinet Office","London","30","[c]","[c]","[c]"
"Leaver Dept.","2023","Unknown","Digital, Data & Technology","Cabinet Office","Outside London","20","[c]","[c]","[c]"
"Leaver Dept.","2023","Unknown","Digital, Data & Technology","Cabinet Office","Unknown","5","[c]","[c]","[c]"
"Leaver Dept.","2023","Unknown","Digital, Data & Technology","Department for Business, Energy and Industrial Strategy","London","[c]","[c]","[c]","[c]"
"Leaver Dept.","2023","Unknown","Digital, Data & Technology","Department for Business, Energy and Industrial Strategy","Outside London","[c]","[c]","[c]","[c]"
"Leaver Dept.","2023","Unknown","Digital, Data & Technology","Department for Digital, Culture, Media and Sport","London","[c]","[c]","[c]","[c]"
"Leaver Dept.","2023","Unknown","Digital, Data & Technology","Department for Education","London","5","[c]","[c]","[c]"
"Leaver Dept.","2023","Unknown","Digital, Data & Technology","Department for Education","Outside London","10","[c]","[c]","[c]"
"Leaver Dept.","2023","Unknown","Digital, Data & Technology","Department for Environment, Food and Rural Affairs","London","[c]","[c]","[c]","[c]"
"Leaver Dept.","2023","Unknown","Digital, Data & Technology","Department for International Trade","London","[c]","[c]","[c]","[c]"
"Leaver Dept.","2023","Unknown","Digital, Data & Technology","Department for International Trade","Outside London","[c]","[c]","[c]","[c]"
"Leaver Dept.","2023","Unknown","Digital, Data & Technology","Department for Levelling Up, Housing and Communities","London","[c]","[c]","[c]","[c]"
"Leaver Dept.","2023","Unknown","Digital, Data & Technology","Department for Levelling Up, Housing and Communities","Outside London","[c]","[c]","[c]","[c]"
"Leaver Dept.","2023","Unknown","Digital, Data & Technology","Department for Transport","Outside London","5","[c]","[c]","[c]"
"Leaver Dept.","2023","Unknown","Digital, Data & Technology","Department for Work and Pensions","London","[c]","[c]","[c]","[c]"
"Leaver Dept.","2023","Unknown","Digital, Data & Technology","Department for Work and Pensions","Outside London","10","[c]","[c]","[c]"
"Leaver Dept.","2023","Unknown","Digital, Data & Technology","Department for Work and Pensions","Unknown","[c]","[c]","[c]","[c]"
"Leaver Dept.","2023","Unknown","Digital, Data & Technology","Department of Health and Social Care","London","[c]","[c]","[c]","[c]"
"Leaver Dept.","2023","Unknown","Digital, Data & Technology","Department of Health and Social Care","Outside London","[c]","[c]","[c]","[c]"
"Leaver Dept.","2023","Unknown","Digital, Data & Technology","Food Standards Agency","Outside London","[c]","[c]","[c]","[c]"
"Leaver Dept.","2023","Unknown","Digital, Data & Technology","HM Revenue and Customs","London","[c]","[c]","[c]","[c]"
"Leaver Dept.","2023","Unknown","Digital, Data & Technology","HM Revenue and Customs","Outside London","10","[c]","[c]","[c]"
"Leaver Dept.","2023","Unknown","Digital, Data & Technology","Home Office","London","[c]","[c]","[c]","[c]"
"Leaver Dept.","2023","Unknown","Digital, Data & Technology","Home Office","Outside London","[c]","[c]","[c]","[c]"
"Leaver Dept.","2023","Unknown","Digital, Data & Technology","Ministry of Defence","London","5","[c]","[c]","[c]"
"Leaver Dept.","2023","Unknown","Digital, Data & Technology","Ministry of Defence","Outside London","[c]","[c]","[c]","[c]"
"Leaver Dept.","2023","Unknown","Digital, Data & Technology","Ministry of Justice","London","5","[c]","[c]","[c]"
"Leaver Dept.","2023","Unknown","Digital, Data & Technology","Ministry of Justice","Outside London","[c]","[c]","[c]","[c]"
"Leaver Dept.","2023","Unknown","Digital, Data & Technology","National Crime Agency","London","[c]","[c]","[c]","[c]"
"Leaver Dept.","2023","Unknown","Digital, Data & Technology","Scottish Government","Outside London","[c]","[c]","[c]","[c]"
"Leaver Dept.","2023","Unknown","Digital, Data & Technology","The National Archives","London","[c]","[c]","[c]","[c]"
"Leaver Dept.","2023","Unknown","Digital, Data & Technology","UK Statistics Authority","London","[c]","[c]","[c]","[c]"
"Leaver Dept.","2023","Unknown","Digital, Data & Technology","UK Statistics Authority","Outside London","5","[c]","[c]","[c]"
"Leaver Dept.","2023","Unknown","Finance","Cabinet Office","London","30","[c]","33040","33250"
"Leaver Dept.","2023","Unknown","Finance","Cabinet Office","Outside London","5","[c]","[c]","[c]"
"Leaver Dept.","2023","Unknown","Finance","Cabinet Office","Unknown","10","[c]","[c]","[c]"
"Leaver Dept.","2023","Unknown","Finance","Department for Business, Energy and Industrial Strategy","Outside London","[c]","[c]","[c]","[c]"
"Leaver Dept.","2023","Unknown","Finance","Department for Education","Outside London","[c]","[c]","[c]","[c]"
"Leaver Dept.","2023","Unknown","Finance","Department for Environment, Food and Rural Affairs","Outside London","[c]","[c]","[c]","[c]"
"Leaver Dept.","2023","Unknown","Finance","Department for International Trade","London","[c]","[c]","[c]","[c]"
"Leaver Dept.","2023","Unknown","Finance","Department for Transport","London","[c]","[c]","[c]","[c]"
"Leaver Dept.","2023","Unknown","Finance","Department for Transport","Outside London","[c]","[c]","[c]","[c]"
"Leaver Dept.","2023","Unknown","Finance","Department for Work and Pensions","London","[c]","[c]","[c]","[c]"
"Leaver Dept.","2023","Unknown","Finance","Department for Work and Pensions","Outside London","[c]","[c]","[c]","[c]"
"Leaver Dept.","2023","Unknown","Finance","Department for Work and Pensions","Unknown","[c]","[c]","[c]","[c]"
"Leaver Dept.","2023","Unknown","Finance","HM Revenue and Customs","London","10","[c]","[c]","[c]"
"Leaver Dept.","2023","Unknown","Finance","HM Revenue and Customs","Outside London","10","[c]","[c]","[c]"
"Leaver Dept.","2023","Unknown","Finance","Home Office","London","10","[c]","[c]","[c]"
"Leaver Dept.","2023","Unknown","Finance","Home Office","Outside London","[c]","[c]","[c]","[c]"
"Leaver Dept.","2023","Unknown","Finance","Ministry of Defence","London","[c]","[c]","[c]","[c]"
"Leaver Dept.","2023","Unknown","Finance","Ministry of Justice","London","[c]","[c]","[c]","[c]"
"Leaver Dept.","2023","Unknown","Finance","Ministry of Justice","Outside London","[c]","[c]","[c]","[c]"
"Leaver Dept.","2023","Unknown","Finance","National Crime Agency","Outside London","[c]","[c]","[c]","[c]"
"Leaver Dept.","2023","Unknown","Finance","Northern Ireland Office","Outside London","[c]","[c]","[c]","[c]"
"Leaver Dept.","2023","Unknown","Grants Management","Department for Environment, Food and Rural Affairs","London","[c]","[c]","[c]","[c]"
"Leaver Dept.","2023","Unknown","Grants Management","Department for Environment, Food and Rural Affairs","Outside London","25","[c]","[c]","[c]"
"Leaver Dept.","2023","Unknown","Human Resources","Cabinet Office","London","10","[c]","[c]","[c]"
"Leaver Dept.","2023","Unknown","Human Resources","Cabinet Office","Outside London","10","[c]","[c]","[c]"
"Leaver Dept.","2023","Unknown","Human Resources","Cabinet Office","Unknown","[c]","[c]","[c]","[c]"
"Leaver Dept.","2023","Unknown","Human Resources","Department for Business, Energy and Industrial Strategy","London","[c]","[c]","[c]","[c]"
"Leaver Dept.","2023","Unknown","Human Resources","Department for Business, Energy and Industrial Strategy","Outside London","[c]","[c]","[c]","[c]"
"Leaver Dept.","2023","Unknown","Human Resources","Department for Digital, Culture, Media and Sport","London","[c]","[c]","[c]","[c]"
"Leaver Dept.","2023","Unknown","Human Resources","Department for Education","Outside London","[c]","[c]","[c]","[c]"
"Leaver Dept.","2023","Unknown","Human Resources","Department for Environment, Food and Rural Affairs","London","[c]","[c]","[c]","[c]"
"Leaver Dept.","2023","Unknown","Human Resources","Department for Environment, Food and Rural Affairs","Outside London","5","[c]","[c]","[c]"
"Leaver Dept.","2023","Unknown","Human Resources","Department for International Trade","London","[c]","[c]","[c]","[c]"
"Leaver Dept.","2023","Unknown","Human Resources","Department for International Trade","Outside London","[c]","[c]","[c]","[c]"
"Leaver Dept.","2023","Unknown","Human Resources","Department for Transport","Outside London","10","[c]","[c]","[c]"
"Leaver Dept.","2023","Unknown","Human Resources","Department for Work and Pensions","London","5","[c]","[c]","[c]"
"Leaver Dept.","2023","Unknown","Human Resources","Department for Work and Pensions","Outside London","[c]","[c]","[c]","[c]"
"Leaver Dept.","2023","Unknown","Human Resources","Department for Work and Pensions","Unknown","[c]","[c]","[c]","[c]"
"Leaver Dept.","2023","Unknown","Human Resources","Department of Health and Social Care","London","[c]","[c]","[c]","[c]"
"Leaver Dept.","2023","Unknown","Human Resources","HM Revenue and Customs","London","[c]","[c]","[c]","[c]"
"Leaver Dept.","2023","Unknown","Human Resources","HM Revenue and Customs","Outside London","5","[c]","[c]","[c]"
"Leaver Dept.","2023","Unknown","Human Resources","Home Office","London","[c]","[c]","[c]","[c]"
"Leaver Dept.","2023","Unknown","Human Resources","Home Office","Outside London","[c]","[c]","[c]","[c]"
"Leaver Dept.","2023","Unknown","Human Resources","Ministry of Defence","London","[c]","[c]","[c]","[c]"
"Leaver Dept.","2023","Unknown","Human Resources","Ministry of Defence","Outside London","[c]","[c]","[c]","[c]"
"Leaver Dept.","2023","Unknown","Human Resources","Ministry of Justice","London","5","[c]","[c]","[c]"
"Leaver Dept.","2023","Unknown","Human Resources","Ministry of Justice","Outside London","10","[c]","[c]","[c]"
"Leaver Dept.","2023","Unknown","Human Resources","Northern Ireland Office","London","[c]","[c]","[c]","[c]"
"Leaver Dept.","2023","Unknown","Human Resources","Scottish Government","Outside London","[c]","[c]","[c]","[c]"
"Leaver Dept.","2023","Unknown","Human Resources","Welsh Government","Outside London","[c]","[c]","[c]","[c]"
"Leaver Dept.","2023","Unknown","Internal Audit","HM Revenue and Customs","London","[c]","[c]","[c]","[c]"
"Leaver Dept.","2023","Unknown","Internal Audit","Scottish Government","Outside London","[c]","[c]","[c]","[c]"
"Leaver Dept.","2023","Unknown","Legal","Attorney General's Departments","London","35","[c]","49790","52020"
"Leaver Dept.","2023","Unknown","Legal","Attorney General's Departments","Outside London","10","[c]","[c]","[c]"
"Leaver Dept.","2023","Unknown","Legal","Department for Business, Energy and Industrial Strategy","London","[c]","[c]","[c]","[c]"
"Leaver Dept.","2023","Unknown","Legal","Department for Business, Energy and Industrial Strategy","Outside London","[c]","[c]","[c]","[c]"
"Leaver Dept.","2023","Unknown","Legal","Department for Education","London","[c]","[c]","[c]","[c]"
"Leaver Dept.","2023","Unknown","Legal","Department for Work and Pensions","Outside London","[c]","[c]","[c]","[c]"
"Leaver Dept.","2023","Unknown","Legal","Food Standards Agency","Outside London","[c]","[c]","[c]","[c]"
"Leaver Dept.","2023","Unknown","Legal","HM Revenue and Customs","London","[c]","[c]","[c]","[c]"
"Leaver Dept.","2023","Unknown","Legal","Ministry of Justice","London","[c]","[c]","[c]","[c]"
"Leaver Dept.","2023","Unknown","Legal","Ministry of Justice","Outside London","[c]","[c]","[c]","[c]"
"Leaver Dept.","2023","Unknown","Legal","Scottish Government","Outside London","[c]","[c]","[c]","[c]"
"Leaver Dept.","2023","Unknown","No function","Attorney General's Departments","London","[c]","[c]","[c]","[c]"
"Leaver Dept.","2023","Unknown","No function","Cabinet Office","London","125","[c]","52380","54700"
"Leaver Dept.","2023","Unknown","No function","Cabinet Office","Outside London","5","[c]","[c]","[c]"
"Leaver Dept.","2023","Unknown","No function","Cabinet Office","Unknown","[c]","[c]","[c]","[c]"
"Leaver Dept.","2023","Unknown","No function","Charity Commission","London","[c]","[c]","[c]","[c]"
"Leaver Dept.","2023","Unknown","No function","Charity Commission","Outside London","5","[c]","[c]","[c]"
"Leaver Dept.","2023","Unknown","No function","Department for Business, Energy and Industrial Strategy","London","50","[c]","49240","41010"
"Leaver Dept.","2023","Unknown","No function","Department for Business, Energy and Industrial Strategy","Outside London","40","[c]","26370","24250"
"Leaver Dept.","2023","Unknown","No function","Department for Digital, Culture, Media and Sport","London","15","[c]","[c]","[c]"
"Leaver Dept.","2023","Unknown","No function","Department for Education","London","20","[c]","[c]","[c]"
"Leaver Dept.","2023","Unknown","No function","Department for Education","Outside London","10","[c]","[c]","[c]"
"Leaver Dept.","2023","Unknown","No function","Department for Environment, Food and Rural Affairs","London","45","[c]","[c]","[c]"
"Leaver Dept.","2023","Unknown","No function","Department for Environment, Food and Rural Affairs","Outside London","20","[c]","[c]","[c]"
"Leaver Dept.","2023","Unknown","No function","Department for International Trade","London","40","[c]","47360","41590"
"Leaver Dept.","2023","Unknown","No function","Department for International Trade","Outside London","[c]","[c]","[c]","[c]"
"Leaver Dept.","2023","Unknown","No function","Department for Levelling Up, Housing and Communities","London","50","[c]","44520","37120"
"Leaver Dept.","2023","Unknown","No function","Department for Levelling Up, Housing and Communities","Outside London","10","[c]","[c]","[c]"
"Leaver Dept.","2023","Unknown","No function","Department for Transport","London","50","[c]","43620","35760"
"Leaver Dept.","2023","Unknown","No function","Department for Transport","Outside London","45","[c]","25330","22500"
"Leaver Dept.","2023","Unknown","No function","Department for Work and Pensions","London","30","[c]","34890","32520"
"Leaver Dept.","2023","Unknown","No function","Department for Work and Pensions","Outside London","120","[c]","26700","28120"
"Leaver Dept.","2023","Unknown","No function","Department for Work and Pensions","Unknown","[c]","[c]","[c]","[c]"
"Leaver Dept.","2023","Unknown","No function","Department of Health and Social Care","London","70","[c]","44710","40650"
"Leaver Dept.","2023","Unknown","No function","Department of Health and Social Care","Outside London","50","[c]","41760","36820"
"Leaver Dept.","2023","Unknown","No function","Department of Health and Social Care","Unknown","[c]","[c]","[c]","[c]"
"Leaver Dept.","2023","Unknown","No function","Food Standards Agency","Outside London","[c]","[c]","[c]","[c]"
"Leaver Dept.","2023","Unknown","No function","HM Revenue and Customs","London","20","[c]","[c]","[c]"
"Leaver Dept.","2023","Unknown","No function","HM Revenue and Customs","Outside London","200","[c]","[c]","[c]"
"Leaver Dept.","2023","Unknown","No function","Home Office","London","145","[c]","42420","37190"
"Leaver Dept.","2023","Unknown","No function","Home Office","Outside London","115","[c]","27240","25880"
"Leaver Dept.","2023","Unknown","No function","Home Office","Overseas","[c]","[c]","[c]","[c]"
"Leaver Dept.","2023","Unknown","No function","Home Office","Unknown","[c]","[c]","[c]","[c]"
"Leaver Dept.","2023","Unknown","No function","Ministry of Defence","London","20","[c]","[c]","[c]"
"Leaver Dept.","2023","Unknown","No function","Ministry of Defence","Outside London","10","[c]","[c]","[c]"
"Leaver Dept.","2023","Unknown","No function","Ministry of Defence","Overseas","[c]","[c]","[c]","[c]"
"Leaver Dept.","2023","Unknown","No function","Ministry of Justice","London","100","[c]","35950","35410"
"Leaver Dept.","2023","Unknown","No function","Ministry of Justice","Outside London","140","[c]","24480","21780"
"Leaver Dept.","2023","Unknown","No function","National Crime Agency","London","[c]","[c]","[c]","[c]"
"Leaver Dept.","2023","Unknown","No function","National Crime Agency","Outside London","5","[c]","[c]","[c]"
"Leaver Dept.","2023","Unknown","No function","National Crime Agency","Overseas","[c]","[c]","[c]","[c]"
"Leaver Dept.","2023","Unknown","No function","Office of the Secretary of State for Wales","London","[c]","[c]","[c]","[c]"
"Leaver Dept.","2023","Unknown","No function","Scottish Government","Outside London","25","[c]","[c]","[c]"
"Leaver Dept.","2023","Unknown","No function","The National Archives","London","[c]","[c]","[c]","[c]"
"Leaver Dept.","2023","Unknown","No function","UK Statistics Authority","London","[c]","[c]","[c]","[c]"
"Leaver Dept.","2023","Unknown","No function","UK Statistics Authority","Outside London","10","[c]","[c]","[c]"
"Leaver Dept.","2023","Unknown","No function","Welsh Government","Outside London","[c]","[c]","[c]","[c]"
"Leaver Dept.","2023","Unknown","Project Delivery","Cabinet Office","London","40","[c]","31770","32000"
"Leaver Dept.","2023","Unknown","Project Delivery","Cabinet Office","Outside London","10","[c]","[c]","[c]"
"Leaver Dept.","2023","Unknown","Project Delivery","Cabinet Office","Unknown","10","[c]","[c]","[c]"
"Leaver Dept.","2023","Unknown","Project Delivery","Department for Business, Energy and Industrial Strategy","London","5","[c]","[c]","[c]"
"Leaver Dept.","2023","Unknown","Project Delivery","Department for Business, Energy and Industrial Strategy","Outside London","[c]","[c]","[c]","[c]"
"Leaver Dept.","2023","Unknown","Project Delivery","Department for Digital, Culture, Media and Sport","London","[c]","[c]","[c]","[c]"
"Leaver Dept.","2023","Unknown","Project Delivery","Department for Education","London","[c]","[c]","[c]","[c]"
"Leaver Dept.","2023","Unknown","Project Delivery","Department for Education","Outside London","[c]","[c]","[c]","[c]"
"Leaver Dept.","2023","Unknown","Project Delivery","Department for International Trade","London","[c]","[c]","[c]","[c]"
"Leaver Dept.","2023","Unknown","Project Delivery","Department for Transport","Outside London","[c]","[c]","[c]","[c]"
"Leaver Dept.","2023","Unknown","Project Delivery","Department for Work and Pensions","London","[c]","[c]","[c]","[c]"
"Leaver Dept.","2023","Unknown","Project Delivery","Department for Work and Pensions","Outside London","[c]","[c]","[c]","[c]"
"Leaver Dept.","2023","Unknown","Project Delivery","Department of Health and Social Care","Outside London","[c]","[c]","[c]","[c]"
"Leaver Dept.","2023","Unknown","Project Delivery","HM Revenue and Customs","London","20","[c]","[c]","[c]"
"Leaver Dept.","2023","Unknown","Project Delivery","HM Revenue and Customs","Outside London","10","[c]","[c]","[c]"
"Leaver Dept.","2023","Unknown","Project Delivery","Home Office","London","[c]","[c]","[c]","[c]"
"Leaver Dept.","2023","Unknown","Project Delivery","Ministry of Defence","London","[c]","[c]","[c]","[c]"
"Leaver Dept.","2023","Unknown","Project Delivery","Ministry of Defence","Outside London","10","[c]","[c]","[c]"
"Leaver Dept.","2023","Unknown","Project Delivery","Ministry of Justice","London","5","[c]","[c]","[c]"
"Leaver Dept.","2023","Unknown","Project Delivery","Ministry of Justice","Outside London","[c]","[c]","[c]","[c]"
"Leaver Dept.","2023","Unknown","Project Delivery","UK Statistics Authority","Outside London","[c]","[c]","[c]","[c]"
"Leaver Dept.","2023","Unknown","Project Delivery","Welsh Government","Outside London","[c]","[c]","[c]","[c]"
"Leaver Dept.","2023","Unknown","Property","Cabinet Office","London","[c]","[c]","[c]","[c]"
"Leaver Dept.","2023","Unknown","Property","Cabinet Office","Outside London","[c]","[c]","[c]","[c]"
"Leaver Dept.","2023","Unknown","Property","Cabinet Office","Unknown","[c]","[c]","[c]","[c]"
"Leaver Dept.","2023","Unknown","Property","Department for Environment, Food and Rural Affairs","Outside London","[c]","[c]","[c]","[c]"
"Leaver Dept.","2023","Unknown","Property","Department for Transport","Outside London","[c]","[c]","[c]","[c]"
"Leaver Dept.","2023","Unknown","Property","Department of Health and Social Care","London","[c]","[c]","[c]","[c]"
"Leaver Dept.","2023","Unknown","Property","HM Revenue and Customs","Outside London","25","[c]","[c]","[c]"
"Leaver Dept.","2023","Unknown","Property","Ministry of Defence","Outside London","[c]","[c]","[c]","[c]"
"Leaver Dept.","2023","Unknown","Property","Ministry of Justice","London","[c]","[c]","[c]","[c]"
"Leaver Dept.","2023","Unknown","Property","Ministry of Justice","Outside London","5","[c]","[c]","[c]"
"Leaver Dept.","2023","Unknown","Security","Cabinet Office","London","10","[c]","[c]","[c]"
"Leaver Dept.","2023","Unknown","Security","Cabinet Office","Outside London","10","[c]","[c]","[c]"
"Leaver Dept.","2023","Unknown","Security","Cabinet Office","Unknown","[c]","[c]","[c]","[c]"
"Leaver Dept.","2023","Unknown","Security","Department for International Trade","London","[c]","[c]","[c]","[c]"
"Leaver Dept.","2023","Unknown","Security","Department for Transport","Outside London","[c]","[c]","[c]","[c]"
"Leaver Dept.","2023","Unknown","Security","HM Revenue and Customs","London","[c]","[c]","[c]","[c]"
"Leaver Dept.","2023","Unknown","Security","HM Revenue and Customs","Outside London","[c]","[c]","[c]","[c]"
"Leaver Dept.","2023","Unknown","Security","Home Office","Outside London","[c]","[c]","[c]","[c]"
"Leaver Dept.","2023","Unknown","Security","Ministry of Defence","London","[c]","[c]","[c]","[c]"
"Leaver Dept.","2023","Unknown","Security","Ministry of Defence","Outside London","10","[c]","[c]","[c]"
"Leaver Dept.","2023","Unknown","Security","Ministry of Justice","London","5","[c]","[c]","[c]"
"Leaver Dept.","2023","Unknown","Security","UK Statistics Authority","Outside London","[c]","[c]","[c]","[c]"
"Leaver Dept.","2023","Unknown","Unknown","Attorney General's Departments","Outside London","[c]","[c]","[c]","[c]"
"Leaver Dept.","2023","Unknown","Unknown","Cabinet Office","London","225","[c]","31730","32000"
"Leaver Dept.","2023","Unknown","Unknown","Cabinet Office","Outside London","55","[c]","31860","32000"
"Leaver Dept.","2023","Unknown","Unknown","Cabinet Office","Unknown","10","[c]","[c]","[c]"
"Leaver Dept.","2023","Unknown","Unknown","Department for Business, Energy and Industrial Strategy","London","5","[c]","[c]","[c]"
"Leaver Dept.","2023","Unknown","Unknown","Department for Business, Energy and Industrial Strategy","Outside London","[c]","[c]","[c]","[c]"
"Leaver Dept.","2023","Unknown","Unknown","Department for Education","London","[c]","[c]","[c]","[c]"
"Leaver Dept.","2023","Unknown","Unknown","Department for Education","Outside London","[c]","[c]","[c]","[c]"
"Leaver Dept.","2023","Unknown","Unknown","Department for International Trade","London","[c]","[c]","[c]","[c]"
"Leaver Dept.","2023","Unknown","Unknown","Department for Work and Pensions","London","20","[c]","[c]","[c]"
"Leaver Dept.","2023","Unknown","Unknown","Department for Work and Pensions","Outside London","5","[c]","[c]","[c]"
"Leaver Dept.","2023","Unknown","Unknown","Department for Work and Pensions","Unknown","[c]","[c]","[c]","[c]"
"Leaver Dept.","2023","Unknown","Unknown","Department of Health and Social Care","London","100","[c]","[c]","[c]"
"Leaver Dept.","2023","Unknown","Unknown","Department of Health and Social Care","Outside London","25","[c]","[c]","[c]"
"Leaver Dept.","2023","Unknown","Unknown","Department of Health and Social Care","Unknown","30","[c]","[c]","[c]"
"Leaver Dept.","2023","Unknown","Unknown","Foreign, Commonwealth and Development Office","London","130","[c]","[c]","[c]"
"Leaver Dept.","2023","Unknown","Unknown","Foreign, Commonwealth and Development Office","Outside London","20","[c]","[c]","[c]"
"Leaver Dept.","2023","Unknown","Unknown","Foreign, Commonwealth and Development Office","Overseas","20","[c]","[c]","[c]"
"Leaver Dept.","2023","Unknown","Unknown","Ministry of Defence","Outside London","[c]","[c]","[c]","[c]"
"Leaver Dept.","2023","Unknown","Unknown","Ministry of Defence","Unknown","10","[c]","[c]","[c]"
"Leaver Dept.","2023","Unknown","Unknown","Northern Ireland Office","London","15","[c]","[c]","[c]"
"Leaver Dept.","2023","Unknown","Unknown","Northern Ireland Office","Outside London","[c]","[c]","[c]","[c]"
"Leaver Dept.","2023","Unknown","Unknown","Office of the Secretary of State for Scotland","London","5","[c]","[c]","[c]"
"Leaver Dept.","2023","Unknown","Unknown","Scottish Government","Outside London","35","[c]","46530","41500"
"Leaver Dept.","2023","Unknown","Unknown","Scottish Government","Overseas","[c]","[c]","[c]","[c]"
"Leaver Dept.","2023","Unknown","Unknown","Welsh Government","Outside London","[c]","[c]","[c]","[c]"
"Leaver Dept.","2023","White","Analysis","Cabinet Office","London","[c]","[c]","[c]","[c]"
"Leaver Dept.","2023","White","Analysis","Cabinet Office","Outside London","[c]","[c]","[c]","[c]"
"Leaver Dept.","2023","White","Analysis","Cabinet Office","Unknown","[c]","[c]","[c]","[c]"
"Leaver Dept.","2023","White","Analysis","Chancellor's other departments","London","[c]","[c]","[c]","[c]"
"Leaver Dept.","2023","White","Analysis","Competition and Markets Authority","London","[c]","[c]","[c]","[c]"
"Leaver Dept.","2023","White","Analysis","Competition and Markets Authority","Outside London","[c]","[c]","[c]","[c]"
"Leaver Dept.","2023","White","Analysis","Department for Business, Energy and Industrial Strategy","London","10","[c]","[c]","[c]"
"Leaver Dept.","2023","White","Analysis","Department for Business, Energy and Industrial Strategy","Outside London","[c]","[c]","[c]","[c]"
"Leaver Dept.","2023","White","Analysis","Department for Digital, Culture, Media and Sport","London","10","[c]","[c]","[c]"
"Leaver Dept.","2023","White","Analysis","Department for Education","London","10","[c]","[c]","[c]"
"Leaver Dept.","2023","White","Analysis","Department for Education","Outside London","25","[c]","[c]","[c]"
"Leaver Dept.","2023","White","Analysis","Department for Environment, Food and Rural Affairs","Outside London","[c]","[c]","[c]","[c]"
"Leaver Dept.","2023","White","Analysis","Department for International Trade","London","10","[c]","[c]","[c]"
"Leaver Dept.","2023","White","Analysis","Department for Levelling Up, Housing and Communities","London","15","[c]","[c]","[c]"
"Leaver Dept.","2023","White","Analysis","Department for Levelling Up, Housing and Communities","Outside London","[c]","[c]","[c]","[c]"
"Leaver Dept.","2023","White","Analysis","Department for Transport","Outside London","[c]","[c]","[c]","[c]"
"Leaver Dept.","2023","White","Analysis","Department for Work and Pensions","London","[c]","[c]","[c]","[c]"
"Leaver Dept.","2023","White","Analysis","Department for Work and Pensions","Outside London","[c]","[c]","[c]","[c]"
"Leaver Dept.","2023","White","Analysis","Department of Health and Social Care","London","[c]","[c]","[c]","[c]"
"Leaver Dept.","2023","White","Analysis","Food Standards Agency","London","[c]","[c]","[c]","[c]"
"Leaver Dept.","2023","White","Analysis","Food Standards Agency","Outside London","[c]","[c]","[c]","[c]"
"Leaver Dept.","2023","White","Analysis","HM Revenue and Customs","London","20","[c]","[c]","[c]"
"Leaver Dept.","2023","White","Analysis","HM Revenue and Customs","Outside London","15","[c]","[c]","[c]"
"Leaver Dept.","2023","White","Analysis","HM Treasury","London","20","[c]","[c]","[c]"
"Leaver Dept.","2023","White","Analysis","HM Treasury","Outside London","[c]","[c]","[c]","[c]"
"Leaver Dept.","2023","White","Analysis","Home Office","London","20","[c]","[c]","[c]"
"Leaver Dept.","2023","White","Analysis","Home Office","Outside London","[c]","[c]","[c]","[c]"
"Leaver Dept.","2023","White","Analysis","Ministry of Defence","London","10","[c]","[c]","[c]"
"Leaver Dept.","2023","White","Analysis","Ministry of Defence","Outside London","30","[c]","41410","39890"
"Leaver Dept.","2023","White","Analysis","Ministry of Justice","London","30","[c]","48020","42830"
"Leaver Dept.","2023","White","Analysis","Ministry of Justice","Outside London","5","[c]","[c]","[c]"
"Leaver Dept.","2023","White","Analysis","Office for Standards in Education, Children's Services and Skills","London","[c]","[c]","[c]","[c]"
"Leaver Dept.","2023","White","Analysis","Office for Standards in Education, Children's Services and Skills","Outside London","10","[c]","[c]","[c]"
"Leaver Dept.","2023","White","Analysis","Office of Gas and Electricity Markets","London","[c]","[c]","[c]","[c]"
"Leaver Dept.","2023","White","Analysis","Office of Rail and Road","Outside London","[c]","[c]","[c]","[c]"
"Leaver Dept.","2023","White","Analysis","UK Export Finance","London","[c]","[c]","[c]","[c]"
"Leaver Dept.","2023","White","Analysis","UK Statistics Authority","London","10","[c]","[c]","[c]"
"Leaver Dept.","2023","White","Analysis","UK Statistics Authority","Outside London","45","[c]","33700","31560"
"Leaver Dept.","2023","White","Analysis","Water Services Regulation Authority","Outside London","[c]","[c]","[c]","[c]"
"Leaver Dept.","2023","White","Commercial","Attorney General's Departments","Outside London","[c]","[c]","[c]","[c]"
"Leaver Dept.","2023","White","Commercial","Cabinet Office","London","15","[c]","[c]","[c]"
"Leaver Dept.","2023","White","Commercial","Cabinet Office","Outside London","20","[c]","[c]","[c]"
"Leaver Dept.","2023","White","Commercial","Cabinet Office","Unknown","[c]","[c]","[c]","[c]"
"Leaver Dept.","2023","White","Commercial","Chancellor's other departments","London","[c]","[c]","[c]","[c]"
"Leaver Dept.","2023","White","Commercial","Chancellor's other departments","Outside London","[c]","[c]","[c]","[c]"
"Leaver Dept.","2023","White","Commercial","Charity Commission","Outside London","[c]","[c]","[c]","[c]"
"Leaver Dept.","2023","White","Commercial","Department for Business, Energy and Industrial Strategy","London","[c]","[c]","[c]","[c]"
"Leaver Dept.","2023","White","Commercial","Department for Digital, Culture, Media and Sport","London","[c]","[c]","[c]","[c]"
"Leaver Dept.","2023","White","Commercial","Department for Education","Outside London","30","[c]","[c]","[c]"
"Leaver Dept.","2023","White","Commercial","Department for Environment, Food and Rural Affairs","Outside London","5","[c]","[c]","[c]"
"Leaver Dept.","2023","White","Commercial","Department for International Trade","London","[c]","[c]","[c]","[c]"
"Leaver Dept.","2023","White","Commercial","Department for Levelling Up, Housing and Communities","London","[c]","[c]","[c]","[c]"
"Leaver Dept.","2023","White","Commercial","Department for Transport","Outside London","10","[c]","[c]","[c]"
"Leaver Dept.","2023","White","Commercial","Department for Work and Pensions","Outside London","[c]","[c]","[c]","[c]"
"Leaver Dept.","2023","White","Commercial","Department of Health and Social Care","Outside London","[c]","[c]","[c]","[c]"
"Leaver Dept.","2023","White","Commercial","Food Standards Agency","London","[c]","[c]","[c]","[c]"
"Leaver Dept.","2023","White","Commercial","HM Revenue and Customs","Outside London","5","[c]","[c]","[c]"
"Leaver Dept.","2023","White","Commercial","HM Treasury","Outside London","[c]","[c]","[c]","[c]"
"Leaver Dept.","2023","White","Commercial","Home Office","London","[c]","[c]","[c]","[c]"
"Leaver Dept.","2023","White","Commercial","Home Office","Outside London","5","[c]","[c]","[c]"
"Leaver Dept.","2023","White","Commercial","Ministry of Defence","London","[c]","[c]","[c]","[c]"
"Leaver Dept.","2023","White","Commercial","Ministry of Defence","Outside London","40","[c]","39540","41800"
"Leaver Dept.","2023","White","Commercial","Ministry of Defence","Overseas","[c]","[c]","[c]","[c]"
"Leaver Dept.","2023","White","Commercial","Ministry of Justice","London","5","[c]","[c]","[c]"
"Leaver Dept.","2023","White","Commercial","Ministry of Justice","Outside London","5","[c]","[c]","[c]"
"Leaver Dept.","2023","White","Commercial","National Crime Agency","London","[c]","[c]","[c]","[c]"
"Leaver Dept.","2023","White","Commercial","Office for Standards in Education, Children's Services and Skills","Outside London","[c]","[c]","[c]","[c]"
"Leaver Dept.","2023","White","Commercial","Scottish Government","Outside London","[c]","[c]","[c]","[c]"
"Leaver Dept.","2023","White","Commercial","UK Export Finance","London","[c]","[c]","[c]","[c]"
"Leaver Dept.","2023","White","Commercial","Water Services Regulation Authority","Outside London","[c]","[c]","[c]","[c]"
"Leaver Dept.","2023","White","Communications","Attorney General's Departments","London","5","[c]","[c]","[c]"
"Leaver Dept.","2023","White","Communications","Cabinet Office","London","30","[c]","46300","41870"
"Leaver Dept.","2023","White","Communications","Cabinet Office","Outside London","10","[c]","[c]","[c]"
"Leaver Dept.","2023","White","Communications","Cabinet Office","Unknown","[c]","[c]","[c]","[c]"
"Leaver Dept.","2023","White","Communications","Charity Commission","London","[c]","[c]","[c]","[c]"
"Leaver Dept.","2023","White","Communications","Competition and Markets Authority","London","[c]","[c]","[c]","[c]"
"Leaver Dept.","2023","White","Communications","Department for Business, Energy and Industrial Strategy","London","10","[c]","[c]","[c]"
"Leaver Dept.","2023","White","Communications","Department for Business, Energy and Industrial Strategy","Outside London","5","[c]","[c]","[c]"
"Leaver Dept.","2023","White","Communications","Department for Digital, Culture, Media and Sport","London","[c]","[c]","[c]","[c]"
"Leaver Dept.","2023","White","Communications","Department for Education","London","10","[c]","[c]","[c]"
"Leaver Dept.","2023","White","Communications","Department for Education","Outside London","5","[c]","[c]","[c]"
"Leaver Dept.","2023","White","Communications","Department for Environment, Food and Rural Affairs","London","10","[c]","[c]","[c]"
"Leaver Dept.","2023","White","Communications","Department for Environment, Food and Rural Affairs","Outside London","10","[c]","[c]","[c]"
"Leaver Dept.","2023","White","Communications","Department for International Trade","London","[c]","[c]","[c]","[c]"
"Leaver Dept.","2023","White","Communications","Department for Levelling Up, Housing and Communities","London","5","[c]","[c]","[c]"
"Leaver Dept.","2023","White","Communications","Department for Levelling Up, Housing and Communities","Outside London","[c]","[c]","[c]","[c]"
"Leaver Dept.","2023","White","Communications","Department for Transport","Outside London","5","[c]","[c]","[c]"
"Leaver Dept.","2023","White","Communications","Department for Work and Pensions","London","[c]","[c]","[c]","[c]"
"Leaver Dept.","2023","White","Communications","Department for Work and Pensions","Outside London","[c]","[c]","[c]","[c]"
"Leaver Dept.","2023","White","Communications","Food Standards Agency","London","[c]","[c]","[c]","[c]"
"Leaver Dept.","2023","White","Communications","Food Standards Agency","Outside London","[c]","[c]","[c]","[c]"
"Leaver Dept.","2023","White","Communications","HM Revenue and Customs","London","5","[c]","[c]","[c]"
"Leaver Dept.","2023","White","Communications","HM Revenue and Customs","Outside London","5","[c]","[c]","[c]"
"Leaver Dept.","2023","White","Communications","HM Treasury","London","[c]","[c]","[c]","[c]"
"Leaver Dept.","2023","White","Communications","Home Office","London","5","[c]","[c]","[c]"
"Leaver Dept.","2023","White","Communications","Ministry of Defence","London","[c]","[c]","[c]","[c]"
"Leaver Dept.","2023","White","Communications","Ministry of Defence","Outside London","[c]","[c]","[c]","[c]"
"Leaver Dept.","2023","White","Communications","Ministry of Justice","London","[c]","[c]","[c]","[c]"
"Leaver Dept.","2023","White","Communications","Ministry of Justice","Outside London","[c]","[c]","[c]","[c]"
"Leaver Dept.","2023","White","Communications","National Crime Agency","London","[c]","[c]","[c]","[c]"
"Leaver Dept.","2023","White","Communications","Northern Ireland Office","London","[c]","[c]","[c]","[c]"
"Leaver Dept.","2023","White","Communications","Office of Gas and Electricity Markets","London","[c]","[c]","[c]","[c]"
"Leaver Dept.","2023","White","Communications","Office of Gas and Electricity Markets","Outside London","[c]","[c]","[c]","[c]"
"Leaver Dept.","2023","White","Communications","Office of Qualifications and Examinations Regulation","Outside London","[c]","[c]","[c]","[c]"
"Leaver Dept.","2023","White","Communications","Office of Rail and Road","London","[c]","[c]","[c]","[c]"
"Leaver Dept.","2023","White","Communications","Office of Rail and Road","Outside London","[c]","[c]","[c]","[c]"
"Leaver Dept.","2023","White","Communications","Office of the Secretary of State for Scotland","Outside London","[c]","[c]","[c]","[c]"
"Leaver Dept.","2023","White","Communications","Office of the Secretary of State for Wales","Outside London","[c]","[c]","[c]","[c]"
"Leaver Dept.","2023","White","Communications","The National Archives","London","[c]","[c]","[c]","[c]"
"Leaver Dept.","2023","White","Communications","UK Export Finance","London","[c]","[c]","[c]","[c]"
"Leaver Dept.","2023","White","Communications","UK Statistics Authority","Outside London","[c]","[c]","[c]","[c]"
"Leaver Dept.","2023","White","Communications","UK Supreme Court","London","[c]","[c]","[c]","[c]"
"Leaver Dept.","2023","White","Communications","Water Services Regulation Authority","Outside London","[c]","[c]","[c]","[c]"
"Leaver Dept.","2023","White","Counter Fraud","Attorney General's Departments","London","5","[c]","[c]","[c]"
"Leaver Dept.","2023","White","Counter Fraud","Cabinet Office","London","5","[c]","[c]","[c]"
"Leaver Dept.","2023","White","Counter Fraud","Cabinet Office","Outside London","[c]","[c]","[c]","[c]"
"Leaver Dept.","2023","White","Counter Fraud","Cabinet Office","Unknown","[c]","[c]","[c]","[c]"
"Leaver Dept.","2023","White","Counter Fraud","Department for Business, Energy and Industrial Strategy","Outside London","5","[c]","[c]","[c]"
"Leaver Dept.","2023","White","Counter Fraud","Department for Transport","London","[c]","[c]","[c]","[c]"
"Leaver Dept.","2023","White","Counter Fraud","Department for Transport","Outside London","[c]","[c]","[c]","[c]"
"Leaver Dept.","2023","White","Counter Fraud","Department for Work and Pensions","London","10","[c]","[c]","[c]"
"Leaver Dept.","2023","White","Counter Fraud","Department for Work and Pensions","Outside London","90","[c]","28510","28120"
"Leaver Dept.","2023","White","Counter Fraud","Department for Work and Pensions","Unknown","[c]","[c]","[c]","[c]"
"Leaver Dept.","2023","White","Counter Fraud","Food Standards Agency","London","[c]","[c]","[c]","[c]"
"Leaver Dept.","2023","White","Counter Fraud","Food Standards Agency","Outside London","[c]","[c]","[c]","[c]"
"Leaver Dept.","2023","White","Counter Fraud","HM Revenue and Customs","London","10","[c]","[c]","[c]"
"Leaver Dept.","2023","White","Counter Fraud","HM Revenue and Customs","Outside London","50","[c]","[c]","[c]"
"Leaver Dept.","2023","White","Debt","Department for Work and Pensions","Outside London","35","[c]","23000","21690"
"Leaver Dept.","2023","White","Debt","HM Revenue and Customs","London","5","[c]","[c]","[c]"
"Leaver Dept.","2023","White","Debt","HM Revenue and Customs","Outside London","55","[c]","[c]","[c]"
"Leaver Dept.","2023","White","Digital, Data & Technology","Attorney General's Departments","London","[c]","[c]","[c]","[c]"
"Leaver Dept.","2023","White","Digital, Data & Technology","Attorney General's Departments","Outside London","[c]","[c]","[c]","[c]"
"Leaver Dept.","2023","White","Digital, Data & Technology","Cabinet Office","London","30","[c]","54840","55570"
"Leaver Dept.","2023","White","Digital, Data & Technology","Cabinet Office","Outside London","25","[c]","[c]","[c]"
"Leaver Dept.","2023","White","Digital, Data & Technology","Cabinet Office","Unknown","[c]","[c]","[c]","[c]"
"Leaver Dept.","2023","White","Digital, Data & Technology","Charity Commission","Outside London","[c]","[c]","[c]","[c]"
"Leaver Dept.","2023","White","Digital, Data & Technology","Competition and Markets Authority","London","[c]","[c]","[c]","[c]"
"Leaver Dept.","2023","White","Digital, Data & Technology","Department for Business, Energy and Industrial Strategy","London","5","[c]","[c]","[c]"
"Leaver Dept.","2023","White","Digital, Data & Technology","Department for Business, Energy and Industrial Strategy","Outside London","20","[c]","[c]","[c]"
"Leaver Dept.","2023","White","Digital, Data & Technology","Department for Digital, Culture, Media and Sport","London","[c]","[c]","[c]","[c]"
"Leaver Dept.","2023","White","Digital, Data & Technology","Department for Education","London","5","[c]","[c]","[c]"
"Leaver Dept.","2023","White","Digital, Data & Technology","Department for Education","Outside London","35","[c]","41130","37590"
"Leaver Dept.","2023","White","Digital, Data & Technology","Department for Environment, Food and Rural Affairs","London","[c]","[c]","[c]","[c]"
"Leaver Dept.","2023","White","Digital, Data & Technology","Department for Environment, Food and Rural Affairs","Outside London","15","[c]","[c]","[c]"
"Leaver Dept.","2023","White","Digital, Data & Technology","Department for International Trade","London","[c]","[c]","[c]","[c]"
"Leaver Dept.","2023","White","Digital, Data & Technology","Department for International Trade","Outside London","[c]","[c]","[c]","[c]"
"Leaver Dept.","2023","White","Digital, Data & Technology","Department for Levelling Up, Housing and Communities","London","[c]","[c]","[c]","[c]"
"Leaver Dept.","2023","White","Digital, Data & Technology","Department for Levelling Up, Housing and Communities","Outside London","[c]","[c]","[c]","[c]"
"Leaver Dept.","2023","White","Digital, Data & Technology","Department for Transport","Outside London","15","[c]","[c]","[c]"
"Leaver Dept.","2023","White","Digital, Data & Technology","Department for Work and Pensions","London","[c]","[c]","[c]","[c]"
"Leaver Dept.","2023","White","Digital, Data & Technology","Department for Work and Pensions","Outside London","70","[c]","40730","38470"
"Leaver Dept.","2023","White","Digital, Data & Technology","Department for Work and Pensions","Unknown","[c]","[c]","[c]","[c]"
"Leaver Dept.","2023","White","Digital, Data & Technology","Department of Health and Social Care","London","[c]","[c]","[c]","[c]"
"Leaver Dept.","2023","White","Digital, Data & Technology","Department of Health and Social Care","Outside London","[c]","[c]","[c]","[c]"
"Leaver Dept.","2023","White","Digital, Data & Technology","Food Standards Agency","Outside London","[c]","[c]","[c]","[c]"
"Leaver Dept.","2023","White","Digital, Data & Technology","HM Revenue and Customs","London","5","[c]","[c]","[c]"
"Leaver Dept.","2023","White","Digital, Data & Technology","HM Revenue and Customs","Outside London","30","[c]","[c]","[c]"
"Leaver Dept.","2023","White","Digital, Data & Technology","HM Treasury","London","[c]","[c]","[c]","[c]"
"Leaver Dept.","2023","White","Digital, Data & Technology","Home Office","London","10","[c]","[c]","[c]"
"Leaver Dept.","2023","White","Digital, Data & Technology","Home Office","Outside London","10","[c]","[c]","[c]"
"Leaver Dept.","2023","White","Digital, Data & Technology","Ministry of Defence","London","[c]","[c]","[c]","[c]"
"Leaver Dept.","2023","White","Digital, Data & Technology","Ministry of Defence","Outside London","45","[c]","38290","39890"
"Leaver Dept.","2023","White","Digital, Data & Technology","Ministry of Justice","London","15","[c]","[c]","[c]"
"Leaver Dept.","2023","White","Digital, Data & Technology","Ministry of Justice","Outside London","25","[c]","[c]","[c]"
"Leaver Dept.","2023","White","Digital, Data & Technology","Ministry of Justice","Unknown","[c]","[c]","[c]","[c]"
"Leaver Dept.","2023","White","Digital, Data & Technology","National Crime Agency","London","[c]","[c]","[c]","[c]"
"Leaver Dept.","2023","White","Digital, Data & Technology","National Crime Agency","Outside London","5","[c]","[c]","[c]"
"Leaver Dept.","2023","White","Digital, Data & Technology","Northern Ireland Office","London","[c]","[c]","[c]","[c]"
"Leaver Dept.","2023","White","Digital, Data & Technology","Office for Standards in Education, Children's Services and Skills","London","[c]","[c]","[c]","[c]"
"Leaver Dept.","2023","White","Digital, Data & Technology","Office for Standards in Education, Children's Services and Skills","Outside London","[c]","[c]","[c]","[c]"
"Leaver Dept.","2023","White","Digital, Data & Technology","Office of Gas and Electricity Markets","London","[c]","[c]","[c]","[c]"
"Leaver Dept.","2023","White","Digital, Data & Technology","Office of Gas and Electricity Markets","Outside London","[c]","[c]","[c]","[c]"
"Leaver Dept.","2023","White","Digital, Data & Technology","Office of Qualifications and Examinations Regulation","Outside London","[c]","[c]","[c]","[c]"
"Leaver Dept.","2023","White","Digital, Data & Technology","Scottish Government","Outside London","[c]","[c]","[c]","[c]"
"Leaver Dept.","2023","White","Digital, Data & Technology","The National Archives","London","[c]","[c]","[c]","[c]"
"Leaver Dept.","2023","White","Digital, Data & Technology","UK Statistics Authority","London","[c]","[c]","[c]","[c]"
"Leaver Dept.","2023","White","Digital, Data & Technology","UK Statistics Authority","Outside London","20","[c]","[c]","[c]"
"Leaver Dept.","2023","White","Digital, Data & Technology","Water Services Regulation Authority","Outside London","[c]","[c]","[c]","[c]"
"Leaver Dept.","2023","White","Finance","Attorney General's Departments","London","[c]","[c]","[c]","[c]"
"Leaver Dept.","2023","White","Finance","Attorney General's Departments","Outside London","[c]","[c]","[c]","[c]"
"Leaver Dept.","2023","White","Finance","Cabinet Office","London","10","[c]","[c]","[c]"
"Leaver Dept.","2023","White","Finance","Cabinet Office","Outside London","[c]","[c]","[c]","[c]"
"Leaver Dept.","2023","White","Finance","Cabinet Office","Unknown","[c]","[c]","[c]","[c]"
"Leaver Dept.","2023","White","Finance","Competition and Markets Authority","London","[c]","[c]","[c]","[c]"
"Leaver Dept.","2023","White","Finance","Department for Business, Energy and Industrial Strategy","London","[c]","[c]","[c]","[c]"
"Leaver Dept.","2023","White","Finance","Department for Business, Energy and Industrial Strategy","Outside London","[c]","[c]","[c]","[c]"
"Leaver Dept.","2023","White","Finance","Department for Digital, Culture, Media and Sport","London","[c]","[c]","[c]","[c]"
"Leaver Dept.","2023","White","Finance","Department for Education","London","[c]","[c]","[c]","[c]"
"Leaver Dept.","2023","White","Finance","Department for Education","Outside London","20","[c]","[c]","[c]"
"Leaver Dept.","2023","White","Finance","Department for Environment, Food and Rural Affairs","London","[c]","[c]","[c]","[c]"
"Leaver Dept.","2023","White","Finance","Department for Environment, Food and Rural Affairs","Outside London","[c]","[c]","[c]","[c]"
"Leaver Dept.","2023","White","Finance","Department for International Trade","London","5","[c]","[c]","[c]"
"Leaver Dept.","2023","White","Finance","Department for Levelling Up, Housing and Communities","London","5","[c]","[c]","[c]"
"Leaver Dept.","2023","White","Finance","Department for Levelling Up, Housing and Communities","Outside London","[c]","[c]","[c]","[c]"
"Leaver Dept.","2023","White","Finance","Department for Transport","London","[c]","[c]","[c]","[c]"
"Leaver Dept.","2023","White","Finance","Department for Transport","Outside London","10","[c]","[c]","[c]"
"Leaver Dept.","2023","White","Finance","Department for Work and Pensions","London","15","[c]","[c]","[c]"
"Leaver Dept.","2023","White","Finance","Department for Work and Pensions","Outside London","65","[c]","40470","35310"
"Leaver Dept.","2023","White","Finance","Department for Work and Pensions","Unknown","[c]","[c]","[c]","[c]"
"Leaver Dept.","2023","White","Finance","Department of Health and Social Care","London","[c]","[c]","[c]","[c]"
"Leaver Dept.","2023","White","Finance","Food Standards Agency","London","[c]","[c]","[c]","[c]"
"Leaver Dept.","2023","White","Finance","Food Standards Agency","Outside London","[c]","[c]","[c]","[c]"
"Leaver Dept.","2023","White","Finance","Foreign, Commonwealth and Development Office","Outside London","[c]","[c]","[c]","[c]"
"Leaver Dept.","2023","White","Finance","HM Revenue and Customs","London","[c]","[c]","[c]","[c]"
"Leaver Dept.","2023","White","Finance","HM Revenue and Customs","Outside London","10","[c]","[c]","[c]"
"Leaver Dept.","2023","White","Finance","HM Treasury","London","5","[c]","[c]","[c]"
"Leaver Dept.","2023","White","Finance","HM Treasury","Outside London","[c]","[c]","[c]","[c]"
"Leaver Dept.","2023","White","Finance","Home Office","London","5","[c]","[c]","[c]"
"Leaver Dept.","2023","White","Finance","Home Office","Outside London","10","[c]","[c]","[c]"
"Leaver Dept.","2023","White","Finance","Ministry of Defence","London","5","[c]","[c]","[c]"
"Leaver Dept.","2023","White","Finance","Ministry of Defence","Outside London","25","[c]","[c]","[c]"
"Leaver Dept.","2023","White","Finance","Ministry of Defence","Overseas","[c]","[c]","[c]","[c]"
"Leaver Dept.","2023","White","Finance","Ministry of Justice","London","10","[c]","[c]","[c]"
"Leaver Dept.","2023","White","Finance","Ministry of Justice","Outside London","15","[c]","[c]","[c]"
"Leaver Dept.","2023","White","Finance","National Crime Agency","Outside London","[c]","[c]","[c]","[c]"
"Leaver Dept.","2023","White","Finance","Northern Ireland Office","London","[c]","[c]","[c]","[c]"
"Leaver Dept.","2023","White","Finance","Northern Ireland Office","Outside London","[c]","[c]","[c]","[c]"
"Leaver Dept.","2023","White","Finance","Office for Standards in Education, Children's Services and Skills","Outside London","[c]","[c]","[c]","[c]"
"Leaver Dept.","2023","White","Finance","Office of Gas and Electricity Markets","London","[c]","[c]","[c]","[c]"
"Leaver Dept.","2023","White","Finance","Office of Gas and Electricity Markets","Outside London","[c]","[c]","[c]","[c]"
"Leaver Dept.","2023","White","Finance","Office of Qualifications and Examinations Regulation","Outside London","[c]","[c]","[c]","[c]"
"Leaver Dept.","2023","White","Finance","Office of Rail and Road","Outside London","[c]","[c]","[c]","[c]"
"Leaver Dept.","2023","White","Finance","Scottish Government","Outside London","[c]","[c]","[c]","[c]"
"Leaver Dept.","2023","White","Finance","UK Export Finance","London","[c]","[c]","[c]","[c]"
"Leaver Dept.","2023","White","Finance","UK Statistics Authority","Outside London","[c]","[c]","[c]","[c]"
"Leaver Dept.","2023","White","Grants Management","Department for Environment, Food and Rural Affairs","London","[c]","[c]","[c]","[c]"
"Leaver Dept.","2023","White","Grants Management","Department for Environment, Food and Rural Affairs","Outside London","25","[c]","[c]","[c]"
"Leaver Dept.","2023","White","Grants Management","Home Office","London","[c]","[c]","[c]","[c]"
"Leaver Dept.","2023","White","Human Resources","Attorney General's Departments","London","[c]","[c]","[c]","[c]"
"Leaver Dept.","2023","White","Human Resources","Attorney General's Departments","Outside London","[c]","[c]","[c]","[c]"
"Leaver Dept.","2023","White","Human Resources","Cabinet Office","London","40","[c]","43470","36990"
"Leaver Dept.","2023","White","Human Resources","Cabinet Office","Outside London","55","[c]","32220","27550"
"Leaver Dept.","2023","White","Human Resources","Cabinet Office","Unknown","[c]","[c]","[c]","[c]"
"Leaver Dept.","2023","White","Human Resources","Chancellor's other departments","London","[c]","[c]","[c]","[c]"
"Leaver Dept.","2023","White","Human Resources","Competition and Markets Authority","London","[c]","[c]","[c]","[c]"
"Leaver Dept.","2023","White","Human Resources","Department for Business, Energy and Industrial Strategy","London","5","[c]","[c]","[c]"
"Leaver Dept.","2023","White","Human Resources","Department for Business, Energy and Industrial Strategy","Outside London","10","[c]","[c]","[c]"
"Leaver Dept.","2023","White","Human Resources","Department for Digital, Culture, Media and Sport","London","5","[c]","[c]","[c]"
"Leaver Dept.","2023","White","Human Resources","Department for Education","London","[c]","[c]","[c]","[c]"
"Leaver Dept.","2023","White","Human Resources","Department for Education","Outside London","10","[c]","[c]","[c]"
"Leaver Dept.","2023","White","Human Resources","Department for Environment, Food and Rural Affairs","London","[c]","[c]","[c]","[c]"
"Leaver Dept.","2023","White","Human Resources","Department for Environment, Food and Rural Affairs","Outside London","25","[c]","[c]","[c]"
"Leaver Dept.","2023","White","Human Resources","Department for International Trade","London","[c]","[c]","[c]","[c]"
"Leaver Dept.","2023","White","Human Resources","Department for International Trade","Outside London","[c]","[c]","[c]","[c]"
"Leaver Dept.","2023","White","Human Resources","Department for Levelling Up, Housing and Communities","London","[c]","[c]","[c]","[c]"
"Leaver Dept.","2023","White","Human Resources","Department for Levelling Up, Housing and Communities","Outside London","5","[c]","[c]","[c]"
"Leaver Dept.","2023","White","Human Resources","Department for Transport","London","[c]","[c]","[c]","[c]"
"Leaver Dept.","2023","White","Human Resources","Department for Transport","Outside London","45","[c]","33840","31800"
"Leaver Dept.","2023","White","Human Resources","Department for Work and Pensions","London","20","[c]","[c]","[c]"
"Leaver Dept.","2023","White","Human Resources","Department for Work and Pensions","Outside London","60","[c]","35250","32320"
"Leaver Dept.","2023","White","Human Resources","Department for Work and Pensions","Unknown","[c]","[c]","[c]","[c]"
"Leaver Dept.","2023","White","Human Resources","Department of Health and Social Care","London","[c]","[c]","[c]","[c]"
"Leaver Dept.","2023","White","Human Resources","Department of Health and Social Care","Outside London","[c]","[c]","[c]","[c]"
"Leaver Dept.","2023","White","Human Resources","Food Standards Agency","London","[c]","[c]","[c]","[c]"
"Leaver Dept.","2023","White","Human Resources","HM Revenue and Customs","London","5","[c]","[c]","[c]"
"Leaver Dept.","2023","White","Human Resources","HM Revenue and Customs","Outside London","25","[c]","[c]","[c]"
"Leaver Dept.","2023","White","Human Resources","HM Treasury","London","5","[c]","[c]","[c]"
"Leaver Dept.","2023","White","Human Resources","HM Treasury","Outside London","5","[c]","[c]","[c]"
"Leaver Dept.","2023","White","Human Resources","Home Office","London","10","[c]","[c]","[c]"
"Leaver Dept.","2023","White","Human Resources","Home Office","Outside London","15","[c]","[c]","[c]"
"Leaver Dept.","2023","White","Human Resources","Ministry of Defence","London","10","[c]","[c]","[c]"
"Leaver Dept.","2023","White","Human Resources","Ministry of Defence","Outside London","65","[c]","27380","22220"
"Leaver Dept.","2023","White","Human Resources","Ministry of Defence","Unknown","[c]","[c]","[c]","[c]"
"Leaver Dept.","2023","White","Human Resources","Ministry of Justice","London","20","[c]","[c]","[c]"
"Leaver Dept.","2023","White","Human Resources","Ministry of Justice","Outside London","40","[c]","41980","41120"
"Leaver Dept.","2023","White","Human Resources","National Crime Agency","Outside London","[c]","[c]","[c]","[c]"
"Leaver Dept.","2023","White","Human Resources","Northern Ireland Office","London","[c]","[c]","[c]","[c]"
"Leaver Dept.","2023","White","Human Resources","Office for Standards in Education, Children's Services and Skills","London","[c]","[c]","[c]","[c]"
"Leaver Dept.","2023","White","Human Resources","Office for Standards in Education, Children's Services and Skills","Outside London","[c]","[c]","[c]","[c]"
"Leaver Dept.","2023","White","Human Resources","Office of Rail and Road","London","[c]","[c]","[c]","[c]"
"Leaver Dept.","2023","White","Human Resources","Office of Rail and Road","Outside London","[c]","[c]","[c]","[c]"
"Leaver Dept.","2023","White","Human Resources","Scottish Government","Outside London","5","[c]","[c]","[c]"
"Leaver Dept.","2023","White","Human Resources","The National Archives","London","[c]","[c]","[c]","[c]"
"Leaver Dept.","2023","White","Human Resources","UK Export Finance","London","[c]","[c]","[c]","[c]"
"Leaver Dept.","2023","White","Human Resources","UK Statistics Authority","London","[c]","[c]","[c]","[c]"
"Leaver Dept.","2023","White","Human Resources","UK Statistics Authority","Outside London","15","[c]","[c]","[c]"
"Leaver Dept.","2023","White","Human Resources","Welsh Government","Outside London","[c]","[c]","[c]","[c]"
"Leaver Dept.","2023","White","Internal Audit","HM Revenue and Customs","London","[c]","[c]","[c]","[c]"
"Leaver Dept.","2023","White","Internal Audit","HM Revenue and Customs","Outside London","[c]","[c]","[c]","[c]"
"Leaver Dept.","2023","White","Internal Audit","HM Treasury","London","[c]","[c]","[c]","[c]"
"Leaver Dept.","2023","White","Internal Audit","HM Treasury","Outside London","[c]","[c]","[c]","[c]"
"Leaver Dept.","2023","White","Internal Audit","Ministry of Defence","Outside London","[c]","[c]","[c]","[c]"
"Leaver Dept.","2023","White","Internal Audit","Scottish Government","Outside London","[c]","[c]","[c]","[c]"
"Leaver Dept.","2023","White","Legal","Attorney General's Departments","London","80","[c]","49370","51250"
"Leaver Dept.","2023","White","Legal","Attorney General's Departments","Outside London","55","[c]","36000","28200"
"Leaver Dept.","2023","White","Legal","Cabinet Office","London","[c]","[c]","[c]","[c]"
"Leaver Dept.","2023","White","Legal","Competition and Markets Authority","London","[c]","[c]","[c]","[c]"
"Leaver Dept.","2023","White","Legal","Department for Business, Energy and Industrial Strategy","London","[c]","[c]","[c]","[c]"
"Leaver Dept.","2023","White","Legal","Department for Business, Energy and Industrial Strategy","Outside London","[c]","[c]","[c]","[c]"
"Leaver Dept.","2023","White","Legal","Department for Education","London","[c]","[c]","[c]","[c]"
"Leaver Dept.","2023","White","Legal","Department for Work and Pensions","Outside London","[c]","[c]","[c]","[c]"
"Leaver Dept.","2023","White","Legal","Food Standards Agency","Outside London","[c]","[c]","[c]","[c]"
"Leaver Dept.","2023","White","Legal","Foreign, Commonwealth and Development Office","Outside London","[c]","[c]","[c]","[c]"
"Leaver Dept.","2023","White","Legal","HM Revenue and Customs","London","5","[c]","[c]","[c]"
"Leaver Dept.","2023","White","Legal","HM Revenue and Customs","Outside London","5","[c]","[c]","[c]"
"Leaver Dept.","2023","White","Legal","Ministry of Defence","Outside London","[c]","[c]","[c]","[c]"
"Leaver Dept.","2023","White","Legal","Ministry of Justice","London","[c]","[c]","[c]","[c]"
"Leaver Dept.","2023","White","Legal","Ministry of Justice","Outside London","[c]","[c]","[c]","[c]"
"Leaver Dept.","2023","White","Legal","National Crime Agency","London","[c]","[c]","[c]","[c]"
"Leaver Dept.","2023","White","Legal","Office of Gas and Electricity Markets","London","[c]","[c]","[c]","[c]"
"Leaver Dept.","2023","White","Legal","Office of Gas and Electricity Markets","Outside London","[c]","[c]","[c]","[c]"
"Leaver Dept.","2023","White","Legal","Office of Rail and Road","London","[c]","[c]","[c]","[c]"
"Leaver Dept.","2023","White","Legal","Scottish Government","Outside London","[c]","[c]","[c]","[c]"
"Leaver Dept.","2023","White","Legal","UK Export Finance","London","[c]","[c]","[c]","[c]"
"Leaver Dept.","2023","White","Legal","UK Supreme Court","London","[c]","[c]","[c]","[c]"
"Leaver Dept.","2023","White","No function","Attorney General's Departments","London","[c]","[c]","[c]","[c]"
"Leaver Dept.","2023","White","No function","Cabinet Office","London","310","[c]","50180","52900"
"Leaver Dept.","2023","White","No function","Cabinet Office","Outside London","35","[c]","40400","38460"
"Leaver Dept.","2023","White","No function","Cabinet Office","Unknown","10","[c]","[c]","[c]"
"Leaver Dept.","2023","White","No function","Charity Commission","London","[c]","[c]","[c]","[c]"
"Leaver Dept.","2023","White","No function","Charity Commission","Outside London","10","[c]","[c]","[c]"
"Leaver Dept.","2023","White","No function","Department for Business, Energy and Industrial Strategy","London","240","[c]","46510","41550"
"Leaver Dept.","2023","White","No function","Department for Business, Energy and Industrial Strategy","Outside London","75","[c]","33760","26690"
"Leaver Dept.","2023","White","No function","Department for Digital, Culture, Media and Sport","London","115","[c]","46400","38100"
"Leaver Dept.","2023","White","No function","Department for Education","London","60","[c]","51940","51120"
"Leaver Dept.","2023","White","No function","Department for Education","Outside London","85","[c]","41970","37590"
"Leaver Dept.","2023","White","No function","Department for Environment, Food and Rural Affairs","London","135","[c]","[c]","[c]"
"Leaver Dept.","2023","White","No function","Department for Environment, Food and Rural Affairs","Outside London","140","[c]","28150","25920"
"Leaver Dept.","2023","White","No function","Department for International Trade","London","45","[c]","42720","38160"
"Leaver Dept.","2023","White","No function","Department for International Trade","Outside London","10","[c]","[c]","[c]"
"Leaver Dept.","2023","White","No function","Department for International Trade","Overseas","10","[c]","[c]","[c]"
"Leaver Dept.","2023","White","No function","Department for Levelling Up, Housing and Communities","London","125","[c]","46950","40800"
"Leaver Dept.","2023","White","No function","Department for Levelling Up, Housing and Communities","Outside London","95","[c]","39030","36340"
"Leaver Dept.","2023","White","No function","Department for Transport","London","90","[c]","48970","43320"
"Leaver Dept.","2023","White","No function","Department for Transport","Outside London","165","[c]","29820","26780"
"Leaver Dept.","2023","White","No function","Department for Work and Pensions","London","55","[c]","33960","32520"
"Leaver Dept.","2023","White","No function","Department for Work and Pensions","Outside London","1275","[c]","27300","28120"
"Leaver Dept.","2023","White","No function","Department for Work and Pensions","Unknown","15","[c]","[c]","[c]"
"Leaver Dept.","2023","White","No function","Department of Health and Social Care","London","35","[c]","[c]","[c]"
"Leaver Dept.","2023","White","No function","Department of Health and Social Care","Outside London","50","[c]","40540","37060"
"Leaver Dept.","2023","White","No function","Department of Health and Social Care","Unknown","[c]","[c]","[c]","[c]"
"Leaver Dept.","2023","White","No function","Food Standards Agency","London","5","[c]","[c]","[c]"
"Leaver Dept.","2023","White","No function","Food Standards Agency","Outside London","20","[c]","[c]","[c]"
"Leaver Dept.","2023","White","No function","HM Revenue and Customs","London","25","[c]","[c]","[c]"
"Leaver Dept.","2023","White","No function","HM Revenue and Customs","Outside London","370","[c]","[c]","[c]"
"Leaver Dept.","2023","White","No function","HM Treasury","London","140","[c]","48530","50580"
"Leaver Dept.","2023","White","No function","HM Treasury","Outside London","10","[c]","[c]","[c]"
"Leaver Dept.","2023","White","No function","Home Office","London","215","[c]","49110","43210"
"Leaver Dept.","2023","White","No function","Home Office","Outside London","290","[c]","29900","26240"
"Leaver Dept.","2023","White","No function","Home Office","Overseas","[c]","[c]","[c]","[c]"
"Leaver Dept.","2023","White","No function","Home Office","Unknown","[c]","[c]","[c]","[c]"
"Leaver Dept.","2023","White","No function","Ministry of Defence","London","45","[c]","45220","45750"
"Leaver Dept.","2023","White","No function","Ministry of Defence","Outside London","105","[c]","31480","27140"
"Leaver Dept.","2023","White","No function","Ministry of Defence","Overseas","[c]","[c]","[c]","[c]"
"Leaver Dept.","2023","White","No function","Ministry of Justice","London","195","[c]","42570","41510"
"Leaver Dept.","2023","White","No function","Ministry of Justice","Outside London","700","[c]","26320","21780"
"Leaver Dept.","2023","White","No function","Ministry of Justice","Unknown","[c]","[c]","[c]","[c]"
"Leaver Dept.","2023","White","No function","National Crime Agency","London","20","[c]","[c]","[c]"
"Leaver Dept.","2023","White","No function","National Crime Agency","Outside London","25","[c]","[c]","[c]"
"Leaver Dept.","2023","White","No function","National Crime Agency","Overseas","[c]","[c]","[c]","[c]"
"Leaver Dept.","2023","White","No function","National Crime Agency","Unknown","[c]","[c]","[c]","[c]"
"Leaver Dept.","2023","White","No function","Office for Standards in Education, Children's Services and Skills","London","5","[c]","[c]","[c]"
"Leaver Dept.","2023","White","No function","Office for Standards in Education, Children's Services and Skills","Outside London","5","[c]","[c]","[c]"
"Leaver Dept.","2023","White","No function","Office of Gas and Electricity Markets","London","5","[c]","[c]","[c]"
"Leaver Dept.","2023","White","No function","Office of Gas and Electricity Markets","Outside London","[c]","[c]","[c]","[c]"
"Leaver Dept.","2023","White","No function","Office of Qualifications and Examinations Regulation","Outside London","5","[c]","[c]","[c]"
"Leaver Dept.","2023","White","No function","Office of Rail and Road","London","[c]","[c]","[c]","[c]"
"Leaver Dept.","2023","White","No function","Office of Rail and Road","Outside London","[c]","[c]","[c]","[c]"
"Leaver Dept.","2023","White","No function","Office of the Secretary of State for Wales","London","[c]","[c]","[c]","[c]"
"Leaver Dept.","2023","White","No function","Office of the Secretary of State for Wales","Outside London","[c]","[c]","[c]","[c]"
"Leaver Dept.","2023","White","No function","Scottish Government","Outside London","15","[c]","[c]","[c]"
"Leaver Dept.","2023","White","No function","The National Archives","London","[c]","[c]","[c]","[c]"
"Leaver Dept.","2023","White","No function","UK Statistics Authority","London","10","[c]","[c]","[c]"
"Leaver Dept.","2023","White","No function","UK Statistics Authority","Outside London","50","[c]","33500","31060"
"Leaver Dept.","2023","White","No function","Water Services Regulation Authority","Outside London","5","[c]","[c]","[c]"
"Leaver Dept.","2023","White","No function","Welsh Government","Outside London","[c]","[c]","[c]","[c]"
"Leaver Dept.","2023","White","Project Delivery","Attorney General's Departments","London","[c]","[c]","[c]","[c]"
"Leaver Dept.","2023","White","Project Delivery","Cabinet Office","London","15","[c]","[c]","[c]"
"Leaver Dept.","2023","White","Project Delivery","Cabinet Office","Outside London","[c]","[c]","[c]","[c]"
"Leaver Dept.","2023","White","Project Delivery","Cabinet Office","Unknown","[c]","[c]","[c]","[c]"
"Leaver Dept.","2023","White","Project Delivery","Chancellor's other departments","London","[c]","[c]","[c]","[c]"
"Leaver Dept.","2023","White","Project Delivery","Competition and Markets Authority","London","5","[c]","[c]","[c]"
"Leaver Dept.","2023","White","Project Delivery","Competition and Markets Authority","Outside London","5","[c]","[c]","[c]"
"Leaver Dept.","2023","White","Project Delivery","Department for Business, Energy and Industrial Strategy","London","[c]","[c]","[c]","[c]"
"Leaver Dept.","2023","White","Project Delivery","Department for Business, Energy and Industrial Strategy","Outside London","10","[c]","[c]","[c]"
"Leaver Dept.","2023","White","Project Delivery","Department for Digital, Culture, Media and Sport","London","20","[c]","[c]","[c]"
"Leaver Dept.","2023","White","Project Delivery","Department for Education","London","10","[c]","[c]","[c]"
"Leaver Dept.","2023","White","Project Delivery","Department for Education","Outside London","30","[c]","[c]","[c]"
"Leaver Dept.","2023","White","Project Delivery","Department for Environment, Food and Rural Affairs","Outside London","[c]","[c]","[c]","[c]"
"Leaver Dept.","2023","White","Project Delivery","Department for International Trade","London","[c]","[c]","[c]","[c]"
"Leaver Dept.","2023","White","Project Delivery","Department for International Trade","Outside London","[c]","[c]","[c]","[c]"
"Leaver Dept.","2023","White","Project Delivery","Department for Levelling Up, Housing and Communities","London","5","[c]","[c]","[c]"
"Leaver Dept.","2023","White","Project Delivery","Department for Levelling Up, Housing and Communities","Outside London","[c]","[c]","[c]","[c]"
"Leaver Dept.","2023","White","Project Delivery","Department for Transport","Outside London","15","[c]","[c]","[c]"
"Leaver Dept.","2023","White","Project Delivery","Department for Work and Pensions","London","5","[c]","[c]","[c]"
"Leaver Dept.","2023","White","Project Delivery","Department for Work and Pensions","Outside London","25","[c]","[c]","[c]"
"Leaver Dept.","2023","White","Project Delivery","Department for Work and Pensions","Unknown","[c]","[c]","[c]","[c]"
"Leaver Dept.","2023","White","Project Delivery","Department of Health and Social Care","London","[c]","[c]","[c]","[c]"
"Leaver Dept.","2023","White","Project Delivery","Department of Health and Social Care","Outside London","[c]","[c]","[c]","[c]"
"Leaver Dept.","2023","White","Project Delivery","Estyn","Outside London","[c]","[c]","[c]","[c]"
"Leaver Dept.","2023","White","Project Delivery","Food Standards Agency","Outside London","[c]","[c]","[c]","[c]"
"Leaver Dept.","2023","White","Project Delivery","Foreign, Commonwealth and Development Office","Outside London","5","[c]","[c]","[c]"
"Leaver Dept.","2023","White","Project Delivery","HM Revenue and Customs","London","10","[c]","[c]","[c]"
"Leaver Dept.","2023","White","Project Delivery","HM Revenue and Customs","Outside London","40","[c]","[c]","[c]"
"Leaver Dept.","2023","White","Project Delivery","HM Treasury","London","[c]","[c]","[c]","[c]"
"Leaver Dept.","2023","White","Project Delivery","HM Treasury","Outside London","[c]","[c]","[c]","[c]"
"Leaver Dept.","2023","White","Project Delivery","Home Office","London","[c]","[c]","[c]","[c]"
"Leaver Dept.","2023","White","Project Delivery","Home Office","Outside London","[c]","[c]","[c]","[c]"
"Leaver Dept.","2023","White","Project Delivery","Ministry of Defence","London","[c]","[c]","[c]","[c]"
"Leaver Dept.","2023","White","Project Delivery","Ministry of Defence","Outside London","55","[c]","40300","38410"
"Leaver Dept.","2023","White","Project Delivery","Ministry of Defence","Overseas","[c]","[c]","[c]","[c]"
"Leaver Dept.","2023","White","Project Delivery","Ministry of Justice","London","[c]","[c]","[c]","[c]"
"Leaver Dept.","2023","White","Project Delivery","Ministry of Justice","Outside London","10","[c]","[c]","[c]"
"Leaver Dept.","2023","White","Project Delivery","National Crime Agency","London","[c]","[c]","[c]","[c]"
"Leaver Dept.","2023","White","Project Delivery","National Crime Agency","Outside London","[c]","[c]","[c]","[c]"
"Leaver Dept.","2023","White","Project Delivery","Office of Gas and Electricity Markets","London","[c]","[c]","[c]","[c]"
"Leaver Dept.","2023","White","Project Delivery","Office of Gas and Electricity Markets","Outside London","[c]","[c]","[c]","[c]"
"Leaver Dept.","2023","White","Project Delivery","Scottish Government","Outside London","[c]","[c]","[c]","[c]"
"Leaver Dept.","2023","White","Project Delivery","UK Export Finance","London","[c]","[c]","[c]","[c]"
"Leaver Dept.","2023","White","Project Delivery","UK Statistics Authority","Outside London","10","[c]","[c]","[c]"
"Leaver Dept.","2023","White","Project Delivery","Welsh Government","Outside London","[c]","[c]","[c]","[c]"
"Leaver Dept.","2023","White","Property","Cabinet Office","London","[c]","[c]","[c]","[c]"
"Leaver Dept.","2023","White","Property","Cabinet Office","Outside London","25","[c]","[c]","[c]"
"Leaver Dept.","2023","White","Property","Cabinet Office","Unknown","[c]","[c]","[c]","[c]"
"Leaver Dept.","2023","White","Property","Department for Business, Energy and Industrial Strategy","London","[c]","[c]","[c]","[c]"
"Leaver Dept.","2023","White","Property","Department for Digital, Culture, Media and Sport","London","[c]","[c]","[c]","[c]"
"Leaver Dept.","2023","White","Property","Department for Education","Outside London","[c]","[c]","[c]","[c]"
"Leaver Dept.","2023","White","Property","Department for Environment, Food and Rural Affairs","London","[c]","[c]","[c]","[c]"
"Leaver Dept.","2023","White","Property","Department for Environment, Food and Rural Affairs","Outside London","10","[c]","[c]","[c]"
"Leaver Dept.","2023","White","Property","Department for Transport","Outside London","[c]","[c]","[c]","[c]"
"Leaver Dept.","2023","White","Property","Department for Work and Pensions","London","[c]","[c]","[c]","[c]"
"Leaver Dept.","2023","White","Property","Department for Work and Pensions","Outside London","5","[c]","[c]","[c]"
"Leaver Dept.","2023","White","Property","Department of Health and Social Care","London","[c]","[c]","[c]","[c]"
"Leaver Dept.","2023","White","Property","Department of Health and Social Care","Outside London","[c]","[c]","[c]","[c]"
"Leaver Dept.","2023","White","Property","Food Standards Agency","Outside London","[c]","[c]","[c]","[c]"
"Leaver Dept.","2023","White","Property","HM Revenue and Customs","London","[c]","[c]","[c]","[c]"
"Leaver Dept.","2023","White","Property","HM Revenue and Customs","Outside London","45","[c]","29130","26020"
"Leaver Dept.","2023","White","Property","Ministry of Defence","London","[c]","[c]","[c]","[c]"
"Leaver Dept.","2023","White","Property","Ministry of Defence","Outside London","10","[c]","[c]","[c]"
"Leaver Dept.","2023","White","Property","Ministry of Justice","London","5","[c]","[c]","[c]"
"Leaver Dept.","2023","White","Property","Ministry of Justice","Outside London","10","[c]","[c]","[c]"
"Leaver Dept.","2023","White","Property","Office for Standards in Education, Children's Services and Skills","Outside London","[c]","[c]","[c]","[c]"
"Leaver Dept.","2023","White","Property","Office of Gas and Electricity Markets","London","[c]","[c]","[c]","[c]"
"Leaver Dept.","2023","White","Property","UK Statistics Authority","Outside London","[c]","[c]","[c]","[c]"
"Leaver Dept.","2023","White","Security","Attorney General's Departments","London","[c]","[c]","[c]","[c]"
"Leaver Dept.","2023","White","Security","Attorney General's Departments","Outside London","[c]","[c]","[c]","[c]"
"Leaver Dept.","2023","White","Security","Cabinet Office","London","30","[c]","41950","35620"
"Leaver Dept.","2023","White","Security","Cabinet Office","Outside London","40","[c]","31680","32830"
"Leaver Dept.","2023","White","Security","Cabinet Office","Unknown","[c]","[c]","[c]","[c]"
"Leaver Dept.","2023","White","Security","Chancellor's other departments","London","[c]","[c]","[c]","[c]"
"Leaver Dept.","2023","White","Security","Department for Business, Energy and Industrial Strategy","London","[c]","[c]","[c]","[c]"
"Leaver Dept.","2023","White","Security","Department for Business, Energy and Industrial Strategy","Outside London","[c]","[c]","[c]","[c]"
"Leaver Dept.","2023","White","Security","Department for Education","London","[c]","[c]","[c]","[c]"
"Leaver Dept.","2023","White","Security","Department for Education","Outside London","[c]","[c]","[c]","[c]"
"Leaver Dept.","2023","White","Security","Department for International Trade","London","[c]","[c]","[c]","[c]"
"Leaver Dept.","2023","White","Security","Department for Transport","Outside London","5","[c]","[c]","[c]"
"Leaver Dept.","2023","White","Security","Foreign, Commonwealth and Development Office","Overseas","[c]","[c]","[c]","[c]"
"Leaver Dept.","2023","White","Security","HM Revenue and Customs","London","[c]","[c]","[c]","[c]"
"Leaver Dept.","2023","White","Security","HM Revenue and Customs","Outside London","[c]","[c]","[c]","[c]"
"Leaver Dept.","2023","White","Security","Home Office","London","[c]","[c]","[c]","[c]"
"Leaver Dept.","2023","White","Security","Home Office","Outside London","[c]","[c]","[c]","[c]"
"Leaver Dept.","2023","White","Security","Ministry of Defence","London","[c]","[c]","[c]","[c]"
"Leaver Dept.","2023","White","Security","Ministry of Defence","Outside London","35","[c]","27530","25000"
"Leaver Dept.","2023","White","Security","Ministry of Defence","Overseas","[c]","[c]","[c]","[c]"
"Leaver Dept.","2023","White","Security","Ministry of Justice","London","[c]","[c]","[c]","[c]"
"Leaver Dept.","2023","White","Security","Ministry of Justice","Outside London","5","[c]","[c]","[c]"
"Leaver Dept.","2023","White","Security","National Crime Agency","London","[c]","[c]","[c]","[c]"
"Leaver Dept.","2023","White","Security","Northern Ireland Office","London","[c]","[c]","[c]","[c]"
"Leaver Dept.","2023","White","Security","UK Statistics Authority","Outside London","[c]","[c]","[c]","[c]"
"Leaver Dept.","2023","White","Unknown","Attorney General's Departments","London","[c]","[c]","[c]","[c]"
"Leaver Dept.","2023","White","Unknown","Attorney General's Departments","Outside London","[c]","[c]","[c]","[c]"
"Leaver Dept.","2023","White","Unknown","Cabinet Office","London","[c]","[c]","[c]","[c]"
"Leaver Dept.","2023","White","Unknown","Cabinet Office","Outside London","[c]","[c]","[c]","[c]"
"Leaver Dept.","2023","White","Unknown","Cabinet Office","Unknown","[c]","[c]","[c]","[c]"
"Leaver Dept.","2023","White","Unknown","Department for Business, Energy and Industrial Strategy","London","5","[c]","[c]","[c]"
"Leaver Dept.","2023","White","Unknown","Department for Business, Energy and Industrial Strategy","Outside London","[c]","[c]","[c]","[c]"
"Leaver Dept.","2023","White","Unknown","Department for Education","London","[c]","[c]","[c]","[c]"
"Leaver Dept.","2023","White","Unknown","Department for Education","Outside London","[c]","[c]","[c]","[c]"
"Leaver Dept.","2023","White","Unknown","Department for Environment, Food and Rural Affairs","Outside London","[c]","[c]","[c]","[c]"
"Leaver Dept.","2023","White","Unknown","Department for International Trade","London","[c]","[c]","[c]","[c]"
"Leaver Dept.","2023","White","Unknown","Department for Work and Pensions","London","40","[c]","49610","39150"
"Leaver Dept.","2023","White","Unknown","Department for Work and Pensions","Outside London","30","[c]","36130","31990"
"Leaver Dept.","2023","White","Unknown","Department for Work and Pensions","Unknown","[c]","[c]","[c]","[c]"
"Leaver Dept.","2023","White","Unknown","Department of Health and Social Care","London","115","[c]","[c]","[c]"
"Leaver Dept.","2023","White","Unknown","Department of Health and Social Care","Outside London","45","[c]","[c]","[c]"
"Leaver Dept.","2023","White","Unknown","Department of Health and Social Care","Unknown","[c]","[c]","[c]","[c]"
"Leaver Dept.","2023","White","Unknown","Foreign, Commonwealth and Development Office","London","5","[c]","[c]","[c]"
"Leaver Dept.","2023","White","Unknown","Foreign, Commonwealth and Development Office","Outside London","25","[c]","[c]","[c]"
"Leaver Dept.","2023","White","Unknown","Foreign, Commonwealth and Development Office","Overseas","[c]","[c]","[c]","[c]"
"Leaver Dept.","2023","White","Unknown","Ministry of Defence","Outside London","5","[c]","[c]","[c]"
"Leaver Dept.","2023","White","Unknown","Ministry of Defence","Unknown","[c]","[c]","[c]","[c]"
"Leaver Dept.","2023","White","Unknown","Northern Ireland Office","London","5","[c]","[c]","[c]"
"Leaver Dept.","2023","White","Unknown","Northern Ireland Office","Outside London","[c]","[c]","[c]","[c]"
"Leaver Dept.","2023","White","Unknown","Office of Gas and Electricity Markets","London","15","[c]","[c]","[c]"
"Leaver Dept.","2023","White","Unknown","Office of Gas and Electricity Markets","Outside London","15","[c]","[c]","[c]"
"Leaver Dept.","2023","White","Unknown","Office of the Secretary of State for Scotland","London","[c]","[c]","[c]","[c]"
"Leaver Dept.","2023","White","Unknown","Office of the Secretary of State for Scotland","Outside London","[c]","[c]","[c]","[c]"
"Leaver Dept.","2023","White","Unknown","Scottish Government","Outside London","65","[c]","39900","36330"
"Leaver Dept.","2023","White","Unknown","Scottish Government","Overseas","[c]","[c]","[c]","[c]"
"Leaver Dept.","2023","White","Unknown","Welsh Government","Outside London","60","[c]","42400","38160"
"New entrant CS","2023","Asian","Analysis","Cabinet Office","London","[c]","[c]","[c]","[c]"
"New entrant CS","2023","Asian","Analysis","Cabinet Office","Outside London","[c]","[c]","[c]","[c]"
"New entrant CS","2023","Asian","Analysis","Cabinet Office","Unknown","[c]","[c]","[c]","[c]"
"New entrant CS","2023","Asian","Analysis","Chancellor's other departments","London","5","[c]","[c]","[c]"
"New entrant CS","2023","Asian","Analysis","Chancellor's other departments","Outside London","[c]","[c]","[c]","[c]"
"New entrant CS","2023","Asian","Analysis","Charity Commission","Outside London","[c]","[c]","[c]","[c]"
"New entrant CS","2023","Asian","Analysis","Competition and Markets Authority","London","[c]","[c]","[c]","[c]"
"New entrant CS","2023","Asian","Analysis","Competition and Markets Authority","Outside London","[c]","[c]","[c]","[c]"
"New entrant CS","2023","Asian","Analysis","Department for Business, Energy and Industrial Strategy","London","[c]","[c]","[c]","[c]"
"New entrant CS","2023","Asian","Analysis","Department for Business, Energy and Industrial Strategy","Outside London","[c]","[c]","[c]","[c]"
"New entrant CS","2023","Asian","Analysis","Department for Digital, Culture, Media and Sport","London","[c]","[c]","[c]","[c]"
"New entrant CS","2023","Asian","Analysis","Department for Digital, Culture, Media and Sport","Outside London","[c]","[c]","[c]","[c]"
"New entrant CS","2023","Asian","Analysis","Department for Education","London","[c]","[c]","[c]","[c]"
"New entrant CS","2023","Asian","Analysis","Department for Education","Outside London","[c]","[c]","[c]","[c]"
"New entrant CS","2023","Asian","Analysis","Department for Environment, Food and Rural Affairs","Outside London","[c]","[c]","[c]","[c]"
"New entrant CS","2023","Asian","Analysis","Department for International Trade","London","[c]","[c]","[c]","[c]"
"New entrant CS","2023","Asian","Analysis","Department for International Trade","Outside London","[c]","[c]","[c]","[c]"
"New entrant CS","2023","Asian","Analysis","Department for Levelling Up, Housing and Communities","London","[c]","[c]","[c]","[c]"
"New entrant CS","2023","Asian","Analysis","Department for Levelling Up, Housing and Communities","Outside London","[c]","[c]","[c]","[c]"
"New entrant CS","2023","Asian","Analysis","Department for Transport","London","[c]","[c]","[c]","[c]"
"New entrant CS","2023","Asian","Analysis","Department for Transport","Outside London","[c]","[c]","[c]","[c]"
"New entrant CS","2023","Asian","Analysis","Department for Work and Pensions","London","[c]","[c]","[c]","[c]"
"New entrant CS","2023","Asian","Analysis","Department for Work and Pensions","Outside London","[c]","[c]","[c]","[c]"
"New entrant CS","2023","Asian","Analysis","Department for Work and Pensions","Unknown","[c]","[c]","[c]","[c]"
"New entrant CS","2023","Asian","Analysis","Department of Health and Social Care","London","10","[c]","[c]","[c]"
"New entrant CS","2023","Asian","Analysis","Department of Health and Social Care","Outside London","[c]","[c]","[c]","[c]"
"New entrant CS","2023","Asian","Analysis","Estyn","Outside London","[c]","[c]","[c]","[c]"
"New entrant CS","2023","Asian","Analysis","Food Standards Agency","London","[c]","[c]","[c]","[c]"
"New entrant CS","2023","Asian","Analysis","Food Standards Agency","Outside London","[c]","[c]","[c]","[c]"
"New entrant CS","2023","Asian","Analysis","HM Land Registry","London","[c]","[c]","[c]","[c]"
"New entrant CS","2023","Asian","Analysis","HM Land Registry","Outside London","[c]","[c]","[c]","[c]"
"New entrant CS","2023","Asian","Analysis","HM Revenue and Customs","London","[c]","[c]","[c]","[c]"
"New entrant CS","2023","Asian","Analysis","HM Revenue and Customs","Outside London","5","[c]","[c]","[c]"
"New entrant CS","2023","Asian","Analysis","HM Treasury","London","10","[c]","[c]","[c]"
"New entrant CS","2023","Asian","Analysis","HM Treasury","Outside London","[c]","[c]","[c]","[c]"
"New entrant CS","2023","Asian","Analysis","Home Office","London","[c]","[c]","[c]","[c]"
"New entrant CS","2023","Asian","Analysis","Home Office","Outside London","[c]","[c]","[c]","[c]"
"New entrant CS","2023","Asian","Analysis","Ministry of Defence","London","5","[c]","[c]","[c]"
"New entrant CS","2023","Asian","Analysis","Ministry of Defence","Outside London","5","[c]","[c]","[c]"
"New entrant CS","2023","Asian","Analysis","Ministry of Justice","London","15","[c]","[c]","[c]"
"New entrant CS","2023","Asian","Analysis","Ministry of Justice","Outside London","[c]","[c]","[c]","[c]"
"New entrant CS","2023","Asian","Analysis","Ministry of Justice","Unknown","[c]","[c]","[c]","[c]"
"New entrant CS","2023","Asian","Analysis","Office for Standards in Education, Children's Services and Skills","London","[c]","[c]","[c]","[c]"
"New entrant CS","2023","Asian","Analysis","Office for Standards in Education, Children's Services and Skills","Outside London","5","[c]","[c]","[c]"
"New entrant CS","2023","Asian","Analysis","Office of Gas and Electricity Markets","London","10","[c]","[c]","[c]"
"New entrant CS","2023","Asian","Analysis","Office of Gas and Electricity Markets","Outside London","[c]","[c]","[c]","[c]"
"New entrant CS","2023","Asian","Analysis","Office of Rail and Road","London","[c]","[c]","[c]","[c]"
"New entrant CS","2023","Asian","Analysis","Office of Rail and Road","Outside London","[c]","[c]","[c]","[c]"
"New entrant CS","2023","Asian","Analysis","UK Export Finance","London","[c]","[c]","[c]","[c]"
"New entrant CS","2023","Asian","Analysis","UK Statistics Authority","London","[c]","[c]","[c]","[c]"
"New entrant CS","2023","Asian","Analysis","UK Statistics Authority","Outside London","20","[c]","[c]","[c]"
"New entrant CS","2023","Asian","Analysis","Water Services Regulation Authority","London","[c]","[c]","[c]","[c]"
"New entrant CS","2023","Asian","Analysis","Water Services Regulation Authority","Outside London","[c]","[c]","[c]","[c]"
"New entrant CS","2023","Asian","Commercial","Attorney General's Departments","London","[c]","[c]","[c]","[c]"
"New entrant CS","2023","Asian","Commercial","Attorney General's Departments","Outside London","[c]","[c]","[c]","[c]"
"New entrant CS","2023","Asian","Commercial","Cabinet Office","London","[c]","[c]","[c]","[c]"
"New entrant CS","2023","Asian","Commercial","Cabinet Office","Outside London","5","[c]","[c]","[c]"
"New entrant CS","2023","Asian","Commercial","Cabinet Office","Unknown","[c]","[c]","[c]","[c]"
"New entrant CS","2023","Asian","Commercial","Chancellor's other departments","London","[c]","[c]","[c]","[c]"
"New entrant CS","2023","Asian","Commercial","Chancellor's other departments","Outside London","[c]","[c]","[c]","[c]"
"New entrant CS","2023","Asian","Commercial","Competition and Markets Authority","Outside London","[c]","[c]","[c]","[c]"
"New entrant CS","2023","Asian","Commercial","Department for Business, Energy and Industrial Strategy","Outside London","[c]","[c]","[c]","[c]"
"New entrant CS","2023","Asian","Commercial","Department for Digital, Culture, Media and Sport","London","[c]","[c]","[c]","[c]"
"New entrant CS","2023","Asian","Commercial","Department for Digital, Culture, Media and Sport","Outside London","[c]","[c]","[c]","[c]"
"New entrant CS","2023","Asian","Commercial","Department for Education","London","[c]","[c]","[c]","[c]"
"New entrant CS","2023","Asian","Commercial","Department for Education","Outside London","[c]","[c]","[c]","[c]"
"New entrant CS","2023","Asian","Commercial","Department for Environment, Food and Rural Affairs","London","[c]","[c]","[c]","[c]"
"New entrant CS","2023","Asian","Commercial","Department for Environment, Food and Rural Affairs","Outside London","[c]","[c]","[c]","[c]"
"New entrant CS","2023","Asian","Commercial","Department for International Trade","London","[c]","[c]","[c]","[c]"
"New entrant CS","2023","Asian","Commercial","Department for International Trade","Outside London","[c]","[c]","[c]","[c]"
"New entrant CS","2023","Asian","Commercial","Department for Levelling Up, Housing and Communities","London","[c]","[c]","[c]","[c]"
"New entrant CS","2023","Asian","Commercial","Department for Levelling Up, Housing and Communities","Outside London","[c]","[c]","[c]","[c]"
"New entrant CS","2023","Asian","Commercial","Department for Transport","London","[c]","[c]","[c]","[c]"
"New entrant CS","2023","Asian","Commercial","Department for Transport","Outside London","[c]","[c]","[c]","[c]"
"New entrant CS","2023","Asian","Commercial","Department for Work and Pensions","Outside London","[c]","[c]","[c]","[c]"
"New entrant CS","2023","Asian","Commercial","Department of Health and Social Care","London","5","[c]","[c]","[c]"
"New entrant CS","2023","Asian","Commercial","Department of Health and Social Care","Outside London","[c]","[c]","[c]","[c]"
"New entrant CS","2023","Asian","Commercial","Food Standards Agency","London","[c]","[c]","[c]","[c]"
"New entrant CS","2023","Asian","Commercial","HM Revenue and Customs","Outside London","[c]","[c]","[c]","[c]"
"New entrant CS","2023","Asian","Commercial","Home Office","London","[c]","[c]","[c]","[c]"
"New entrant CS","2023","Asian","Commercial","Home Office","Outside London","[c]","[c]","[c]","[c]"
"New entrant CS","2023","Asian","Commercial","Ministry of Defence","London","[c]","[c]","[c]","[c]"
"New entrant CS","2023","Asian","Commercial","Ministry of Defence","Outside London","5","[c]","[c]","[c]"
"New entrant CS","2023","Asian","Commercial","Ministry of Justice","London","[c]","[c]","[c]","[c]"
"New entrant CS","2023","Asian","Commercial","Ministry of Justice","Outside London","[c]","[c]","[c]","[c]"
"New entrant CS","2023","Asian","Commercial","National Crime Agency","London","[c]","[c]","[c]","[c]"
"New entrant CS","2023","Asian","Commercial","National Crime Agency","Outside London","[c]","[c]","[c]","[c]"
"New entrant CS","2023","Asian","Commercial","Office for Standards in Education, Children's Services and Skills","Outside London","[c]","[c]","[c]","[c]"
"New entrant CS","2023","Asian","Commercial","Office of Rail and Road","London","[c]","[c]","[c]","[c]"
"New entrant CS","2023","Asian","Commercial","Scottish Government","Outside London","[c]","[c]","[c]","[c]"
"New entrant CS","2023","Asian","Commercial","The National Archives","London","[c]","[c]","[c]","[c]"
"New entrant CS","2023","Asian","Commercial","UK Export Finance","London","10","[c]","[c]","[c]"
"New entrant CS","2023","Asian","Commercial","Water Services Regulation Authority","Outside London","[c]","[c]","[c]","[c]"
"New entrant CS","2023","Asian","Communications","Attorney General's Departments","London","[c]","[c]","[c]","[c]"
"New entrant CS","2023","Asian","Communications","Attorney General's Departments","Outside London","[c]","[c]","[c]","[c]"
"New entrant CS","2023","Asian","Communications","Cabinet Office","London","[c]","[c]","[c]","[c]"
"New entrant CS","2023","Asian","Communications","Cabinet Office","Outside London","[c]","[c]","[c]","[c]"
"New entrant CS","2023","Asian","Communications","Chancellor's other departments","London","[c]","[c]","[c]","[c]"
"New entrant CS","2023","Asian","Communications","Chancellor's other departments","Outside London","[c]","[c]","[c]","[c]"
"New entrant CS","2023","Asian","Communications","Charity Commission","London","[c]","[c]","[c]","[c]"
"New entrant CS","2023","Asian","Communications","Charity Commission","Outside London","[c]","[c]","[c]","[c]"
"New entrant CS","2023","Asian","Communications","Competition and Markets Authority","London","[c]","[c]","[c]","[c]"
"New entrant CS","2023","Asian","Communications","Competition and Markets Authority","Outside London","[c]","[c]","[c]","[c]"
"New entrant CS","2023","Asian","Communications","Department for Business, Energy and Industrial Strategy","London","[c]","[c]","[c]","[c]"
"New entrant CS","2023","Asian","Communications","Department for Business, Energy and Industrial Strategy","Outside London","[c]","[c]","[c]","[c]"
"New entrant CS","2023","Asian","Communications","Department for Digital, Culture, Media and Sport","London","[c]","[c]","[c]","[c]"
"New entrant CS","2023","Asian","Communications","Department for Digital, Culture, Media and Sport","Outside London","[c]","[c]","[c]","[c]"
"New entrant CS","2023","Asian","Communications","Department for Education","London","[c]","[c]","[c]","[c]"
"New entrant CS","2023","Asian","Communications","Department for Education","Outside London","[c]","[c]","[c]","[c]"
"New entrant CS","2023","Asian","Communications","Department for Environment, Food and Rural Affairs","London","[c]","[c]","[c]","[c]"
"New entrant CS","2023","Asian","Communications","Department for Environment, Food and Rural Affairs","Outside London","[c]","[c]","[c]","[c]"
"New entrant CS","2023","Asian","Communications","Department for International Trade","London","[c]","[c]","[c]","[c]"
"New entrant CS","2023","Asian","Communications","Department for International Trade","Outside London","[c]","[c]","[c]","[c]"
"New entrant CS","2023","Asian","Communications","Department for Levelling Up, Housing and Communities","London","[c]","[c]","[c]","[c]"
"New entrant CS","2023","Asian","Communications","Department for Transport","London","[c]","[c]","[c]","[c]"
"New entrant CS","2023","Asian","Communications","Department for Transport","Outside London","[c]","[c]","[c]","[c]"
"New entrant CS","2023","Asian","Communications","Department for Work and Pensions","London","[c]","[c]","[c]","[c]"
"New entrant CS","2023","Asian","Communications","Department for Work and Pensions","Outside London","[c]","[c]","[c]","[c]"
"New entrant CS","2023","Asian","Communications","Department for Work and Pensions","Unknown","[c]","[c]","[c]","[c]"
"New entrant CS","2023","Asian","Communications","Department of Health and Social Care","London","[c]","[c]","[c]","[c]"
"New entrant CS","2023","Asian","Communications","Department of Health and Social Care","Outside London","[c]","[c]","[c]","[c]"
"New entrant CS","2023","Asian","Communications","Estyn","Outside London","[c]","[c]","[c]","[c]"
"New entrant CS","2023","Asian","Communications","Food Standards Agency","London","[c]","[c]","[c]","[c]"
"New entrant CS","2023","Asian","Communications","Food Standards Agency","Outside London","[c]","[c]","[c]","[c]"
"New entrant CS","2023","Asian","Communications","Foreign, Commonwealth and Development Office","Outside London","[c]","[c]","[c]","[c]"
"New entrant CS","2023","Asian","Communications","HM Land Registry","Outside London","[c]","[c]","[c]","[c]"
"New entrant CS","2023","Asian","Communications","HM Revenue and Customs","London","[c]","[c]","[c]","[c]"
"New entrant CS","2023","Asian","Communications","HM Revenue and Customs","Outside London","[c]","[c]","[c]","[c]"
"New entrant CS","2023","Asian","Communications","HM Treasury","London","[c]","[c]","[c]","[c]"
"New entrant CS","2023","Asian","Communications","HM Treasury","Outside London","[c]","[c]","[c]","[c]"
"New entrant CS","2023","Asian","Communications","Home Office","London","[c]","[c]","[c]","[c]"
"New entrant CS","2023","Asian","Communications","Home Office","Outside London","[c]","[c]","[c]","[c]"
"New entrant CS","2023","Asian","Communications","Ministry of Defence","London","[c]","[c]","[c]","[c]"
"New entrant CS","2023","Asian","Communications","Ministry of Defence","Outside London","[c]","[c]","[c]","[c]"
"New entrant CS","2023","Asian","Communications","Ministry of Justice","London","[c]","[c]","[c]","[c]"
"New entrant CS","2023","Asian","Communications","Ministry of Justice","Outside London","[c]","[c]","[c]","[c]"
"New entrant CS","2023","Asian","Communications","National Crime Agency","London","[c]","[c]","[c]","[c]"
"New entrant CS","2023","Asian","Communications","Northern Ireland Office","Outside London","[c]","[c]","[c]","[c]"
"New entrant CS","2023","Asian","Communications","Office for Standards in Education, Children's Services and Skills","London","[c]","[c]","[c]","[c]"
"New entrant CS","2023","Asian","Communications","Office for Standards in Education, Children's Services and Skills","Outside London","[c]","[c]","[c]","[c]"
"New entrant CS","2023","Asian","Communications","Office of Gas and Electricity Markets","London","[c]","[c]","[c]","[c]"
"New entrant CS","2023","Asian","Communications","Office of Gas and Electricity Markets","Outside London","[c]","[c]","[c]","[c]"
"New entrant CS","2023","Asian","Communications","Office of Qualifications and Examinations Regulation","Outside London","[c]","[c]","[c]","[c]"
"New entrant CS","2023","Asian","Communications","Office of Rail and Road","London","[c]","[c]","[c]","[c]"
"New entrant CS","2023","Asian","Communications","Office of Rail and Road","Outside London","[c]","[c]","[c]","[c]"
"New entrant CS","2023","Asian","Communications","Office of the Secretary of State for Scotland","London","[c]","[c]","[c]","[c]"
"New entrant CS","2023","Asian","Communications","Office of the Secretary of State for Scotland","Outside London","[c]","[c]","[c]","[c]"
"New entrant CS","2023","Asian","Communications","Office of the Secretary of State for Wales","Outside London","[c]","[c]","[c]","[c]"
"New entrant CS","2023","Asian","Communications","Scottish Government","Outside London","[c]","[c]","[c]","[c]"
"New entrant CS","2023","Asian","Communications","The National Archives","London","[c]","[c]","[c]","[c]"
"New entrant CS","2023","Asian","Communications","UK Export Finance","London","[c]","[c]","[c]","[c]"
"New entrant CS","2023","Asian","Communications","UK Statistics Authority","London","[c]","[c]","[c]","[c]"
"New entrant CS","2023","Asian","Communications","UK Statistics Authority","Outside London","[c]","[c]","[c]","[c]"
"New entrant CS","2023","Asian","Communications","UK Supreme Court","London","[c]","[c]","[c]","[c]"
"New entrant CS","2023","Asian","Communications","Water Services Regulation Authority","London","[c]","[c]","[c]","[c]"
"New entrant CS","2023","Asian","Counter Fraud","Attorney General's Departments","London","[c]","[c]","[c]","[c]"
"New entrant CS","2023","Asian","Counter Fraud","Cabinet Office","London","[c]","[c]","[c]","[c]"
"New entrant CS","2023","Asian","Counter Fraud","Cabinet Office","Outside London","[c]","[c]","[c]","[c]"
"New entrant CS","2023","Asian","Counter Fraud","Cabinet Office","Unknown","[c]","[c]","[c]","[c]"
"New entrant CS","2023","Asian","Counter Fraud","Department for Business, Energy and Industrial Strategy","Outside London","[c]","[c]","[c]","[c]"
"New entrant CS","2023","Asian","Counter Fraud","Department for Digital, Culture, Media and Sport","London","[c]","[c]","[c]","[c]"
"New entrant CS","2023","Asian","Counter Fraud","Department for Digital, Culture, Media and Sport","Outside London","[c]","[c]","[c]","[c]"
"New entrant CS","2023","Asian","Counter Fraud","Department for Transport","London","[c]","[c]","[c]","[c]"
"New entrant CS","2023","Asian","Counter Fraud","Department for Transport","Outside London","[c]","[c]","[c]","[c]"
"New entrant CS","2023","Asian","Counter Fraud","Department for Work and Pensions","London","5","[c]","[c]","[c]"
"New entrant CS","2023","Asian","Counter Fraud","Department for Work and Pensions","Outside London","30","[c]","[c]","[c]"
"New entrant CS","2023","Asian","Counter Fraud","Food Standards Agency","Outside London","[c]","[c]","[c]","[c]"
"New entrant CS","2023","Asian","Counter Fraud","HM Revenue and Customs","London","10","[c]","[c]","[c]"
"New entrant CS","2023","Asian","Counter Fraud","HM Revenue and Customs","Outside London","10","[c]","[c]","[c]"
"New entrant CS","2023","Asian","Counter Fraud","Ministry of Defence","Outside London","[c]","[c]","[c]","[c]"
"New entrant CS","2023","Asian","Debt","Department for Work and Pensions","Outside London","110","[c]","21680","21690"
"New entrant CS","2023","Asian","Debt","Department for Work and Pensions","Unknown","[c]","[c]","[c]","[c]"
"New entrant CS","2023","Asian","Debt","HM Revenue and Customs","London","60","[c]","26920","26920"
"New entrant CS","2023","Asian","Debt","HM Revenue and Customs","Outside London","180","[c]","22560","22520"
"New entrant CS","2023","Asian","Digital, Data & Technology","Attorney General's Departments","London","5","[c]","[c]","[c]"
"New entrant CS","2023","Asian","Digital, Data & Technology","Attorney General's Departments","Outside London","[c]","[c]","[c]","[c]"
"New entrant CS","2023","Asian","Digital, Data & Technology","Cabinet Office","London","15","[c]","[c]","[c]"
"New entrant CS","2023","Asian","Digital, Data & Technology","Cabinet Office","Outside London","10","[c]","[c]","[c]"
"New entrant CS","2023","Asian","Digital, Data & Technology","Cabinet Office","Unknown","[c]","[c]","[c]","[c]"
"New entrant CS","2023","Asian","Digital, Data & Technology","Chancellor's other departments","London","[c]","[c]","[c]","[c]"
"New entrant CS","2023","Asian","Digital, Data & Technology","Charity Commission","Outside London","[c]","[c]","[c]","[c]"
"New entrant CS","2023","Asian","Digital, Data & Technology","Competition and Markets Authority","London","[c]","[c]","[c]","[c]"
"New entrant CS","2023","Asian","Digital, Data & Technology","Competition and Markets Authority","Outside London","[c]","[c]","[c]","[c]"
"New entrant CS","2023","Asian","Digital, Data & Technology","Department for Business, Energy and Industrial Strategy","London","[c]","[c]","[c]","[c]"
"New entrant CS","2023","Asian","Digital, Data & Technology","Department for Business, Energy and Industrial Strategy","Outside London","15","[c]","[c]","[c]"
"New entrant CS","2023","Asian","Digital, Data & Technology","Department for Business, Energy and Industrial Strategy","Overseas","[c]","[c]","[c]","[c]"
"New entrant CS","2023","Asian","Digital, Data & Technology","Department for Digital, Culture, Media and Sport","London","[c]","[c]","[c]","[c]"
"New entrant CS","2023","Asian","Digital, Data & Technology","Department for Digital, Culture, Media and Sport","Outside London","[c]","[c]","[c]","[c]"
"New entrant CS","2023","Asian","Digital, Data & Technology","Department for Education","London","[c]","[c]","[c]","[c]"
"New entrant CS","2023","Asian","Digital, Data & Technology","Department for Education","Outside London","15","[c]","[c]","[c]"
"New entrant CS","2023","Asian","Digital, Data & Technology","Department for Environment, Food and Rural Affairs","London","5","[c]","[c]","[c]"
"New entrant CS","2023","Asian","Digital, Data & Technology","Department for Environment, Food and Rural Affairs","Outside London","10","[c]","[c]","[c]"
"New entrant CS","2023","Asian","Digital, Data & Technology","Department for International Trade","London","[c]","[c]","[c]","[c]"
"New entrant CS","2023","Asian","Digital, Data & Technology","Department for International Trade","Outside London","[c]","[c]","[c]","[c]"
"New entrant CS","2023","Asian","Digital, Data & Technology","Department for Levelling Up, Housing and Communities","London","[c]","[c]","[c]","[c]"
"New entrant CS","2023","Asian","Digital, Data & Technology","Department for Levelling Up, Housing and Communities","Outside London","[c]","[c]","[c]","[c]"
"New entrant CS","2023","Asian","Digital, Data & Technology","Department for Transport","London","[c]","[c]","[c]","[c]"
"New entrant CS","2023","Asian","Digital, Data & Technology","Department for Transport","Outside London","5","[c]","[c]","[c]"
"New entrant CS","2023","Asian","Digital, Data & Technology","Department for Work and Pensions","London","5","[c]","[c]","[c]"
"New entrant CS","2023","Asian","Digital, Data & Technology","Department for Work and Pensions","Outside London","35","[c]","42480","40050"
"New entrant CS","2023","Asian","Digital, Data & Technology","Department for Work and Pensions","Unknown","[c]","[c]","[c]","[c]"
"New entrant CS","2023","Asian","Digital, Data & Technology","Department of Health and Social Care","London","5","[c]","[c]","[c]"
"New entrant CS","2023","Asian","Digital, Data & Technology","Department of Health and Social Care","Outside London","[c]","[c]","[c]","[c]"
"New entrant CS","2023","Asian","Digital, Data & Technology","Food Standards Agency","London","[c]","[c]","[c]","[c]"
"New entrant CS","2023","Asian","Digital, Data & Technology","Food Standards Agency","Outside London","[c]","[c]","[c]","[c]"
"New entrant CS","2023","Asian","Digital, Data & Technology","HM Land Registry","London","[c]","[c]","[c]","[c]"
"New entrant CS","2023","Asian","Digital, Data & Technology","HM Land Registry","Outside London","[c]","[c]","[c]","[c]"
"New entrant CS","2023","Asian","Digital, Data & Technology","HM Revenue and Customs","London","15","[c]","[c]","[c]"
"New entrant CS","2023","Asian","Digital, Data & Technology","HM Revenue and Customs","Outside London","65","[c]","39100","39020"
"New entrant CS","2023","Asian","Digital, Data & Technology","HM Treasury","London","[c]","[c]","[c]","[c]"
"New entrant CS","2023","Asian","Digital, Data & Technology","HM Treasury","Outside London","[c]","[c]","[c]","[c]"
"New entrant CS","2023","Asian","Digital, Data & Technology","Home Office","London","5","[c]","[c]","[c]"
"New entrant CS","2023","Asian","Digital, Data & Technology","Home Office","Outside London","[c]","[c]","[c]","[c]"
"New entrant CS","2023","Asian","Digital, Data & Technology","Ministry of Defence","London","[c]","[c]","[c]","[c]"
"New entrant CS","2023","Asian","Digital, Data & Technology","Ministry of Defence","Outside London","5","[c]","[c]","[c]"
"New entrant CS","2023","Asian","Digital, Data & Technology","Ministry of Defence","Overseas","[c]","[c]","[c]","[c]"
"New entrant CS","2023","Asian","Digital, Data & Technology","Ministry of Justice","London","15","[c]","[c]","[c]"
"New entrant CS","2023","Asian","Digital, Data & Technology","Ministry of Justice","Outside London","10","[c]","[c]","[c]"
"New entrant CS","2023","Asian","Digital, Data & Technology","National Crime Agency","London","[c]","[c]","[c]","[c]"
"New entrant CS","2023","Asian","Digital, Data & Technology","National Crime Agency","Outside London","[c]","[c]","[c]","[c]"
"New entrant CS","2023","Asian","Digital, Data & Technology","Office for Standards in Education, Children's Services and Skills","London","[c]","[c]","[c]","[c]"
"New entrant CS","2023","Asian","Digital, Data & Technology","Office for Standards in Education, Children's Services and Skills","Outside London","[c]","[c]","[c]","[c]"
"New entrant CS","2023","Asian","Digital, Data & Technology","Office of Gas and Electricity Markets","London","15","[c]","[c]","[c]"
"New entrant CS","2023","Asian","Digital, Data & Technology","Office of Gas and Electricity Markets","Outside London","[c]","[c]","[c]","[c]"
"New entrant CS","2023","Asian","Digital, Data & Technology","Office of Qualifications and Examinations Regulation","Outside London","[c]","[c]","[c]","[c]"
"New entrant CS","2023","Asian","Digital, Data & Technology","Office of Rail and Road","London","[c]","[c]","[c]","[c]"
"New entrant CS","2023","Asian","Digital, Data & Technology","Office of Rail and Road","Outside London","[c]","[c]","[c]","[c]"
"New entrant CS","2023","Asian","Digital, Data & Technology","Scottish Government","Outside London","[c]","[c]","[c]","[c]"
"New entrant CS","2023","Asian","Digital, Data & Technology","The National Archives","London","[c]","[c]","[c]","[c]"
"New entrant CS","2023","Asian","Digital, Data & Technology","UK Export Finance","London","[c]","[c]","[c]","[c]"
"New entrant CS","2023","Asian","Digital, Data & Technology","UK Statistics Authority","London","10","[c]","[c]","[c]"
"New entrant CS","2023","Asian","Digital, Data & Technology","UK Statistics Authority","Outside London","20","[c]","[c]","[c]"
"New entrant CS","2023","Asian","Digital, Data & Technology","UK Supreme Court","London","[c]","[c]","[c]","[c]"
"New entrant CS","2023","Asian","Digital, Data & Technology","Water Services Regulation Authority","London","[c]","[c]","[c]","[c]"
"New entrant CS","2023","Asian","Digital, Data & Technology","Water Services Regulation Authority","Outside London","[c]","[c]","[c]","[c]"
"New entrant CS","2023","Asian","Finance","Attorney General's Departments","London","5","[c]","[c]","[c]"
"New entrant CS","2023","Asian","Finance","Attorney General's Departments","Outside London","[c]","[c]","[c]","[c]"
"New entrant CS","2023","Asian","Finance","Cabinet Office","London","[c]","[c]","[c]","[c]"
"New entrant CS","2023","Asian","Finance","Cabinet Office","Outside London","[c]","[c]","[c]","[c]"
"New entrant CS","2023","Asian","Finance","Chancellor's other departments","London","[c]","[c]","[c]","[c]"
"New entrant CS","2023","Asian","Finance","Charity Commission","Outside London","[c]","[c]","[c]","[c]"
"New entrant CS","2023","Asian","Finance","Competition and Markets Authority","London","[c]","[c]","[c]","[c]"
"New entrant CS","2023","Asian","Finance","Competition and Markets Authority","Outside London","[c]","[c]","[c]","[c]"
"New entrant CS","2023","Asian","Finance","Department for Business, Energy and Industrial Strategy","London","[c]","[c]","[c]","[c]"
"New entrant CS","2023","Asian","Finance","Department for Business, Energy and Industrial Strategy","Outside London","[c]","[c]","[c]","[c]"
"New entrant CS","2023","Asian","Finance","Department for Digital, Culture, Media and Sport","London","[c]","[c]","[c]","[c]"
"New entrant CS","2023","Asian","Finance","Department for Digital, Culture, Media and Sport","Outside London","[c]","[c]","[c]","[c]"
"New entrant CS","2023","Asian","Finance","Department for Education","London","[c]","[c]","[c]","[c]"
"New entrant CS","2023","Asian","Finance","Department for Education","Outside London","[c]","[c]","[c]","[c]"
"New entrant CS","2023","Asian","Finance","Department for Environment, Food and Rural Affairs","London","[c]","[c]","[c]","[c]"
"New entrant CS","2023","Asian","Finance","Department for Environment, Food and Rural Affairs","Outside London","[c]","[c]","[c]","[c]"
"New entrant CS","2023","Asian","Finance","Department for International Trade","London","[c]","[c]","[c]","[c]"
"New entrant CS","2023","Asian","Finance","Department for International Trade","Outside London","[c]","[c]","[c]","[c]"
"New entrant CS","2023","Asian","Finance","Department for Levelling Up, Housing and Communities","London","[c]","[c]","[c]","[c]"
"New entrant CS","2023","Asian","Finance","Department for Levelling Up, Housing and Communities","Outside London","[c]","[c]","[c]","[c]"
"New entrant CS","2023","Asian","Finance","Department for Transport","London","[c]","[c]","[c]","[c]"
"New entrant CS","2023","Asian","Finance","Department for Transport","Outside London","[c]","[c]","[c]","[c]"
"New entrant CS","2023","Asian","Finance","Department for Work and Pensions","London","5","[c]","[c]","[c]"
"New entrant CS","2023","Asian","Finance","Department for Work and Pensions","Outside London","10","[c]","[c]","[c]"
"New entrant CS","2023","Asian","Finance","Department for Work and Pensions","Unknown","[c]","[c]","[c]","[c]"
"New entrant CS","2023","Asian","Finance","Department of Health and Social Care","London","5","[c]","[c]","[c]"
"New entrant CS","2023","Asian","Finance","Department of Health and Social Care","Outside London","[c]","[c]","[c]","[c]"
"New entrant CS","2023","Asian","Finance","Estyn","Outside London","[c]","[c]","[c]","[c]"
"New entrant CS","2023","Asian","Finance","Food Standards Agency","Outside London","[c]","[c]","[c]","[c]"
"New entrant CS","2023","Asian","Finance","HM Land Registry","Outside London","[c]","[c]","[c]","[c]"
"New entrant CS","2023","Asian","Finance","HM Revenue and Customs","London","5","[c]","[c]","[c]"
"New entrant CS","2023","Asian","Finance","HM Revenue and Customs","Outside London","20","[c]","[c]","[c]"
"New entrant CS","2023","Asian","Finance","HM Treasury","London","[c]","[c]","[c]","[c]"
"New entrant CS","2023","Asian","Finance","HM Treasury","Outside London","[c]","[c]","[c]","[c]"
"New entrant CS","2023","Asian","Finance","Home Office","London","[c]","[c]","[c]","[c]"
"New entrant CS","2023","Asian","Finance","Home Office","Outside London","[c]","[c]","[c]","[c]"
"New entrant CS","2023","Asian","Finance","Ministry of Defence","London","[c]","[c]","[c]","[c]"
"New entrant CS","2023","Asian","Finance","Ministry of Defence","Outside London","10","[c]","[c]","[c]"
"New entrant CS","2023","Asian","Finance","Ministry of Defence","Overseas","[c]","[c]","[c]","[c]"
"New entrant CS","2023","Asian","Finance","Ministry of Justice","London","[c]","[c]","[c]","[c]"
"New entrant CS","2023","Asian","Finance","Ministry of Justice","Outside London","[c]","[c]","[c]","[c]"
"New entrant CS","2023","Asian","Finance","Ministry of Justice","Unknown","[c]","[c]","[c]","[c]"
"New entrant CS","2023","Asian","Finance","National Crime Agency","London","[c]","[c]","[c]","[c]"
"New entrant CS","2023","Asian","Finance","National Crime Agency","Outside London","[c]","[c]","[c]","[c]"
"New entrant CS","2023","Asian","Finance","Northern Ireland Office","Outside London","[c]","[c]","[c]","[c]"
"New entrant CS","2023","Asian","Finance","Office for Standards in Education, Children's Services and Skills","Outside London","[c]","[c]","[c]","[c]"
"New entrant CS","2023","Asian","Finance","Office of Gas and Electricity Markets","London","[c]","[c]","[c]","[c]"
"New entrant CS","2023","Asian","Finance","Office of Gas and Electricity Markets","Outside London","[c]","[c]","[c]","[c]"
"New entrant CS","2023","Asian","Finance","Office of Qualifications and Examinations Regulation","Outside London","[c]","[c]","[c]","[c]"
"New entrant CS","2023","Asian","Finance","Office of Rail and Road","London","[c]","[c]","[c]","[c]"
"New entrant CS","2023","Asian","Finance","Office of Rail and Road","Outside London","[c]","[c]","[c]","[c]"
"New entrant CS","2023","Asian","Finance","Office of the Secretary of State for Scotland","London","[c]","[c]","[c]","[c]"
"New entrant CS","2023","Asian","Finance","Scottish Government","Outside London","[c]","[c]","[c]","[c]"
"New entrant CS","2023","Asian","Finance","UK Export Finance","London","[c]","[c]","[c]","[c]"
"New entrant CS","2023","Asian","Finance","UK Statistics Authority","Outside London","[c]","[c]","[c]","[c]"
"New entrant CS","2023","Asian","Finance","Water Services Regulation Authority","London","[c]","[c]","[c]","[c]"
"New entrant CS","2023","Asian","Finance","Water Services Regulation Authority","Outside London","[c]","[c]","[c]","[c]"
"New entrant CS","2023","Asian","Grants Management","Department for Environment, Food and Rural Affairs","London","[c]","[c]","[c]","[c]"
"New entrant CS","2023","Asian","Grants Management","Department for Environment, Food and Rural Affairs","Outside London","20","[c]","[c]","[c]"
"New entrant CS","2023","Asian","Grants Management","Department of Health and Social Care","London","[c]","[c]","[c]","[c]"
"New entrant CS","2023","Asian","Grants Management","Home Office","Outside London","[c]","[c]","[c]","[c]"
"New entrant CS","2023","Asian","Grants Management","The National Archives","London","[c]","[c]","[c]","[c]"
"New entrant CS","2023","Asian","Human Resources","Attorney General's Departments","London","5","[c]","[c]","[c]"
"New entrant CS","2023","Asian","Human Resources","Attorney General's Departments","Outside London","[c]","[c]","[c]","[c]"
"New entrant CS","2023","Asian","Human Resources","Cabinet Office","London","[c]","[c]","[c]","[c]"
"New entrant CS","2023","Asian","Human Resources","Cabinet Office","Outside London","[c]","[c]","[c]","[c]"
"New entrant CS","2023","Asian","Human Resources","Cabinet Office","Unknown","[c]","[c]","[c]","[c]"
"New entrant CS","2023","Asian","Human Resources","Chancellor's other departments","London","[c]","[c]","[c]","[c]"
"New entrant CS","2023","Asian","Human Resources","Charity Commission","Outside London","[c]","[c]","[c]","[c]"
"New entrant CS","2023","Asian","Human Resources","Competition and Markets Authority","London","[c]","[c]","[c]","[c]"
"New entrant CS","2023","Asian","Human Resources","Competition and Markets Authority","Outside London","[c]","[c]","[c]","[c]"
"New entrant CS","2023","Asian","Human Resources","Department for Business, Energy and Industrial Strategy","London","[c]","[c]","[c]","[c]"
"New entrant CS","2023","Asian","Human Resources","Department for Business, Energy and Industrial Strategy","Outside London","[c]","[c]","[c]","[c]"
"New entrant CS","2023","Asian","Human Resources","Department for Digital, Culture, Media and Sport","London","[c]","[c]","[c]","[c]"
"New entrant CS","2023","Asian","Human Resources","Department for Digital, Culture, Media and Sport","Outside London","[c]","[c]","[c]","[c]"
"New entrant CS","2023","Asian","Human Resources","Department for Education","London","[c]","[c]","[c]","[c]"
"New entrant CS","2023","Asian","Human Resources","Department for Education","Outside London","[c]","[c]","[c]","[c]"
"New entrant CS","2023","Asian","Human Resources","Department for Environment, Food and Rural Affairs","London","[c]","[c]","[c]","[c]"
"New entrant CS","2023","Asian","Human Resources","Department for Environment, Food and Rural Affairs","Outside London","[c]","[c]","[c]","[c]"
"New entrant CS","2023","Asian","Human Resources","Department for International Trade","London","[c]","[c]","[c]","[c]"
"New entrant CS","2023","Asian","Human Resources","Department for International Trade","Outside London","[c]","[c]","[c]","[c]"
"New entrant CS","2023","Asian","Human Resources","Department for Levelling Up, Housing and Communities","London","[c]","[c]","[c]","[c]"
"New entrant CS","2023","Asian","Human Resources","Department for Levelling Up, Housing and Communities","Outside London","[c]","[c]","[c]","[c]"
"New entrant CS","2023","Asian","Human Resources","Department for Transport","London","[c]","[c]","[c]","[c]"
"New entrant CS","2023","Asian","Human Resources","Department for Transport","Outside London","[c]","[c]","[c]","[c]"
"New entrant CS","2023","Asian","Human Resources","Department for Work and Pensions","London","[c]","[c]","[c]","[c]"
"New entrant CS","2023","Asian","Human Resources","Department for Work and Pensions","Outside London","[c]","[c]","[c]","[c]"
"New entrant CS","2023","Asian","Human Resources","Department for Work and Pensions","Unknown","[c]","[c]","[c]","[c]"
"New entrant CS","2023","Asian","Human Resources","Department of Health and Social Care","London","[c]","[c]","[c]","[c]"
"New entrant CS","2023","Asian","Human Resources","Department of Health and Social Care","Outside London","[c]","[c]","[c]","[c]"
"New entrant CS","2023","Asian","Human Resources","Food Standards Agency","Outside London","[c]","[c]","[c]","[c]"
"New entrant CS","2023","Asian","Human Resources","HM Land Registry","London","[c]","[c]","[c]","[c]"
"New entrant CS","2023","Asian","Human Resources","HM Land Registry","Outside London","[c]","[c]","[c]","[c]"
"New entrant CS","2023","Asian","Human Resources","HM Revenue and Customs","London","[c]","[c]","[c]","[c]"
"New entrant CS","2023","Asian","Human Resources","HM Revenue and Customs","Outside London","[c]","[c]","[c]","[c]"
"New entrant CS","2023","Asian","Human Resources","HM Treasury","London","[c]","[c]","[c]","[c]"
"New entrant CS","2023","Asian","Human Resources","HM Treasury","Outside London","[c]","[c]","[c]","[c]"
"New entrant CS","2023","Asian","Human Resources","Home Office","London","[c]","[c]","[c]","[c]"
"New entrant CS","2023","Asian","Human Resources","Home Office","Outside London","[c]","[c]","[c]","[c]"
"New entrant CS","2023","Asian","Human Resources","Ministry of Defence","London","[c]","[c]","[c]","[c]"
"New entrant CS","2023","Asian","Human Resources","Ministry of Defence","Outside London","5","[c]","[c]","[c]"
"New entrant CS","2023","Asian","Human Resources","Ministry of Defence","Overseas","[c]","[c]","[c]","[c]"
"New entrant CS","2023","Asian","Human Resources","Ministry of Defence","Unknown","[c]","[c]","[c]","[c]"
"New entrant CS","2023","Asian","Human Resources","Ministry of Justice","London","[c]","[c]","[c]","[c]"
"New entrant CS","2023","Asian","Human Resources","Ministry of Justice","Outside London","10","[c]","[c]","[c]"
"New entrant CS","2023","Asian","Human Resources","National Crime Agency","London","[c]","[c]","[c]","[c]"
"New entrant CS","2023","Asian","Human Resources","National Crime Agency","Outside London","[c]","[c]","[c]","[c]"
"New entrant CS","2023","Asian","Human Resources","Office for Standards in Education, Children's Services and Skills","Outside London","[c]","[c]","[c]","[c]"
"New entrant CS","2023","Asian","Human Resources","Office of Gas and Electricity Markets","London","[c]","[c]","[c]","[c]"
"New entrant CS","2023","Asian","Human Resources","Office of Gas and Electricity Markets","Outside London","[c]","[c]","[c]","[c]"
"New entrant CS","2023","Asian","Human Resources","Office of Qualifications and Examinations Regulation","Outside London","[c]","[c]","[c]","[c]"
"New entrant CS","2023","Asian","Human Resources","Office of Rail and Road","Outside London","[c]","[c]","[c]","[c]"
"New entrant CS","2023","Asian","Human Resources","Office of the Secretary of State for Scotland","London","[c]","[c]","[c]","[c]"
"New entrant CS","2023","Asian","Human Resources","Office of the Secretary of State for Wales","Outside London","[c]","[c]","[c]","[c]"
"New entrant CS","2023","Asian","Human Resources","Scottish Government","Outside London","[c]","[c]","[c]","[c]"
"New entrant CS","2023","Asian","Human Resources","The National Archives","London","[c]","[c]","[c]","[c]"
"New entrant CS","2023","Asian","Human Resources","UK Statistics Authority","London","[c]","[c]","[c]","[c]"
"New entrant CS","2023","Asian","Human Resources","UK Statistics Authority","Outside London","[c]","[c]","[c]","[c]"
"New entrant CS","2023","Asian","Human Resources","UK Supreme Court","London","[c]","[c]","[c]","[c]"
"New entrant CS","2023","Asian","Human Resources","Water Services Regulation Authority","Outside London","[c]","[c]","[c]","[c]"
"New entrant CS","2023","Asian","Internal Audit","Department for Business, Energy and Industrial Strategy","Outside London","[c]","[c]","[c]","[c]"
"New entrant CS","2023","Asian","Internal Audit","HM Revenue and Customs","London","[c]","[c]","[c]","[c]"
"New entrant CS","2023","Asian","Internal Audit","HM Revenue and Customs","Outside London","[c]","[c]","[c]","[c]"
"New entrant CS","2023","Asian","Internal Audit","HM Treasury","London","10","[c]","[c]","[c]"
"New entrant CS","2023","Asian","Internal Audit","HM Treasury","Outside London","5","[c]","[c]","[c]"
"New entrant CS","2023","Asian","Internal Audit","HM Treasury","Unknown","[c]","[c]","[c]","[c]"
"New entrant CS","2023","Asian","Internal Audit","Ministry of Defence","London","[c]","[c]","[c]","[c]"
"New entrant CS","2023","Asian","Internal Audit","Ministry of Defence","Outside London","[c]","[c]","[c]","[c]"
"New entrant CS","2023","Asian","Internal Audit","Ministry of Defence","Overseas","[c]","[c]","[c]","[c]"
"New entrant CS","2023","Asian","Internal Audit","UK Export Finance","London","[c]","[c]","[c]","[c]"
"New entrant CS","2023","Asian","Internal Audit","UK Statistics Authority","Outside London","[c]","[c]","[c]","[c]"
"New entrant CS","2023","Asian","Legal","Attorney General's Departments","London","90","[c]","33170","27760"
"New entrant CS","2023","Asian","Legal","Attorney General's Departments","Outside London","105","[c]","28790","24430"
"New entrant CS","2023","Asian","Legal","Cabinet Office","London","[c]","[c]","[c]","[c]"
"New entrant CS","2023","Asian","Legal","Charity Commission","London","[c]","[c]","[c]","[c]"
"New entrant CS","2023","Asian","Legal","Competition and Markets Authority","London","[c]","[c]","[c]","[c]"
"New entrant CS","2023","Asian","Legal","Competition and Markets Authority","Outside London","[c]","[c]","[c]","[c]"
"New entrant CS","2023","Asian","Legal","Department for Business, Energy and Industrial Strategy","London","[c]","[c]","[c]","[c]"
"New entrant CS","2023","Asian","Legal","Department for Business, Energy and Industrial Strategy","Outside London","[c]","[c]","[c]","[c]"
"New entrant CS","2023","Asian","Legal","Department for Education","London","[c]","[c]","[c]","[c]"
"New entrant CS","2023","Asian","Legal","Department for Education","Outside London","[c]","[c]","[c]","[c]"
"New entrant CS","2023","Asian","Legal","Department for Work and Pensions","Outside London","[c]","[c]","[c]","[c]"
"New entrant CS","2023","Asian","Legal","Department of Health and Social Care","London","[c]","[c]","[c]","[c]"
"New entrant CS","2023","Asian","Legal","Department of Health and Social Care","Outside London","[c]","[c]","[c]","[c]"
"New entrant CS","2023","Asian","Legal","Food Standards Agency","London","[c]","[c]","[c]","[c]"
"New entrant CS","2023","Asian","Legal","Food Standards Agency","Outside London","[c]","[c]","[c]","[c]"
"New entrant CS","2023","Asian","Legal","HM Land Registry","London","[c]","[c]","[c]","[c]"
"New entrant CS","2023","Asian","Legal","HM Land Registry","Outside London","[c]","[c]","[c]","[c]"
"New entrant CS","2023","Asian","Legal","HM Revenue and Customs","London","[c]","[c]","[c]","[c]"
"New entrant CS","2023","Asian","Legal","HM Revenue and Customs","Outside London","15","[c]","[c]","[c]"
"New entrant CS","2023","Asian","Legal","HM Treasury","London","[c]","[c]","[c]","[c]"
"New entrant CS","2023","Asian","Legal","Ministry of Defence","London","[c]","[c]","[c]","[c]"
"New entrant CS","2023","Asian","Legal","Ministry of Defence","Overseas","[c]","[c]","[c]","[c]"
"New entrant CS","2023","Asian","Legal","Ministry of Justice","London","[c]","[c]","[c]","[c]"
"New entrant CS","2023","Asian","Legal","Ministry of Justice","Outside London","10","[c]","[c]","[c]"
"New entrant CS","2023","Asian","Legal","Ministry of Justice","Unknown","[c]","[c]","[c]","[c]"
"New entrant CS","2023","Asian","Legal","National Crime Agency","London","[c]","[c]","[c]","[c]"
"New entrant CS","2023","Asian","Legal","Office for Standards in Education, Children's Services and Skills","London","[c]","[c]","[c]","[c]"
"New entrant CS","2023","Asian","Legal","Office of Gas and Electricity Markets","London","[c]","[c]","[c]","[c]"
"New entrant CS","2023","Asian","Legal","Office of Gas and Electricity Markets","Outside London","[c]","[c]","[c]","[c]"
"New entrant CS","2023","Asian","Legal","Office of Qualifications and Examinations Regulation","Outside London","[c]","[c]","[c]","[c]"
"New entrant CS","2023","Asian","Legal","Office of Rail and Road","London","[c]","[c]","[c]","[c]"
"New entrant CS","2023","Asian","Legal","Office of Rail and Road","Outside London","[c]","[c]","[c]","[c]"
"New entrant CS","2023","Asian","Legal","Scottish Government","Outside London","[c]","[c]","[c]","[c]"
"New entrant CS","2023","Asian","Legal","UK Export Finance","London","[c]","[c]","[c]","[c]"
"New entrant CS","2023","Asian","Legal","UK Supreme Court","London","[c]","[c]","[c]","[c]"
"New entrant CS","2023","Asian","Legal","Water Services Regulation Authority","London","[c]","[c]","[c]","[c]"
"New entrant CS","2023","Asian","Legal","Water Services Regulation Authority","Outside London","[c]","[c]","[c]","[c]"
"New entrant CS","2023","Asian","Legal","Welsh Government","London","[c]","[c]","[c]","[c]"
"New entrant CS","2023","Asian","No function","Attorney General's Departments","London","[c]","[c]","[c]","[c]"
"New entrant CS","2023","Asian","No function","Cabinet Office","London","[c]","[c]","[c]","[c]"
"New entrant CS","2023","Asian","No function","Cabinet Office","Outside London","[c]","[c]","[c]","[c]"
"New entrant CS","2023","Asian","No function","Cabinet Office","Unknown","[c]","[c]","[c]","[c]"
"New entrant CS","2023","Asian","No function","Chancellor's other departments","London","[c]","[c]","[c]","[c]"
"New entrant CS","2023","Asian","No function","Chancellor's other departments","Outside London","[c]","[c]","[c]","[c]"
"New entrant CS","2023","Asian","No function","Charity Commission","London","[c]","[c]","[c]","[c]"
"New entrant CS","2023","Asian","No function","Charity Commission","Outside London","[c]","[c]","[c]","[c]"
"New entrant CS","2023","Asian","No function","Department for Business, Energy and Industrial Strategy","London","15","[c]","[c]","[c]"
"New entrant CS","2023","Asian","No function","Department for Business, Energy and Industrial Strategy","Outside London","30","[c]","[c]","[c]"
"New entrant CS","2023","Asian","No function","Department for Digital, Culture, Media and Sport","London","5","[c]","[c]","[c]"
"New entrant CS","2023","Asian","No function","Department for Digital, Culture, Media and Sport","Outside London","[c]","[c]","[c]","[c]"
"New entrant CS","2023","Asian","No function","Department for Education","London","10","[c]","[c]","[c]"
"New entrant CS","2023","Asian","No function","Department for Education","Outside London","10","[c]","[c]","[c]"
"New entrant CS","2023","Asian","No function","Department for Environment, Food and Rural Affairs","London","30","[c]","[c]","[c]"
"New entrant CS","2023","Asian","No function","Department for Environment, Food and Rural Affairs","Outside London","35","[c]","30870","25340"
"New entrant CS","2023","Asian","No function","Department for Environment, Food and Rural Affairs","Unknown","[c]","[c]","[c]","[c]"
"New entrant CS","2023","Asian","No function","Department for International Trade","London","15","[c]","[c]","[c]"
"New entrant CS","2023","Asian","No function","Department for International Trade","Outside London","20","[c]","[c]","[c]"
"New entrant CS","2023","Asian","No function","Department for Levelling Up, Housing and Communities","London","[c]","[c]","[c]","[c]"
"New entrant CS","2023","Asian","No function","Department for Levelling Up, Housing and Communities","Outside London","10","[c]","[c]","[c]"
"New entrant CS","2023","Asian","No function","Department for Transport","London","25","[c]","[c]","[c]"
"New entrant CS","2023","Asian","No function","Department for Transport","Outside London","85","[c]","25030","22500"
"New entrant CS","2023","Asian","No function","Department for Work and Pensions","London","5","[c]","[c]","[c]"
"New entrant CS","2023","Asian","No function","Department for Work and Pensions","Outside London","215","[c]","24730","21690"
"New entrant CS","2023","Asian","No function","Department for Work and Pensions","Unknown","[c]","[c]","[c]","[c]"
"New entrant CS","2023","Asian","No function","Department of Health and Social Care","London","40","[c]","42000","34190"
"New entrant CS","2023","Asian","No function","Department of Health and Social Care","Outside London","20","[c]","[c]","[c]"
"New entrant CS","2023","Asian","No function","Food Standards Agency","London","[c]","[c]","[c]","[c]"
"New entrant CS","2023","Asian","No function","Food Standards Agency","Outside London","[c]","[c]","[c]","[c]"
"New entrant CS","2023","Asian","No function","HM Land Registry","London","[c]","[c]","[c]","[c]"
"New entrant CS","2023","Asian","No function","HM Land Registry","Outside London","5","[c]","[c]","[c]"
"New entrant CS","2023","Asian","No function","HM Revenue and Customs","London","25","[c]","[c]","[c]"
"New entrant CS","2023","Asian","No function","HM Revenue and Customs","Outside London","210","[c]","24400","22520"
"New entrant CS","2023","Asian","No function","HM Treasury","London","30","[c]","[c]","[c]"
"New entrant CS","2023","Asian","No function","HM Treasury","Outside London","[c]","[c]","[c]","[c]"
"New entrant CS","2023","Asian","No function","Home Office","London","105","[c]","30410","29750"
"New entrant CS","2023","Asian","No function","Home Office","Outside London","120","[c]","24960","22400"
"New entrant CS","2023","Asian","No function","Home Office","Overseas","[c]","[c]","[c]","[c]"
"New entrant CS","2023","Asian","No function","Home Office","Unknown","[c]","[c]","[c]","[c]"
"New entrant CS","2023","Asian","No function","Ministry of Defence","London","10","[c]","[c]","[c]"
"New entrant CS","2023","Asian","No function","Ministry of Defence","Outside London","45","[c]","32640","27080"
"New entrant CS","2023","Asian","No function","Ministry of Defence","Overseas","[c]","[c]","[c]","[c]"
"New entrant CS","2023","Asian","No function","Ministry of Justice","London","140","[c]","29380","27930"
"New entrant CS","2023","Asian","No function","Ministry of Justice","Outside London","580","[c]","23930","23230"
"New entrant CS","2023","Asian","No function","Ministry of Justice","Unknown","[c]","[c]","[c]","[c]"
"New entrant CS","2023","Asian","No function","National Crime Agency","London","10","[c]","[c]","[c]"
"New entrant CS","2023","Asian","No function","National Crime Agency","Outside London","10","[c]","[c]","[c]"
"New entrant CS","2023","Asian","No function","National Crime Agency","Overseas","[c]","[c]","[c]","[c]"
"New entrant CS","2023","Asian","No function","National Crime Agency","Unknown","[c]","[c]","[c]","[c]"
"New entrant CS","2023","Asian","No function","Office for Standards in Education, Children's Services and Skills","London","5","[c]","[c]","[c]"
"New entrant CS","2023","Asian","No function","Office for Standards in Education, Children's Services and Skills","Outside London","20","[c]","[c]","[c]"
"New entrant CS","2023","Asian","No function","Office of Gas and Electricity Markets","London","20","[c]","[c]","[c]"
"New entrant CS","2023","Asian","No function","Office of Gas and Electricity Markets","Outside London","[c]","[c]","[c]","[c]"
"New entrant CS","2023","Asian","No function","Office of Qualifications and Examinations Regulation","Outside London","5","[c]","[c]","[c]"
"New entrant CS","2023","Asian","No function","Office of Rail and Road","London","[c]","[c]","[c]","[c]"
"New entrant CS","2023","Asian","No function","Office of Rail and Road","Outside London","[c]","[c]","[c]","[c]"
"New entrant CS","2023","Asian","No function","Office of the Secretary of State for Scotland","London","[c]","[c]","[c]","[c]"
"New entrant CS","2023","Asian","No function","Office of the Secretary of State for Scotland","Outside London","[c]","[c]","[c]","[c]"
"New entrant CS","2023","Asian","No function","Office of the Secretary of State for Wales","London","[c]","[c]","[c]","[c]"
"New entrant CS","2023","Asian","No function","Office of the Secretary of State for Wales","Outside London","[c]","[c]","[c]","[c]"
"New entrant CS","2023","Asian","No function","Scottish Government","Outside London","5","[c]","[c]","[c]"
"New entrant CS","2023","Asian","No function","The National Archives","London","5","[c]","[c]","[c]"
"New entrant CS","2023","Asian","No function","The National Archives","Outside London","[c]","[c]","[c]","[c]"
"New entrant CS","2023","Asian","No function","UK Statistics Authority","London","[c]","[c]","[c]","[c]"
"New entrant CS","2023","Asian","No function","UK Statistics Authority","Outside London","35","[c]","24570","21200"
"New entrant CS","2023","Asian","No function","Water Services Regulation Authority","London","[c]","[c]","[c]","[c]"
"New entrant CS","2023","Asian","No function","Water Services Regulation Authority","Outside London","[c]","[c]","[c]","[c]"
"New entrant CS","2023","Asian","Project Delivery","Attorney General's Departments","London","[c]","[c]","[c]","[c]"
"New entrant CS","2023","Asian","Project Delivery","Cabinet Office","London","[c]","[c]","[c]","[c]"
"New entrant CS","2023","Asian","Project Delivery","Cabinet Office","Outside London","[c]","[c]","[c]","[c]"
"New entrant CS","2023","Asian","Project Delivery","Chancellor's other departments","London","[c]","[c]","[c]","[c]"
"New entrant CS","2023","Asian","Project Delivery","Chancellor's other departments","Outside London","[c]","[c]","[c]","[c]"
"New entrant CS","2023","Asian","Project Delivery","Charity Commission","London","[c]","[c]","[c]","[c]"
"New entrant CS","2023","Asian","Project Delivery","Charity Commission","Outside London","[c]","[c]","[c]","[c]"
"New entrant CS","2023","Asian","Project Delivery","Competition and Markets Authority","London","20","[c]","[c]","[c]"
"New entrant CS","2023","Asian","Project Delivery","Competition and Markets Authority","Outside London","[c]","[c]","[c]","[c]"
"New entrant CS","2023","Asian","Project Delivery","Department for Business, Energy and Industrial Strategy","London","[c]","[c]","[c]","[c]"
"New entrant CS","2023","Asian","Project Delivery","Department for Business, Energy and Industrial Strategy","Outside London","[c]","[c]","[c]","[c]"
"New entrant CS","2023","Asian","Project Delivery","Department for Digital, Culture, Media and Sport","London","[c]","[c]","[c]","[c]"
"New entrant CS","2023","Asian","Project Delivery","Department for Digital, Culture, Media and Sport","Outside London","[c]","[c]","[c]","[c]"
"New entrant CS","2023","Asian","Project Delivery","Department for Education","London","[c]","[c]","[c]","[c]"
"New entrant CS","2023","Asian","Project Delivery","Department for Education","Outside London","5","[c]","[c]","[c]"
"New entrant CS","2023","Asian","Project Delivery","Department for Environment, Food and Rural Affairs","Outside London","[c]","[c]","[c]","[c]"
"New entrant CS","2023","Asian","Project Delivery","Department for International Trade","London","[c]","[c]","[c]","[c]"
"New entrant CS","2023","Asian","Project Delivery","Department for International Trade","Outside London","[c]","[c]","[c]","[c]"
"New entrant CS","2023","Asian","Project Delivery","Department for Levelling Up, Housing and Communities","London","[c]","[c]","[c]","[c]"
"New entrant CS","2023","Asian","Project Delivery","Department for Levelling Up, Housing and Communities","Outside London","[c]","[c]","[c]","[c]"
"New entrant CS","2023","Asian","Project Delivery","Department for Transport","London","[c]","[c]","[c]","[c]"
"New entrant CS","2023","Asian","Project Delivery","Department for Transport","Outside London","[c]","[c]","[c]","[c]"
"New entrant CS","2023","Asian","Project Delivery","Department for Work and Pensions","London","[c]","[c]","[c]","[c]"
"New entrant CS","2023","Asian","Project Delivery","Department for Work and Pensions","Outside London","[c]","[c]","[c]","[c]"
"New entrant CS","2023","Asian","Project Delivery","Department of Health and Social Care","London","20","[c]","[c]","[c]"
"New entrant CS","2023","Asian","Project Delivery","Department of Health and Social Care","Outside London","10","[c]","[c]","[c]"
"New entrant CS","2023","Asian","Project Delivery","Estyn","Outside London","[c]","[c]","[c]","[c]"
"New entrant CS","2023","Asian","Project Delivery","Food Standards Agency","Outside London","[c]","[c]","[c]","[c]"
"New entrant CS","2023","Asian","Project Delivery","Foreign, Commonwealth and Development Office","Outside London","[c]","[c]","[c]","[c]"
"New entrant CS","2023","Asian","Project Delivery","HM Land Registry","London","[c]","[c]","[c]","[c]"
"New entrant CS","2023","Asian","Project Delivery","HM Land Registry","Outside London","[c]","[c]","[c]","[c]"
"New entrant CS","2023","Asian","Project Delivery","HM Revenue and Customs","London","[c]","[c]","[c]","[c]"
"New entrant CS","2023","Asian","Project Delivery","HM Revenue and Customs","Outside London","15","[c]","[c]","[c]"
"New entrant CS","2023","Asian","Project Delivery","HM Treasury","London","[c]","[c]","[c]","[c]"
"New entrant CS","2023","Asian","Project Delivery","HM Treasury","Outside London","[c]","[c]","[c]","[c]"
"New entrant CS","2023","Asian","Project Delivery","Home Office","London","[c]","[c]","[c]","[c]"
"New entrant CS","2023","Asian","Project Delivery","Home Office","Outside London","[c]","[c]","[c]","[c]"
"New entrant CS","2023","Asian","Project Delivery","Ministry of Defence","London","[c]","[c]","[c]","[c]"
"New entrant CS","2023","Asian","Project Delivery","Ministry of Defence","Outside London","35","[c]","33670","32500"
"New entrant CS","2023","Asian","Project Delivery","Ministry of Justice","London","[c]","[c]","[c]","[c]"
"New entrant CS","2023","Asian","Project Delivery","Ministry of Justice","Outside London","[c]","[c]","[c]","[c]"
"New entrant CS","2023","Asian","Project Delivery","National Crime Agency","London","[c]","[c]","[c]","[c]"
"New entrant CS","2023","Asian","Project Delivery","National Crime Agency","Outside London","[c]","[c]","[c]","[c]"
"New entrant CS","2023","Asian","Project Delivery","Office of Gas and Electricity Markets","London","10","[c]","[c]","[c]"
"New entrant CS","2023","Asian","Project Delivery","Office of Gas and Electricity Markets","Outside London","[c]","[c]","[c]","[c]"
"New entrant CS","2023","Asian","Project Delivery","Scottish Government","Outside London","[c]","[c]","[c]","[c]"
"New entrant CS","2023","Asian","Project Delivery","UK Export Finance","London","[c]","[c]","[c]","[c]"
"New entrant CS","2023","Asian","Project Delivery","UK Statistics Authority","London","[c]","[c]","[c]","[c]"
"New entrant CS","2023","Asian","Project Delivery","UK Statistics Authority","Outside London","[c]","[c]","[c]","[c]"
"New entrant CS","2023","Asian","Project Delivery","Water Services Regulation Authority","London","[c]","[c]","[c]","[c]"
"New entrant CS","2023","Asian","Project Delivery","Water Services Regulation Authority","Outside London","[c]","[c]","[c]","[c]"
"New entrant CS","2023","Asian","Property","Attorney General's Departments","Outside London","[c]","[c]","[c]","[c]"
"New entrant CS","2023","Asian","Property","Cabinet Office","London","[c]","[c]","[c]","[c]"
"New entrant CS","2023","Asian","Property","Cabinet Office","Outside London","10","[c]","[c]","[c]"
"New entrant CS","2023","Asian","Property","Cabinet Office","Unknown","[c]","[c]","[c]","[c]"
"New entrant CS","2023","Asian","Property","Chancellor's other departments","London","[c]","[c]","[c]","[c]"
"New entrant CS","2023","Asian","Property","Competition and Markets Authority","London","[c]","[c]","[c]","[c]"
"New entrant CS","2023","Asian","Property","Department for Business, Energy and Industrial Strategy","Outside London","[c]","[c]","[c]","[c]"
"New entrant CS","2023","Asian","Property","Department for Environment, Food and Rural Affairs","London","[c]","[c]","[c]","[c]"
"New entrant CS","2023","Asian","Property","Department for Environment, Food and Rural Affairs","Outside London","[c]","[c]","[c]","[c]"
"New entrant CS","2023","Asian","Property","Department for Levelling Up, Housing and Communities","London","[c]","[c]","[c]","[c]"
"New entrant CS","2023","Asian","Property","Department for Transport","London","[c]","[c]","[c]","[c]"
"New entrant CS","2023","Asian","Property","Department for Transport","Outside London","[c]","[c]","[c]","[c]"
"New entrant CS","2023","Asian","Property","Department for Work and Pensions","London","[c]","[c]","[c]","[c]"
"New entrant CS","2023","Asian","Property","Department for Work and Pensions","Outside London","[c]","[c]","[c]","[c]"
"New entrant CS","2023","Asian","Property","Department of Health and Social Care","London","[c]","[c]","[c]","[c]"
"New entrant CS","2023","Asian","Property","Department of Health and Social Care","Outside London","[c]","[c]","[c]","[c]"
"New entrant CS","2023","Asian","Property","HM Revenue and Customs","London","10","[c]","[c]","[c]"
"New entrant CS","2023","Asian","Property","HM Revenue and Customs","Outside London","30","[c]","[c]","[c]"
"New entrant CS","2023","Asian","Property","Home Office","London","[c]","[c]","[c]","[c]"
"New entrant CS","2023","Asian","Property","Home Office","Outside London","[c]","[c]","[c]","[c]"
"New entrant CS","2023","Asian","Property","Ministry of Defence","London","[c]","[c]","[c]","[c]"
"New entrant CS","2023","Asian","Property","Ministry of Defence","Outside London","[c]","[c]","[c]","[c]"
"New entrant CS","2023","Asian","Property","Ministry of Defence","Overseas","[c]","[c]","[c]","[c]"
"New entrant CS","2023","Asian","Property","Ministry of Justice","London","[c]","[c]","[c]","[c]"
"New entrant CS","2023","Asian","Property","Ministry of Justice","Outside London","[c]","[c]","[c]","[c]"
"New entrant CS","2023","Asian","Property","National Crime Agency","London","[c]","[c]","[c]","[c]"
"New entrant CS","2023","Asian","Property","National Crime Agency","Outside London","[c]","[c]","[c]","[c]"
"New entrant CS","2023","Asian","Property","Office of Gas and Electricity Markets","London","[c]","[c]","[c]","[c]"
"New entrant CS","2023","Asian","Property","Office of Gas and Electricity Markets","Outside London","[c]","[c]","[c]","[c]"
"New entrant CS","2023","Asian","Property","Office of Qualifications and Examinations Regulation","Outside London","[c]","[c]","[c]","[c]"
"New entrant CS","2023","Asian","Property","Scottish Government","Outside London","[c]","[c]","[c]","[c]"
"New entrant CS","2023","Asian","Property","The National Archives","London","[c]","[c]","[c]","[c]"
"New entrant CS","2023","Asian","Property","UK Supreme Court","London","[c]","[c]","[c]","[c]"
"New entrant CS","2023","Asian","Security","Attorney General's Departments","London","[c]","[c]","[c]","[c]"
"New entrant CS","2023","Asian","Security","Attorney General's Departments","Outside London","[c]","[c]","[c]","[c]"
"New entrant CS","2023","Asian","Security","Cabinet Office","London","[c]","[c]","[c]","[c]"
"New entrant CS","2023","Asian","Security","Cabinet Office","Outside London","10","[c]","[c]","[c]"
"New entrant CS","2023","Asian","Security","Cabinet Office","Unknown","[c]","[c]","[c]","[c]"
"New entrant CS","2023","Asian","Security","Department for Business, Energy and Industrial Strategy","Outside London","[c]","[c]","[c]","[c]"
"New entrant CS","2023","Asian","Security","Department for Digital, Culture, Media and Sport","London","[c]","[c]","[c]","[c]"
"New entrant CS","2023","Asian","Security","Department for Digital, Culture, Media and Sport","Outside London","[c]","[c]","[c]","[c]"
"New entrant CS","2023","Asian","Security","Department for International Trade","Outside London","[c]","[c]","[c]","[c]"
"New entrant CS","2023","Asian","Security","Department for Transport","London","[c]","[c]","[c]","[c]"
"New entrant CS","2023","Asian","Security","Department for Transport","Outside London","[c]","[c]","[c]","[c]"
"New entrant CS","2023","Asian","Security","Department for Work and Pensions","London","[c]","[c]","[c]","[c]"
"New entrant CS","2023","Asian","Security","Department for Work and Pensions","Outside London","[c]","[c]","[c]","[c]"
"New entrant CS","2023","Asian","Security","Department of Health and Social Care","London","[c]","[c]","[c]","[c]"
"New entrant CS","2023","Asian","Security","Department of Health and Social Care","Outside London","[c]","[c]","[c]","[c]"
"New entrant CS","2023","Asian","Security","Estyn","Outside London","[c]","[c]","[c]","[c]"
"New entrant CS","2023","Asian","Security","Food Standards Agency","Outside London","[c]","[c]","[c]","[c]"
"New entrant CS","2023","Asian","Security","HM Revenue and Customs","London","[c]","[c]","[c]","[c]"
"New entrant CS","2023","Asian","Security","HM Revenue and Customs","Outside London","[c]","[c]","[c]","[c]"
"New entrant CS","2023","Asian","Security","Home Office","London","[c]","[c]","[c]","[c]"
"New entrant CS","2023","Asian","Security","Home Office","Outside London","[c]","[c]","[c]","[c]"
"New entrant CS","2023","Asian","Security","Ministry of Defence","London","[c]","[c]","[c]","[c]"
"New entrant CS","2023","Asian","Security","Ministry of Defence","Outside London","10","[c]","[c]","[c]"
"New entrant CS","2023","Asian","Security","Ministry of Defence","Overseas","[c]","[c]","[c]","[c]"
"New entrant CS","2023","Asian","Security","Ministry of Justice","London","[c]","[c]","[c]","[c]"
"New entrant CS","2023","Asian","Security","Ministry of Justice","Outside London","[c]","[c]","[c]","[c]"
"New entrant CS","2023","Asian","Security","National Crime Agency","London","[c]","[c]","[c]","[c]"
"New entrant CS","2023","Asian","Security","National Crime Agency","Outside London","[c]","[c]","[c]","[c]"
"New entrant CS","2023","Asian","Security","Northern Ireland Office","Outside London","[c]","[c]","[c]","[c]"
"New entrant CS","2023","Asian","Security","Office of Gas and Electricity Markets","London","[c]","[c]","[c]","[c]"
"New entrant CS","2023","Asian","Security","Office of Gas and Electricity Markets","Outside London","[c]","[c]","[c]","[c]"
"New entrant CS","2023","Asian","Security","UK Export Finance","London","[c]","[c]","[c]","[c]"
"New entrant CS","2023","Asian","Security","UK Statistics Authority","London","[c]","[c]","[c]","[c]"
"New entrant CS","2023","Asian","Security","UK Statistics Authority","Outside London","[c]","[c]","[c]","[c]"
"New entrant CS","2023","Asian","Unknown","Attorney General's Departments","London","[c]","[c]","[c]","[c]"
"New entrant CS","2023","Asian","Unknown","Attorney General's Departments","Outside London","[c]","[c]","[c]","[c]"
"New entrant CS","2023","Asian","Unknown","Cabinet Office","London","25","[c]","[c]","[c]"
"New entrant CS","2023","Asian","Unknown","Cabinet Office","Outside London","10","[c]","[c]","[c]"
"New entrant CS","2023","Asian","Unknown","Cabinet Office","Unknown","[c]","[c]","[c]","[c]"
"New entrant CS","2023","Asian","Unknown","Department for Business, Energy and Industrial Strategy","Outside London","[c]","[c]","[c]","[c]"
"New entrant CS","2023","Asian","Unknown","Department for Education","London","[c]","[c]","[c]","[c]"
"New entrant CS","2023","Asian","Unknown","Department for Education","Outside London","[c]","[c]","[c]","[c]"
"New entrant CS","2023","Asian","Unknown","Department for Environment, Food and Rural Affairs","Outside London","[c]","[c]","[c]","[c]"
"New entrant CS","2023","Asian","Unknown","Department for International Trade","London","[c]","[c]","[c]","[c]"
"New entrant CS","2023","Asian","Unknown","Department for International Trade","Outside London","[c]","[c]","[c]","[c]"
"New entrant CS","2023","Asian","Unknown","Department for Work and Pensions","London","10","[c]","[c]","[c]"
"New entrant CS","2023","Asian","Unknown","Department for Work and Pensions","Outside London","20","[c]","[c]","[c]"
"New entrant CS","2023","Asian","Unknown","Department for Work and Pensions","Unknown","[c]","[c]","[c]","[c]"
"New entrant CS","2023","Asian","Unknown","Department of Health and Social Care","London","10","[c]","[c]","[c]"
"New entrant CS","2023","Asian","Unknown","Department of Health and Social Care","Outside London","[c]","[c]","[c]","[c]"
"New entrant CS","2023","Asian","Unknown","HM Revenue and Customs","Outside London","[c]","[c]","[c]","[c]"
"New entrant CS","2023","Asian","Unknown","Ministry of Defence","London","[c]","[c]","[c]","[c]"
"New entrant CS","2023","Asian","Unknown","Ministry of Defence","Outside London","15","[c]","[c]","[c]"
"New entrant CS","2023","Asian","Unknown","Ministry of Defence","Unknown","[c]","[c]","[c]","[c]"
"New entrant CS","2023","Asian","Unknown","Northern Ireland Office","London","[c]","[c]","[c]","[c]"
"New entrant CS","2023","Asian","Unknown","Northern Ireland Office","Outside London","[c]","[c]","[c]","[c]"
"New entrant CS","2023","Asian","Unknown","Office of Gas and Electricity Markets","London","10","[c]","[c]","[c]"
"New entrant CS","2023","Asian","Unknown","Office of Gas and Electricity Markets","Outside London","[c]","[c]","[c]","[c]"
"New entrant CS","2023","Asian","Unknown","Office of the Secretary of State for Scotland","London","[c]","[c]","[c]","[c]"
"New entrant CS","2023","Asian","Unknown","Office of the Secretary of State for Scotland","Outside London","[c]","[c]","[c]","[c]"
"New entrant CS","2023","Asian","Unknown","Scottish Government","London","[c]","[c]","[c]","[c]"
"New entrant CS","2023","Asian","Unknown","Scottish Government","Outside London","50","[c]","35420","30440"
"New entrant CS","2023","Asian","Unknown","Scottish Government","Overseas","[c]","[c]","[c]","[c]"
"New entrant CS","2023","Asian","Unknown","Welsh Government","London","[c]","[c]","[c]","[c]"
"New entrant CS","2023","Asian","Unknown","Welsh Government","Outside London","10","[c]","[c]","[c]"
"New entrant CS","2023","Black","Analysis","Cabinet Office","London","[c]","[c]","[c]","[c]"
"New entrant CS","2023","Black","Analysis","Cabinet Office","Outside London","[c]","[c]","[c]","[c]"
"New entrant CS","2023","Black","Analysis","Cabinet Office","Unknown","[c]","[c]","[c]","[c]"
"New entrant CS","2023","Black","Analysis","Chancellor's other departments","London","[c]","[c]","[c]","[c]"
"New entrant CS","2023","Black","Analysis","Chancellor's other departments","Outside London","[c]","[c]","[c]","[c]"
"New entrant CS","2023","Black","Analysis","Charity Commission","Outside London","[c]","[c]","[c]","[c]"
"New entrant CS","2023","Black","Analysis","Competition and Markets Authority","London","[c]","[c]","[c]","[c]"
"New entrant CS","2023","Black","Analysis","Competition and Markets Authority","Outside London","[c]","[c]","[c]","[c]"
"New entrant CS","2023","Black","Analysis","Department for Business, Energy and Industrial Strategy","London","[c]","[c]","[c]","[c]"
"New entrant CS","2023","Black","Analysis","Department for Business, Energy and Industrial Strategy","Outside London","[c]","[c]","[c]","[c]"
"New entrant CS","2023","Black","Analysis","Department for Digital, Culture, Media and Sport","London","[c]","[c]","[c]","[c]"
"New entrant CS","2023","Black","Analysis","Department for Digital, Culture, Media and Sport","Outside London","[c]","[c]","[c]","[c]"
"New entrant CS","2023","Black","Analysis","Department for Education","London","[c]","[c]","[c]","[c]"
"New entrant CS","2023","Black","Analysis","Department for Education","Outside London","[c]","[c]","[c]","[c]"
"New entrant CS","2023","Black","Analysis","Department for Environment, Food and Rural Affairs","Outside London","[c]","[c]","[c]","[c]"
"New entrant CS","2023","Black","Analysis","Department for International Trade","London","[c]","[c]","[c]","[c]"
"New entrant CS","2023","Black","Analysis","Department for International Trade","Outside London","[c]","[c]","[c]","[c]"
"New entrant CS","2023","Black","Analysis","Department for Levelling Up, Housing and Communities","London","[c]","[c]","[c]","[c]"
"New entrant CS","2023","Black","Analysis","Department for Levelling Up, Housing and Communities","Outside London","[c]","[c]","[c]","[c]"
"New entrant CS","2023","Black","Analysis","Department for Transport","London","[c]","[c]","[c]","[c]"
"New entrant CS","2023","Black","Analysis","Department for Transport","Outside London","[c]","[c]","[c]","[c]"
"New entrant CS","2023","Black","Analysis","Department for Work and Pensions","London","[c]","[c]","[c]","[c]"
"New entrant CS","2023","Black","Analysis","Department for Work and Pensions","Outside London","[c]","[c]","[c]","[c]"
"New entrant CS","2023","Black","Analysis","Department for Work and Pensions","Unknown","[c]","[c]","[c]","[c]"
"New entrant CS","2023","Black","Analysis","Department of Health and Social Care","London","[c]","[c]","[c]","[c]"
"New entrant CS","2023","Black","Analysis","Department of Health and Social Care","Outside London","[c]","[c]","[c]","[c]"
"New entrant CS","2023","Black","Analysis","Estyn","Outside London","[c]","[c]","[c]","[c]"
"New entrant CS","2023","Black","Analysis","Food Standards Agency","London","[c]","[c]","[c]","[c]"
"New entrant CS","2023","Black","Analysis","Food Standards Agency","Outside London","[c]","[c]","[c]","[c]"
"New entrant CS","2023","Black","Analysis","HM Land Registry","London","[c]","[c]","[c]","[c]"
"New entrant CS","2023","Black","Analysis","HM Land Registry","Outside London","[c]","[c]","[c]","[c]"
"New entrant CS","2023","Black","Analysis","HM Revenue and Customs","London","[c]","[c]","[c]","[c]"
"New entrant CS","2023","Black","Analysis","HM Revenue and Customs","Outside London","[c]","[c]","[c]","[c]"
"New entrant CS","2023","Black","Analysis","HM Treasury","London","[c]","[c]","[c]","[c]"
"New entrant CS","2023","Black","Analysis","HM Treasury","Outside London","[c]","[c]","[c]","[c]"
"New entrant CS","2023","Black","Analysis","Home Office","London","[c]","[c]","[c]","[c]"
"New entrant CS","2023","Black","Analysis","Home Office","Outside London","[c]","[c]","[c]","[c]"
"New entrant CS","2023","Black","Analysis","Ministry of Defence","London","[c]","[c]","[c]","[c]"
"New entrant CS","2023","Black","Analysis","Ministry of Defence","Outside London","[c]","[c]","[c]","[c]"
"New entrant CS","2023","Black","Analysis","Ministry of Justice","London","5","[c]","[c]","[c]"
"New entrant CS","2023","Black","Analysis","Ministry of Justice","Outside London","[c]","[c]","[c]","[c]"
"New entrant CS","2023","Black","Analysis","Ministry of Justice","Unknown","[c]","[c]","[c]","[c]"
"New entrant CS","2023","Black","Analysis","Office for Standards in Education, Children's Services and Skills","London","[c]","[c]","[c]","[c]"
"New entrant CS","2023","Black","Analysis","Office for Standards in Education, Children's Services and Skills","Outside London","[c]","[c]","[c]","[c]"
"New entrant CS","2023","Black","Analysis","Office of Gas and Electricity Markets","London","[c]","[c]","[c]","[c]"
"New entrant CS","2023","Black","Analysis","Office of Gas and Electricity Markets","Outside London","[c]","[c]","[c]","[c]"
"New entrant CS","2023","Black","Analysis","Office of Rail and Road","London","[c]","[c]","[c]","[c]"
"New entrant CS","2023","Black","Analysis","Office of Rail and Road","Outside London","[c]","[c]","[c]","[c]"
"New entrant CS","2023","Black","Analysis","UK Export Finance","London","[c]","[c]","[c]","[c]"
"New entrant CS","2023","Black","Analysis","UK Statistics Authority","London","[c]","[c]","[c]","[c]"
"New entrant CS","2023","Black","Analysis","UK Statistics Authority","Outside London","15","[c]","[c]","[c]"
"New entrant CS","2023","Black","Analysis","Water Services Regulation Authority","London","[c]","[c]","[c]","[c]"
"New entrant CS","2023","Black","Analysis","Water Services Regulation Authority","Outside London","[c]","[c]","[c]","[c]"
"New entrant CS","2023","Black","Commercial","Attorney General's Departments","London","[c]","[c]","[c]","[c]"
"New entrant CS","2023","Black","Commercial","Attorney General's Departments","Outside London","[c]","[c]","[c]","[c]"
"New entrant CS","2023","Black","Commercial","Cabinet Office","London","5","[c]","[c]","[c]"
"New entrant CS","2023","Black","Commercial","Cabinet Office","Outside London","5","[c]","[c]","[c]"
"New entrant CS","2023","Black","Commercial","Cabinet Office","Unknown","[c]","[c]","[c]","[c]"
"New entrant CS","2023","Black","Commercial","Chancellor's other departments","London","[c]","[c]","[c]","[c]"
"New entrant CS","2023","Black","Commercial","Chancellor's other departments","Outside London","[c]","[c]","[c]","[c]"
"New entrant CS","2023","Black","Commercial","Competition and Markets Authority","Outside London","[c]","[c]","[c]","[c]"
"New entrant CS","2023","Black","Commercial","Department for Business, Energy and Industrial Strategy","Outside London","[c]","[c]","[c]","[c]"
"New entrant CS","2023","Black","Commercial","Department for Digital, Culture, Media and Sport","London","[c]","[c]","[c]","[c]"
"New entrant CS","2023","Black","Commercial","Department for Digital, Culture, Media and Sport","Outside London","[c]","[c]","[c]","[c]"
"New entrant CS","2023","Black","Commercial","Department for Education","London","[c]","[c]","[c]","[c]"
"New entrant CS","2023","Black","Commercial","Department for Education","Outside London","[c]","[c]","[c]","[c]"
"New entrant CS","2023","Black","Commercial","Department for Environment, Food and Rural Affairs","London","[c]","[c]","[c]","[c]"
"New entrant CS","2023","Black","Commercial","Department for Environment, Food and Rural Affairs","Outside London","[c]","[c]","[c]","[c]"
"New entrant CS","2023","Black","Commercial","Department for International Trade","London","[c]","[c]","[c]","[c]"
"New entrant CS","2023","Black","Commercial","Department for International Trade","Outside London","[c]","[c]","[c]","[c]"
"New entrant CS","2023","Black","Commercial","Department for Levelling Up, Housing and Communities","London","[c]","[c]","[c]","[c]"
"New entrant CS","2023","Black","Commercial","Department for Levelling Up, Housing and Communities","Outside London","[c]","[c]","[c]","[c]"
"New entrant CS","2023","Black","Commercial","Department for Transport","London","[c]","[c]","[c]","[c]"
"New entrant CS","2023","Black","Commercial","Department for Transport","Outside London","[c]","[c]","[c]","[c]"
"New entrant CS","2023","Black","Commercial","Department for Work and Pensions","Outside London","[c]","[c]","[c]","[c]"
"New entrant CS","2023","Black","Commercial","Department of Health and Social Care","London","[c]","[c]","[c]","[c]"
"New entrant CS","2023","Black","Commercial","Department of Health and Social Care","Outside London","[c]","[c]","[c]","[c]"
"New entrant CS","2023","Black","Commercial","Food Standards Agency","London","[c]","[c]","[c]","[c]"
"New entrant CS","2023","Black","Commercial","HM Revenue and Customs","Outside London","[c]","[c]","[c]","[c]"
"New entrant CS","2023","Black","Commercial","Home Office","London","[c]","[c]","[c]","[c]"
"New entrant CS","2023","Black","Commercial","Home Office","Outside London","[c]","[c]","[c]","[c]"
"New entrant CS","2023","Black","Commercial","Ministry of Defence","London","[c]","[c]","[c]","[c]"
"New entrant CS","2023","Black","Commercial","Ministry of Defence","Outside London","10","[c]","[c]","[c]"
"New entrant CS","2023","Black","Commercial","Ministry of Justice","London","[c]","[c]","[c]","[c]"
"New entrant CS","2023","Black","Commercial","Ministry of Justice","Outside London","[c]","[c]","[c]","[c]"
"New entrant CS","2023","Black","Commercial","National Crime Agency","London","[c]","[c]","[c]","[c]"
"New entrant CS","2023","Black","Commercial","National Crime Agency","Outside London","[c]","[c]","[c]","[c]"
"New entrant CS","2023","Black","Commercial","Office for Standards in Education, Children's Services and Skills","Outside London","[c]","[c]","[c]","[c]"
"New entrant CS","2023","Black","Commercial","Office of Rail and Road","London","[c]","[c]","[c]","[c]"
"New entrant CS","2023","Black","Commercial","Scottish Government","Outside London","[c]","[c]","[c]","[c]"
"New entrant CS","2023","Black","Commercial","The National Archives","London","[c]","[c]","[c]","[c]"
"New entrant CS","2023","Black","Commercial","UK Export Finance","London","[c]","[c]","[c]","[c]"
"New entrant CS","2023","Black","Commercial","Water Services Regulation Authority","Outside London","[c]","[c]","[c]","[c]"
"New entrant CS","2023","Black","Communications","Attorney General's Departments","London","[c]","[c]","[c]","[c]"
"New entrant CS","2023","Black","Communications","Attorney General's Departments","Outside London","[c]","[c]","[c]","[c]"
"New entrant CS","2023","Black","Communications","Cabinet Office","London","[c]","[c]","[c]","[c]"
"New entrant CS","2023","Black","Communications","Cabinet Office","Outside London","[c]","[c]","[c]","[c]"
"New entrant CS","2023","Black","Communications","Chancellor's other departments","London","[c]","[c]","[c]","[c]"
"New entrant CS","2023","Black","Communications","Chancellor's other departments","Outside London","[c]","[c]","[c]","[c]"
"New entrant CS","2023","Black","Communications","Charity Commission","London","[c]","[c]","[c]","[c]"
"New entrant CS","2023","Black","Communications","Charity Commission","Outside London","[c]","[c]","[c]","[c]"
"New entrant CS","2023","Black","Communications","Competition and Markets Authority","London","[c]","[c]","[c]","[c]"
"New entrant CS","2023","Black","Communications","Competition and Markets Authority","Outside London","[c]","[c]","[c]","[c]"
"New entrant CS","2023","Black","Communications","Department for Business, Energy and Industrial Strategy","London","[c]","[c]","[c]","[c]"
"New entrant CS","2023","Black","Communications","Department for Business, Energy and Industrial Strategy","Outside London","[c]","[c]","[c]","[c]"
"New entrant CS","2023","Black","Communications","Department for Digital, Culture, Media and Sport","London","[c]","[c]","[c]","[c]"
"New entrant CS","2023","Black","Communications","Department for Digital, Culture, Media and Sport","Outside London","[c]","[c]","[c]","[c]"
"New entrant CS","2023","Black","Communications","Department for Education","London","[c]","[c]","[c]","[c]"
"New entrant CS","2023","Black","Communications","Department for Education","Outside London","[c]","[c]","[c]","[c]"
"New entrant CS","2023","Black","Communications","Department for Environment, Food and Rural Affairs","London","[c]","[c]","[c]","[c]"
"New entrant CS","2023","Black","Communications","Department for Environment, Food and Rural Affairs","Outside London","[c]","[c]","[c]","[c]"
"New entrant CS","2023","Black","Communications","Department for International Trade","London","[c]","[c]","[c]","[c]"
"New entrant CS","2023","Black","Communications","Department for International Trade","Outside London","[c]","[c]","[c]","[c]"
"New entrant CS","2023","Black","Communications","Department for Levelling Up, Housing and Communities","London","[c]","[c]","[c]","[c]"
"New entrant CS","2023","Black","Communications","Department for Transport","London","[c]","[c]","[c]","[c]"
"New entrant CS","2023","Black","Communications","Department for Transport","Outside London","[c]","[c]","[c]","[c]"
"New entrant CS","2023","Black","Communications","Department for Work and Pensions","London","[c]","[c]","[c]","[c]"
"New entrant CS","2023","Black","Communications","Department for Work and Pensions","Outside London","[c]","[c]","[c]","[c]"
"New entrant CS","2023","Black","Communications","Department for Work and Pensions","Unknown","[c]","[c]","[c]","[c]"
"New entrant CS","2023","Black","Communications","Department of Health and Social Care","London","[c]","[c]","[c]","[c]"
"New entrant CS","2023","Black","Communications","Department of Health and Social Care","Outside London","[c]","[c]","[c]","[c]"
"New entrant CS","2023","Black","Communications","Estyn","Outside London","[c]","[c]","[c]","[c]"
"New entrant CS","2023","Black","Communications","Food Standards Agency","London","[c]","[c]","[c]","[c]"
"New entrant CS","2023","Black","Communications","Food Standards Agency","Outside London","[c]","[c]","[c]","[c]"
"New entrant CS","2023","Black","Communications","Foreign, Commonwealth and Development Office","Outside London","[c]","[c]","[c]","[c]"
"New entrant CS","2023","Black","Communications","HM Land Registry","Outside London","[c]","[c]","[c]","[c]"
"New entrant CS","2023","Black","Communications","HM Revenue and Customs","London","[c]","[c]","[c]","[c]"
"New entrant CS","2023","Black","Communications","HM Revenue and Customs","Outside London","[c]","[c]","[c]","[c]"
"New entrant CS","2023","Black","Communications","HM Treasury","London","[c]","[c]","[c]","[c]"
"New entrant CS","2023","Black","Communications","HM Treasury","Outside London","[c]","[c]","[c]","[c]"
"New entrant CS","2023","Black","Communications","Home Office","London","[c]","[c]","[c]","[c]"
"New entrant CS","2023","Black","Communications","Home Office","Outside London","[c]","[c]","[c]","[c]"
"New entrant CS","2023","Black","Communications","Ministry of Defence","London","[c]","[c]","[c]","[c]"
"New entrant CS","2023","Black","Communications","Ministry of Defence","Outside London","[c]","[c]","[c]","[c]"
"New entrant CS","2023","Black","Communications","Ministry of Justice","London","[c]","[c]","[c]","[c]"
"New entrant CS","2023","Black","Communications","Ministry of Justice","Outside London","[c]","[c]","[c]","[c]"
"New entrant CS","2023","Black","Communications","National Crime Agency","London","[c]","[c]","[c]","[c]"
"New entrant CS","2023","Black","Communications","Northern Ireland Office","Outside London","[c]","[c]","[c]","[c]"
"New entrant CS","2023","Black","Communications","Office for Standards in Education, Children's Services and Skills","London","[c]","[c]","[c]","[c]"
"New entrant CS","2023","Black","Communications","Office for Standards in Education, Children's Services and Skills","Outside London","[c]","[c]","[c]","[c]"
"New entrant CS","2023","Black","Communications","Office of Gas and Electricity Markets","London","[c]","[c]","[c]","[c]"
"New entrant CS","2023","Black","Communications","Office of Gas and Electricity Markets","Outside London","[c]","[c]","[c]","[c]"
"New entrant CS","2023","Black","Communications","Office of Qualifications and Examinations Regulation","Outside London","[c]","[c]","[c]","[c]"
"New entrant CS","2023","Black","Communications","Office of Rail and Road","London","[c]","[c]","[c]","[c]"
"New entrant CS","2023","Black","Communications","Office of Rail and Road","Outside London","[c]","[c]","[c]","[c]"
"New entrant CS","2023","Black","Communications","Office of the Secretary of State for Scotland","London","[c]","[c]","[c]","[c]"
"New entrant CS","2023","Black","Communications","Office of the Secretary of State for Scotland","Outside London","[c]","[c]","[c]","[c]"
"New entrant CS","2023","Black","Communications","Office of the Secretary of State for Wales","Outside London","[c]","[c]","[c]","[c]"
"New entrant CS","2023","Black","Communications","Scottish Government","Outside London","[c]","[c]","[c]","[c]"
"New entrant CS","2023","Black","Communications","The National Archives","London","[c]","[c]","[c]","[c]"
"New entrant CS","2023","Black","Communications","UK Export Finance","London","[c]","[c]","[c]","[c]"
"New entrant CS","2023","Black","Communications","UK Statistics Authority","London","[c]","[c]","[c]","[c]"
"New entrant CS","2023","Black","Communications","UK Statistics Authority","Outside London","[c]","[c]","[c]","[c]"
"New entrant CS","2023","Black","Communications","UK Supreme Court","London","[c]","[c]","[c]","[c]"
"New entrant CS","2023","Black","Communications","Water Services Regulation Authority","London","[c]","[c]","[c]","[c]"
"New entrant CS","2023","Black","Counter Fraud","Attorney General's Departments","London","[c]","[c]","[c]","[c]"
"New entrant CS","2023","Black","Counter Fraud","Cabinet Office","London","[c]","[c]","[c]","[c]"
"New entrant CS","2023","Black","Counter Fraud","Cabinet Office","Outside London","[c]","[c]","[c]","[c]"
"New entrant CS","2023","Black","Counter Fraud","Cabinet Office","Unknown","[c]","[c]","[c]","[c]"
"New entrant CS","2023","Black","Counter Fraud","Department for Business, Energy and Industrial Strategy","Outside London","[c]","[c]","[c]","[c]"
"New entrant CS","2023","Black","Counter Fraud","Department for Digital, Culture, Media and Sport","London","[c]","[c]","[c]","[c]"
"New entrant CS","2023","Black","Counter Fraud","Department for Digital, Culture, Media and Sport","Outside London","[c]","[c]","[c]","[c]"
"New entrant CS","2023","Black","Counter Fraud","Department for Transport","London","[c]","[c]","[c]","[c]"
"New entrant CS","2023","Black","Counter Fraud","Department for Transport","Outside London","[c]","[c]","[c]","[c]"
"New entrant CS","2023","Black","Counter Fraud","Department for Work and Pensions","London","5","[c]","[c]","[c]"
"New entrant CS","2023","Black","Counter Fraud","Department for Work and Pensions","Outside London","10","[c]","[c]","[c]"
"New entrant CS","2023","Black","Counter Fraud","Food Standards Agency","Outside London","[c]","[c]","[c]","[c]"
"New entrant CS","2023","Black","Counter Fraud","HM Revenue and Customs","London","10","[c]","[c]","[c]"
"New entrant CS","2023","Black","Counter Fraud","HM Revenue and Customs","Outside London","[c]","[c]","[c]","[c]"
"New entrant CS","2023","Black","Counter Fraud","Ministry of Defence","Outside London","[c]","[c]","[c]","[c]"
"New entrant CS","2023","Black","Debt","Department for Work and Pensions","Outside London","15","[c]","[c]","[c]"
"New entrant CS","2023","Black","Debt","Department for Work and Pensions","Unknown","[c]","[c]","[c]","[c]"
"New entrant CS","2023","Black","Debt","HM Revenue and Customs","London","15","[c]","[c]","[c]"
"New entrant CS","2023","Black","Debt","HM Revenue and Customs","Outside London","50","[c]","22640","22520"
"New entrant CS","2023","Black","Digital, Data & Technology","Attorney General's Departments","London","[c]","[c]","[c]","[c]"
"New entrant CS","2023","Black","Digital, Data & Technology","Attorney General's Departments","Outside London","[c]","[c]","[c]","[c]"
"New entrant CS","2023","Black","Digital, Data & Technology","Cabinet Office","London","10","[c]","[c]","[c]"
"New entrant CS","2023","Black","Digital, Data & Technology","Cabinet Office","Outside London","10","[c]","[c]","[c]"
"New entrant CS","2023","Black","Digital, Data & Technology","Cabinet Office","Unknown","[c]","[c]","[c]","[c]"
"New entrant CS","2023","Black","Digital, Data & Technology","Chancellor's other departments","London","[c]","[c]","[c]","[c]"
"New entrant CS","2023","Black","Digital, Data & Technology","Charity Commission","Outside London","[c]","[c]","[c]","[c]"
"New entrant CS","2023","Black","Digital, Data & Technology","Competition and Markets Authority","London","[c]","[c]","[c]","[c]"
"New entrant CS","2023","Black","Digital, Data & Technology","Competition and Markets Authority","Outside London","[c]","[c]","[c]","[c]"
"New entrant CS","2023","Black","Digital, Data & Technology","Department for Business, Energy and Industrial Strategy","London","[c]","[c]","[c]","[c]"
"New entrant CS","2023","Black","Digital, Data & Technology","Department for Business, Energy and Industrial Strategy","Outside London","5","[c]","[c]","[c]"
"New entrant CS","2023","Black","Digital, Data & Technology","Department for Business, Energy and Industrial Strategy","Overseas","[c]","[c]","[c]","[c]"
"New entrant CS","2023","Black","Digital, Data & Technology","Department for Digital, Culture, Media and Sport","London","[c]","[c]","[c]","[c]"
"New entrant CS","2023","Black","Digital, Data & Technology","Department for Digital, Culture, Media and Sport","Outside London","[c]","[c]","[c]","[c]"
"New entrant CS","2023","Black","Digital, Data & Technology","Department for Education","London","[c]","[c]","[c]","[c]"
"New entrant CS","2023","Black","Digital, Data & Technology","Department for Education","Outside London","[c]","[c]","[c]","[c]"
"New entrant CS","2023","Black","Digital, Data & Technology","Department for Environment, Food and Rural Affairs","London","5","[c]","[c]","[c]"
"New entrant CS","2023","Black","Digital, Data & Technology","Department for Environment, Food and Rural Affairs","Outside London","[c]","[c]","[c]","[c]"
"New entrant CS","2023","Black","Digital, Data & Technology","Department for International Trade","London","[c]","[c]","[c]","[c]"
"New entrant CS","2023","Black","Digital, Data & Technology","Department for International Trade","Outside London","[c]","[c]","[c]","[c]"
"New entrant CS","2023","Black","Digital, Data & Technology","Department for Levelling Up, Housing and Communities","London","[c]","[c]","[c]","[c]"
"New entrant CS","2023","Black","Digital, Data & Technology","Department for Levelling Up, Housing and Communities","Outside London","[c]","[c]","[c]","[c]"
"New entrant CS","2023","Black","Digital, Data & Technology","Department for Transport","London","[c]","[c]","[c]","[c]"
"New entrant CS","2023","Black","Digital, Data & Technology","Department for Transport","Outside London","[c]","[c]","[c]","[c]"
"New entrant CS","2023","Black","Digital, Data & Technology","Department for Work and Pensions","London","[c]","[c]","[c]","[c]"
"New entrant CS","2023","Black","Digital, Data & Technology","Department for Work and Pensions","Outside London","20","[c]","[c]","[c]"
"New entrant CS","2023","Black","Digital, Data & Technology","Department for Work and Pensions","Unknown","[c]","[c]","[c]","[c]"
"New entrant CS","2023","Black","Digital, Data & Technology","Department of Health and Social Care","London","[c]","[c]","[c]","[c]"
"New entrant CS","2023","Black","Digital, Data & Technology","Department of Health and Social Care","Outside London","[c]","[c]","[c]","[c]"
"New entrant CS","2023","Black","Digital, Data & Technology","Food Standards Agency","London","[c]","[c]","[c]","[c]"
"New entrant CS","2023","Black","Digital, Data & Technology","Food Standards Agency","Outside London","[c]","[c]","[c]","[c]"
"New entrant CS","2023","Black","Digital, Data & Technology","HM Land Registry","London","[c]","[c]","[c]","[c]"
"New entrant CS","2023","Black","Digital, Data & Technology","HM Land Registry","Outside London","[c]","[c]","[c]","[c]"
"New entrant CS","2023","Black","Digital, Data & Technology","HM Revenue and Customs","London","5","[c]","[c]","[c]"
"New entrant CS","2023","Black","Digital, Data & Technology","HM Revenue and Customs","Outside London","45","[c]","36560","34400"
"New entrant CS","2023","Black","Digital, Data & Technology","HM Treasury","London","[c]","[c]","[c]","[c]"
"New entrant CS","2023","Black","Digital, Data & Technology","HM Treasury","Outside London","[c]","[c]","[c]","[c]"
"New entrant CS","2023","Black","Digital, Data & Technology","Home Office","London","[c]","[c]","[c]","[c]"
"New entrant CS","2023","Black","Digital, Data & Technology","Home Office","Outside London","[c]","[c]","[c]","[c]"
"New entrant CS","2023","Black","Digital, Data & Technology","Ministry of Defence","London","[c]","[c]","[c]","[c]"
"New entrant CS","2023","Black","Digital, Data & Technology","Ministry of Defence","Outside London","5","[c]","[c]","[c]"
"New entrant CS","2023","Black","Digital, Data & Technology","Ministry of Defence","Overseas","[c]","[c]","[c]","[c]"
"New entrant CS","2023","Black","Digital, Data & Technology","Ministry of Justice","London","5","[c]","[c]","[c]"
"New entrant CS","2023","Black","Digital, Data & Technology","Ministry of Justice","Outside London","[c]","[c]","[c]","[c]"
"New entrant CS","2023","Black","Digital, Data & Technology","National Crime Agency","London","[c]","[c]","[c]","[c]"
"New entrant CS","2023","Black","Digital, Data & Technology","National Crime Agency","Outside London","[c]","[c]","[c]","[c]"
"New entrant CS","2023","Black","Digital, Data & Technology","Office for Standards in Education, Children's Services and Skills","London","[c]","[c]","[c]","[c]"
"New entrant CS","2023","Black","Digital, Data & Technology","Office for Standards in Education, Children's Services and Skills","Outside London","[c]","[c]","[c]","[c]"
"New entrant CS","2023","Black","Digital, Data & Technology","Office of Gas and Electricity Markets","London","5","[c]","[c]","[c]"
"New entrant CS","2023","Black","Digital, Data & Technology","Office of Gas and Electricity Markets","Outside London","5","[c]","[c]","[c]"
"New entrant CS","2023","Black","Digital, Data & Technology","Office of Qualifications and Examinations Regulation","Outside London","[c]","[c]","[c]","[c]"
"New entrant CS","2023","Black","Digital, Data & Technology","Office of Rail and Road","London","[c]","[c]","[c]","[c]"
"New entrant CS","2023","Black","Digital, Data & Technology","Office of Rail and Road","Outside London","[c]","[c]","[c]","[c]"
"New entrant CS","2023","Black","Digital, Data & Technology","Scottish Government","Outside London","[c]","[c]","[c]","[c]"
"New entrant CS","2023","Black","Digital, Data & Technology","The National Archives","London","[c]","[c]","[c]","[c]"
"New entrant CS","2023","Black","Digital, Data & Technology","UK Export Finance","London","[c]","[c]","[c]","[c]"
"New entrant CS","2023","Black","Digital, Data & Technology","UK Statistics Authority","London","5","[c]","[c]","[c]"
"New entrant CS","2023","Black","Digital, Data & Technology","UK Statistics Authority","Outside London","15","[c]","[c]","[c]"
"New entrant CS","2023","Black","Digital, Data & Technology","UK Supreme Court","London","[c]","[c]","[c]","[c]"
"New entrant CS","2023","Black","Digital, Data & Technology","Water Services Regulation Authority","London","[c]","[c]","[c]","[c]"
"New entrant CS","2023","Black","Digital, Data & Technology","Water Services Regulation Authority","Outside London","[c]","[c]","[c]","[c]"
"New entrant CS","2023","Black","Finance","Attorney General's Departments","London","[c]","[c]","[c]","[c]"
"New entrant CS","2023","Black","Finance","Attorney General's Departments","Outside London","[c]","[c]","[c]","[c]"
"New entrant CS","2023","Black","Finance","Cabinet Office","London","[c]","[c]","[c]","[c]"
"New entrant CS","2023","Black","Finance","Cabinet Office","Outside London","[c]","[c]","[c]","[c]"
"New entrant CS","2023","Black","Finance","Chancellor's other departments","London","[c]","[c]","[c]","[c]"
"New entrant CS","2023","Black","Finance","Charity Commission","Outside London","[c]","[c]","[c]","[c]"
"New entrant CS","2023","Black","Finance","Competition and Markets Authority","London","[c]","[c]","[c]","[c]"
"New entrant CS","2023","Black","Finance","Competition and Markets Authority","Outside London","[c]","[c]","[c]","[c]"
"New entrant CS","2023","Black","Finance","Department for Business, Energy and Industrial Strategy","London","[c]","[c]","[c]","[c]"
"New entrant CS","2023","Black","Finance","Department for Business, Energy and Industrial Strategy","Outside London","[c]","[c]","[c]","[c]"
"New entrant CS","2023","Black","Finance","Department for Digital, Culture, Media and Sport","London","[c]","[c]","[c]","[c]"
"New entrant CS","2023","Black","Finance","Department for Digital, Culture, Media and Sport","Outside London","[c]","[c]","[c]","[c]"
"New entrant CS","2023","Black","Finance","Department for Education","London","[c]","[c]","[c]","[c]"
"New entrant CS","2023","Black","Finance","Department for Education","Outside London","[c]","[c]","[c]","[c]"
"New entrant CS","2023","Black","Finance","Department for Environment, Food and Rural Affairs","London","[c]","[c]","[c]","[c]"
"New entrant CS","2023","Black","Finance","Department for Environment, Food and Rural Affairs","Outside London","[c]","[c]","[c]","[c]"
"New entrant CS","2023","Black","Finance","Department for International Trade","London","[c]","[c]","[c]","[c]"
"New entrant CS","2023","Black","Finance","Department for International Trade","Outside London","[c]","[c]","[c]","[c]"
"New entrant CS","2023","Black","Finance","Department for Levelling Up, Housing and Communities","London","[c]","[c]","[c]","[c]"
"New entrant CS","2023","Black","Finance","Department for Levelling Up, Housing and Communities","Outside London","[c]","[c]","[c]","[c]"
"New entrant CS","2023","Black","Finance","Department for Transport","London","[c]","[c]","[c]","[c]"
"New entrant CS","2023","Black","Finance","Department for Transport","Outside London","[c]","[c]","[c]","[c]"
"New entrant CS","2023","Black","Finance","Department for Work and Pensions","London","[c]","[c]","[c]","[c]"
"New entrant CS","2023","Black","Finance","Department for Work and Pensions","Outside London","[c]","[c]","[c]","[c]"
"New entrant CS","2023","Black","Finance","Department for Work and Pensions","Unknown","[c]","[c]","[c]","[c]"
"New entrant CS","2023","Black","Finance","Department of Health and Social Care","London","[c]","[c]","[c]","[c]"
"New entrant CS","2023","Black","Finance","Department of Health and Social Care","Outside London","[c]","[c]","[c]","[c]"
"New entrant CS","2023","Black","Finance","Estyn","Outside London","[c]","[c]","[c]","[c]"
"New entrant CS","2023","Black","Finance","Food Standards Agency","Outside London","[c]","[c]","[c]","[c]"
"New entrant CS","2023","Black","Finance","HM Land Registry","Outside London","[c]","[c]","[c]","[c]"
"New entrant CS","2023","Black","Finance","HM Revenue and Customs","London","[c]","[c]","[c]","[c]"
"New entrant CS","2023","Black","Finance","HM Revenue and Customs","Outside London","[c]","[c]","[c]","[c]"
"New entrant CS","2023","Black","Finance","HM Treasury","London","[c]","[c]","[c]","[c]"
"New entrant CS","2023","Black","Finance","HM Treasury","Outside London","[c]","[c]","[c]","[c]"
"New entrant CS","2023","Black","Finance","Home Office","London","[c]","[c]","[c]","[c]"
"New entrant CS","2023","Black","Finance","Home Office","Outside London","[c]","[c]","[c]","[c]"
"New entrant CS","2023","Black","Finance","Ministry of Defence","London","[c]","[c]","[c]","[c]"
"New entrant CS","2023","Black","Finance","Ministry of Defence","Outside London","[c]","[c]","[c]","[c]"
"New entrant CS","2023","Black","Finance","Ministry of Defence","Overseas","[c]","[c]","[c]","[c]"
"New entrant CS","2023","Black","Finance","Ministry of Justice","London","[c]","[c]","[c]","[c]"
"New entrant CS","2023","Black","Finance","Ministry of Justice","Outside London","[c]","[c]","[c]","[c]"
"New entrant CS","2023","Black","Finance","Ministry of Justice","Unknown","[c]","[c]","[c]","[c]"
"New entrant CS","2023","Black","Finance","National Crime Agency","London","[c]","[c]","[c]","[c]"
"New entrant CS","2023","Black","Finance","National Crime Agency","Outside London","[c]","[c]","[c]","[c]"
"New entrant CS","2023","Black","Finance","Northern Ireland Office","Outside London","[c]","[c]","[c]","[c]"
"New entrant CS","2023","Black","Finance","Office for Standards in Education, Children's Services and Skills","Outside London","[c]","[c]","[c]","[c]"
"New entrant CS","2023","Black","Finance","Office of Gas and Electricity Markets","London","[c]","[c]","[c]","[c]"
"New entrant CS","2023","Black","Finance","Office of Gas and Electricity Markets","Outside London","[c]","[c]","[c]","[c]"
"New entrant CS","2023","Black","Finance","Office of Qualifications and Examinations Regulation","Outside London","[c]","[c]","[c]","[c]"
"New entrant CS","2023","Black","Finance","Office of Rail and Road","London","[c]","[c]","[c]","[c]"
"New entrant CS","2023","Black","Finance","Office of Rail and Road","Outside London","[c]","[c]","[c]","[c]"
"New entrant CS","2023","Black","Finance","Office of the Secretary of State for Scotland","London","[c]","[c]","[c]","[c]"
"New entrant CS","2023","Black","Finance","Scottish Government","Outside London","[c]","[c]","[c]","[c]"
"New entrant CS","2023","Black","Finance","UK Export Finance","London","[c]","[c]","[c]","[c]"
"New entrant CS","2023","Black","Finance","UK Statistics Authority","Outside London","[c]","[c]","[c]","[c]"
"New entrant CS","2023","Black","Finance","Water Services Regulation Authority","London","[c]","[c]","[c]","[c]"
"New entrant CS","2023","Black","Finance","Water Services Regulation Authority","Outside London","[c]","[c]","[c]","[c]"
"New entrant CS","2023","Black","Grants Management","Department for Environment, Food and Rural Affairs","London","[c]","[c]","[c]","[c]"
"New entrant CS","2023","Black","Grants Management","Department for Environment, Food and Rural Affairs","Outside London","10","[c]","[c]","[c]"
"New entrant CS","2023","Black","Grants Management","Department of Health and Social Care","London","[c]","[c]","[c]","[c]"
"New entrant CS","2023","Black","Grants Management","Home Office","Outside London","[c]","[c]","[c]","[c]"
"New entrant CS","2023","Black","Grants Management","The National Archives","London","[c]","[c]","[c]","[c]"
"New entrant CS","2023","Black","Human Resources","Attorney General's Departments","London","[c]","[c]","[c]","[c]"
"New entrant CS","2023","Black","Human Resources","Attorney General's Departments","Outside London","[c]","[c]","[c]","[c]"
"New entrant CS","2023","Black","Human Resources","Cabinet Office","London","[c]","[c]","[c]","[c]"
"New entrant CS","2023","Black","Human Resources","Cabinet Office","Outside London","[c]","[c]","[c]","[c]"
"New entrant CS","2023","Black","Human Resources","Cabinet Office","Unknown","[c]","[c]","[c]","[c]"
"New entrant CS","2023","Black","Human Resources","Chancellor's other departments","London","[c]","[c]","[c]","[c]"
"New entrant CS","2023","Black","Human Resources","Charity Commission","Outside London","[c]","[c]","[c]","[c]"
"New entrant CS","2023","Black","Human Resources","Competition and Markets Authority","London","[c]","[c]","[c]","[c]"
"New entrant CS","2023","Black","Human Resources","Competition and Markets Authority","Outside London","[c]","[c]","[c]","[c]"
"New entrant CS","2023","Black","Human Resources","Department for Business, Energy and Industrial Strategy","London","[c]","[c]","[c]","[c]"
"New entrant CS","2023","Black","Human Resources","Department for Business, Energy and Industrial Strategy","Outside London","[c]","[c]","[c]","[c]"
"New entrant CS","2023","Black","Human Resources","Department for Digital, Culture, Media and Sport","London","[c]","[c]","[c]","[c]"
"New entrant CS","2023","Black","Human Resources","Department for Digital, Culture, Media and Sport","Outside London","[c]","[c]","[c]","[c]"
"New entrant CS","2023","Black","Human Resources","Department for Education","London","[c]","[c]","[c]","[c]"
"New entrant CS","2023","Black","Human Resources","Department for Education","Outside London","[c]","[c]","[c]","[c]"
"New entrant CS","2023","Black","Human Resources","Department for Environment, Food and Rural Affairs","London","[c]","[c]","[c]","[c]"
"New entrant CS","2023","Black","Human Resources","Department for Environment, Food and Rural Affairs","Outside London","[c]","[c]","[c]","[c]"
"New entrant CS","2023","Black","Human Resources","Department for International Trade","London","5","[c]","[c]","[c]"
"New entrant CS","2023","Black","Human Resources","Department for International Trade","Outside London","[c]","[c]","[c]","[c]"
"New entrant CS","2023","Black","Human Resources","Department for Levelling Up, Housing and Communities","London","[c]","[c]","[c]","[c]"
"New entrant CS","2023","Black","Human Resources","Department for Levelling Up, Housing and Communities","Outside London","[c]","[c]","[c]","[c]"
"New entrant CS","2023","Black","Human Resources","Department for Transport","London","[c]","[c]","[c]","[c]"
"New entrant CS","2023","Black","Human Resources","Department for Transport","Outside London","[c]","[c]","[c]","[c]"
"New entrant CS","2023","Black","Human Resources","Department for Work and Pensions","London","[c]","[c]","[c]","[c]"
"New entrant CS","2023","Black","Human Resources","Department for Work and Pensions","Outside London","[c]","[c]","[c]","[c]"
"New entrant CS","2023","Black","Human Resources","Department for Work and Pensions","Unknown","[c]","[c]","[c]","[c]"
"New entrant CS","2023","Black","Human Resources","Department of Health and Social Care","London","[c]","[c]","[c]","[c]"
"New entrant CS","2023","Black","Human Resources","Department of Health and Social Care","Outside London","[c]","[c]","[c]","[c]"
"New entrant CS","2023","Black","Human Resources","Food Standards Agency","Outside London","[c]","[c]","[c]","[c]"
"New entrant CS","2023","Black","Human Resources","HM Land Registry","London","[c]","[c]","[c]","[c]"
"New entrant CS","2023","Black","Human Resources","HM Land Registry","Outside London","[c]","[c]","[c]","[c]"
"New entrant CS","2023","Black","Human Resources","HM Revenue and Customs","London","[c]","[c]","[c]","[c]"
"New entrant CS","2023","Black","Human Resources","HM Revenue and Customs","Outside London","[c]","[c]","[c]","[c]"
"New entrant CS","2023","Black","Human Resources","HM Treasury","London","[c]","[c]","[c]","[c]"
"New entrant CS","2023","Black","Human Resources","HM Treasury","Outside London","[c]","[c]","[c]","[c]"
"New entrant CS","2023","Black","Human Resources","Home Office","London","[c]","[c]","[c]","[c]"
"New entrant CS","2023","Black","Human Resources","Home Office","Outside London","[c]","[c]","[c]","[c]"
"New entrant CS","2023","Black","Human Resources","Ministry of Defence","London","[c]","[c]","[c]","[c]"
"New entrant CS","2023","Black","Human Resources","Ministry of Defence","Outside London","[c]","[c]","[c]","[c]"
"New entrant CS","2023","Black","Human Resources","Ministry of Defence","Overseas","[c]","[c]","[c]","[c]"
"New entrant CS","2023","Black","Human Resources","Ministry of Defence","Unknown","[c]","[c]","[c]","[c]"
"New entrant CS","2023","Black","Human Resources","Ministry of Justice","London","[c]","[c]","[c]","[c]"
"New entrant CS","2023","Black","Human Resources","Ministry of Justice","Outside London","[c]","[c]","[c]","[c]"
"New entrant CS","2023","Black","Human Resources","National Crime Agency","London","[c]","[c]","[c]","[c]"
"New entrant CS","2023","Black","Human Resources","National Crime Agency","Outside London","[c]","[c]","[c]","[c]"
"New entrant CS","2023","Black","Human Resources","Office for Standards in Education, Children's Services and Skills","Outside London","[c]","[c]","[c]","[c]"
"New entrant CS","2023","Black","Human Resources","Office of Gas and Electricity Markets","London","[c]","[c]","[c]","[c]"
"New entrant CS","2023","Black","Human Resources","Office of Gas and Electricity Markets","Outside London","[c]","[c]","[c]","[c]"
"New entrant CS","2023","Black","Human Resources","Office of Qualifications and Examinations Regulation","Outside London","[c]","[c]","[c]","[c]"
"New entrant CS","2023","Black","Human Resources","Office of Rail and Road","Outside London","[c]","[c]","[c]","[c]"
"New entrant CS","2023","Black","Human Resources","Office of the Secretary of State for Scotland","London","[c]","[c]","[c]","[c]"
"New entrant CS","2023","Black","Human Resources","Office of the Secretary of State for Wales","Outside London","[c]","[c]","[c]","[c]"
"New entrant CS","2023","Black","Human Resources","Scottish Government","Outside London","[c]","[c]","[c]","[c]"
"New entrant CS","2023","Black","Human Resources","The National Archives","London","[c]","[c]","[c]","[c]"
"New entrant CS","2023","Black","Human Resources","UK Statistics Authority","London","[c]","[c]","[c]","[c]"
"New entrant CS","2023","Black","Human Resources","UK Statistics Authority","Outside London","[c]","[c]","[c]","[c]"
"New entrant CS","2023","Black","Human Resources","UK Supreme Court","London","[c]","[c]","[c]","[c]"
"New entrant CS","2023","Black","Human Resources","Water Services Regulation Authority","Outside London","[c]","[c]","[c]","[c]"
"New entrant CS","2023","Black","Internal Audit","Department for Business, Energy and Industrial Strategy","Outside London","[c]","[c]","[c]","[c]"
"New entrant CS","2023","Black","Internal Audit","HM Revenue and Customs","London","[c]","[c]","[c]","[c]"
"New entrant CS","2023","Black","Internal Audit","HM Revenue and Customs","Outside London","[c]","[c]","[c]","[c]"
"New entrant CS","2023","Black","Internal Audit","HM Treasury","London","[c]","[c]","[c]","[c]"
"New entrant CS","2023","Black","Internal Audit","HM Treasury","Outside London","[c]","[c]","[c]","[c]"
"New entrant CS","2023","Black","Internal Audit","HM Treasury","Unknown","[c]","[c]","[c]","[c]"
"New entrant CS","2023","Black","Internal Audit","Ministry of Defence","London","[c]","[c]","[c]","[c]"
"New entrant CS","2023","Black","Internal Audit","Ministry of Defence","Outside London","[c]","[c]","[c]","[c]"
"New entrant CS","2023","Black","Internal Audit","Ministry of Defence","Overseas","[c]","[c]","[c]","[c]"
"New entrant CS","2023","Black","Internal Audit","UK Export Finance","London","[c]","[c]","[c]","[c]"
"New entrant CS","2023","Black","Internal Audit","UK Statistics Authority","Outside London","[c]","[c]","[c]","[c]"
"New entrant CS","2023","Black","Legal","Attorney General's Departments","London","60","[c]","32260","27760"
"New entrant CS","2023","Black","Legal","Attorney General's Departments","Outside London","25","[c]","[c]","[c]"
"New entrant CS","2023","Black","Legal","Cabinet Office","London","[c]","[c]","[c]","[c]"
"New entrant CS","2023","Black","Legal","Charity Commission","London","[c]","[c]","[c]","[c]"
"New entrant CS","2023","Black","Legal","Competition and Markets Authority","London","[c]","[c]","[c]","[c]"
"New entrant CS","2023","Black","Legal","Competition and Markets Authority","Outside London","[c]","[c]","[c]","[c]"
"New entrant CS","2023","Black","Legal","Department for Business, Energy and Industrial Strategy","London","[c]","[c]","[c]","[c]"
"New entrant CS","2023","Black","Legal","Department for Business, Energy and Industrial Strategy","Outside London","[c]","[c]","[c]","[c]"
"New entrant CS","2023","Black","Legal","Department for Education","London","[c]","[c]","[c]","[c]"
"New entrant CS","2023","Black","Legal","Department for Education","Outside London","[c]","[c]","[c]","[c]"
"New entrant CS","2023","Black","Legal","Department for Work and Pensions","Outside London","[c]","[c]","[c]","[c]"
"New entrant CS","2023","Black","Legal","Department of Health and Social Care","London","[c]","[c]","[c]","[c]"
"New entrant CS","2023","Black","Legal","Department of Health and Social Care","Outside London","[c]","[c]","[c]","[c]"
"New entrant CS","2023","Black","Legal","Food Standards Agency","London","[c]","[c]","[c]","[c]"
"New entrant CS","2023","Black","Legal","Food Standards Agency","Outside London","[c]","[c]","[c]","[c]"
"New entrant CS","2023","Black","Legal","HM Land Registry","London","[c]","[c]","[c]","[c]"
"New entrant CS","2023","Black","Legal","HM Land Registry","Outside London","[c]","[c]","[c]","[c]"
"New entrant CS","2023","Black","Legal","HM Revenue and Customs","London","5","[c]","[c]","[c]"
"New entrant CS","2023","Black","Legal","HM Revenue and Customs","Outside London","5","[c]","[c]","[c]"
"New entrant CS","2023","Black","Legal","HM Treasury","London","[c]","[c]","[c]","[c]"
"New entrant CS","2023","Black","Legal","Ministry of Defence","London","[c]","[c]","[c]","[c]"
"New entrant CS","2023","Black","Legal","Ministry of Defence","Overseas","[c]","[c]","[c]","[c]"
"New entrant CS","2023","Black","Legal","Ministry of Justice","London","[c]","[c]","[c]","[c]"
"New entrant CS","2023","Black","Legal","Ministry of Justice","Outside London","[c]","[c]","[c]","[c]"
"New entrant CS","2023","Black","Legal","Ministry of Justice","Unknown","[c]","[c]","[c]","[c]"
"New entrant CS","2023","Black","Legal","National Crime Agency","London","[c]","[c]","[c]","[c]"
"New entrant CS","2023","Black","Legal","Office for Standards in Education, Children's Services and Skills","London","[c]","[c]","[c]","[c]"
"New entrant CS","2023","Black","Legal","Office of Gas and Electricity Markets","London","10","[c]","[c]","[c]"
"New entrant CS","2023","Black","Legal","Office of Gas and Electricity Markets","Outside London","[c]","[c]","[c]","[c]"
"New entrant CS","2023","Black","Legal","Office of Qualifications and Examinations Regulation","Outside London","[c]","[c]","[c]","[c]"
"New entrant CS","2023","Black","Legal","Office of Rail and Road","London","[c]","[c]","[c]","[c]"
"New entrant CS","2023","Black","Legal","Office of Rail and Road","Outside London","[c]","[c]","[c]","[c]"
"New entrant CS","2023","Black","Legal","Scottish Government","Outside London","[c]","[c]","[c]","[c]"
"New entrant CS","2023","Black","Legal","UK Export Finance","London","[c]","[c]","[c]","[c]"
"New entrant CS","2023","Black","Legal","UK Supreme Court","London","[c]","[c]","[c]","[c]"
"New entrant CS","2023","Black","Legal","Water Services Regulation Authority","London","[c]","[c]","[c]","[c]"
"New entrant CS","2023","Black","Legal","Water Services Regulation Authority","Outside London","[c]","[c]","[c]","[c]"
"New entrant CS","2023","Black","Legal","Welsh Government","London","[c]","[c]","[c]","[c]"
"New entrant CS","2023","Black","No function","Attorney General's Departments","London","[c]","[c]","[c]","[c]"
"New entrant CS","2023","Black","No function","Cabinet Office","London","5","[c]","[c]","[c]"
"New entrant CS","2023","Black","No function","Cabinet Office","Outside London","[c]","[c]","[c]","[c]"
"New entrant CS","2023","Black","No function","Cabinet Office","Unknown","[c]","[c]","[c]","[c]"
"New entrant CS","2023","Black","No function","Chancellor's other departments","London","[c]","[c]","[c]","[c]"
"New entrant CS","2023","Black","No function","Chancellor's other departments","Outside London","[c]","[c]","[c]","[c]"
"New entrant CS","2023","Black","No function","Charity Commission","London","[c]","[c]","[c]","[c]"
"New entrant CS","2023","Black","No function","Charity Commission","Outside London","[c]","[c]","[c]","[c]"
"New entrant CS","2023","Black","No function","Department for Business, Energy and Industrial Strategy","London","10","[c]","[c]","[c]"
"New entrant CS","2023","Black","No function","Department for Business, Energy and Industrial Strategy","Outside London","10","[c]","[c]","[c]"
"New entrant CS","2023","Black","No function","Department for Digital, Culture, Media and Sport","London","[c]","[c]","[c]","[c]"
"New entrant CS","2023","Black","No function","Department for Digital, Culture, Media and Sport","Outside London","[c]","[c]","[c]","[c]"
"New entrant CS","2023","Black","No function","Department for Education","London","[c]","[c]","[c]","[c]"
"New entrant CS","2023","Black","No function","Department for Education","Outside London","[c]","[c]","[c]","[c]"
"New entrant CS","2023","Black","No function","Department for Environment, Food and Rural Affairs","London","10","[c]","[c]","[c]"
"New entrant CS","2023","Black","No function","Department for Environment, Food and Rural Affairs","Outside London","15","[c]","[c]","[c]"
"New entrant CS","2023","Black","No function","Department for Environment, Food and Rural Affairs","Unknown","[c]","[c]","[c]","[c]"
"New entrant CS","2023","Black","No function","Department for International Trade","London","5","[c]","[c]","[c]"
"New entrant CS","2023","Black","No function","Department for International Trade","Outside London","5","[c]","[c]","[c]"
"New entrant CS","2023","Black","No function","Department for Levelling Up, Housing and Communities","London","10","[c]","[c]","[c]"
"New entrant CS","2023","Black","No function","Department for Levelling Up, Housing and Communities","Outside London","[c]","[c]","[c]","[c]"
"New entrant CS","2023","Black","No function","Department for Transport","London","[c]","[c]","[c]","[c]"
"New entrant CS","2023","Black","No function","Department for Transport","Outside London","25","[c]","[c]","[c]"
"New entrant CS","2023","Black","No function","Department for Work and Pensions","London","10","[c]","[c]","[c]"
"New entrant CS","2023","Black","No function","Department for Work and Pensions","Outside London","65","[c]","25060","21690"
"New entrant CS","2023","Black","No function","Department for Work and Pensions","Unknown","[c]","[c]","[c]","[c]"
"New entrant CS","2023","Black","No function","Department of Health and Social Care","London","10","[c]","[c]","[c]"
"New entrant CS","2023","Black","No function","Department of Health and Social Care","Outside London","10","[c]","[c]","[c]"
"New entrant CS","2023","Black","No function","Food Standards Agency","London","[c]","[c]","[c]","[c]"
"New entrant CS","2023","Black","No function","Food Standards Agency","Outside London","5","[c]","[c]","[c]"
"New entrant CS","2023","Black","No function","HM Land Registry","London","[c]","[c]","[c]","[c]"
"New entrant CS","2023","Black","No function","HM Land Registry","Outside London","[c]","[c]","[c]","[c]"
"New entrant CS","2023","Black","No function","HM Revenue and Customs","London","10","[c]","[c]","[c]"
"New entrant CS","2023","Black","No function","HM Revenue and Customs","Outside London","75","[c]","23640","22520"
"New entrant CS","2023","Black","No function","HM Treasury","London","[c]","[c]","[c]","[c]"
"New entrant CS","2023","Black","No function","HM Treasury","Outside London","[c]","[c]","[c]","[c]"
"New entrant CS","2023","Black","No function","Home Office","London","50","[c]","29980","29750"
"New entrant CS","2023","Black","No function","Home Office","Outside London","55","[c]","24730","22400"
"New entrant CS","2023","Black","No function","Home Office","Overseas","[c]","[c]","[c]","[c]"
"New entrant CS","2023","Black","No function","Home Office","Unknown","[c]","[c]","[c]","[c]"
"New entrant CS","2023","Black","No function","Ministry of Defence","London","[c]","[c]","[c]","[c]"
"New entrant CS","2023","Black","No function","Ministry of Defence","Outside London","25","[c]","[c]","[c]"
"New entrant CS","2023","Black","No function","Ministry of Defence","Overseas","[c]","[c]","[c]","[c]"
"New entrant CS","2023","Black","No function","Ministry of Justice","London","235","[c]","29490","28170"
"New entrant CS","2023","Black","No function","Ministry of Justice","Outside London","350","[c]","26120","23640"
"New entrant CS","2023","Black","No function","Ministry of Justice","Unknown","[c]","[c]","[c]","[c]"
"New entrant CS","2023","Black","No function","National Crime Agency","London","5","[c]","[c]","[c]"
"New entrant CS","2023","Black","No function","National Crime Agency","Outside London","[c]","[c]","[c]","[c]"
"New entrant CS","2023","Black","No function","National Crime Agency","Overseas","[c]","[c]","[c]","[c]"
"New entrant CS","2023","Black","No function","National Crime Agency","Unknown","[c]","[c]","[c]","[c]"
"New entrant CS","2023","Black","No function","Office for Standards in Education, Children's Services and Skills","London","5","[c]","[c]","[c]"
"New entrant CS","2023","Black","No function","Office for Standards in Education, Children's Services and Skills","Outside London","15","[c]","[c]","[c]"
"New entrant CS","2023","Black","No function","Office of Gas and Electricity Markets","London","10","[c]","[c]","[c]"
"New entrant CS","2023","Black","No function","Office of Gas and Electricity Markets","Outside London","[c]","[c]","[c]","[c]"
"New entrant CS","2023","Black","No function","Office of Qualifications and Examinations Regulation","Outside London","10","[c]","[c]","[c]"
"New entrant CS","2023","Black","No function","Office of Rail and Road","London","[c]","[c]","[c]","[c]"
"New entrant CS","2023","Black","No function","Office of Rail and Road","Outside London","[c]","[c]","[c]","[c]"
"New entrant CS","2023","Black","No function","Office of the Secretary of State for Scotland","London","[c]","[c]","[c]","[c]"
"New entrant CS","2023","Black","No function","Office of the Secretary of State for Scotland","Outside London","[c]","[c]","[c]","[c]"
"New entrant CS","2023","Black","No function","Office of the Secretary of State for Wales","London","[c]","[c]","[c]","[c]"
"New entrant CS","2023","Black","No function","Office of the Secretary of State for Wales","Outside London","[c]","[c]","[c]","[c]"
"New entrant CS","2023","Black","No function","Scottish Government","Outside London","[c]","[c]","[c]","[c]"
"New entrant CS","2023","Black","No function","The National Archives","London","[c]","[c]","[c]","[c]"
"New entrant CS","2023","Black","No function","The National Archives","Outside London","[c]","[c]","[c]","[c]"
"New entrant CS","2023","Black","No function","UK Statistics Authority","London","[c]","[c]","[c]","[c]"
"New entrant CS","2023","Black","No function","UK Statistics Authority","Outside London","10","[c]","[c]","[c]"
"New entrant CS","2023","Black","No function","Water Services Regulation Authority","London","[c]","[c]","[c]","[c]"
"New entrant CS","2023","Black","No function","Water Services Regulation Authority","Outside London","[c]","[c]","[c]","[c]"
"New entrant CS","2023","Black","Project Delivery","Attorney General's Departments","London","[c]","[c]","[c]","[c]"
"New entrant CS","2023","Black","Project Delivery","Cabinet Office","London","[c]","[c]","[c]","[c]"
"New entrant CS","2023","Black","Project Delivery","Cabinet Office","Outside London","[c]","[c]","[c]","[c]"
"New entrant CS","2023","Black","Project Delivery","Chancellor's other departments","London","[c]","[c]","[c]","[c]"
"New entrant CS","2023","Black","Project Delivery","Chancellor's other departments","Outside London","[c]","[c]","[c]","[c]"
"New entrant CS","2023","Black","Project Delivery","Charity Commission","London","[c]","[c]","[c]","[c]"
"New entrant CS","2023","Black","Project Delivery","Charity Commission","Outside London","[c]","[c]","[c]","[c]"
"New entrant CS","2023","Black","Project Delivery","Competition and Markets Authority","London","[c]","[c]","[c]","[c]"
"New entrant CS","2023","Black","Project Delivery","Competition and Markets Authority","Outside London","[c]","[c]","[c]","[c]"
"New entrant CS","2023","Black","Project Delivery","Department for Business, Energy and Industrial Strategy","London","[c]","[c]","[c]","[c]"
"New entrant CS","2023","Black","Project Delivery","Department for Business, Energy and Industrial Strategy","Outside London","[c]","[c]","[c]","[c]"
"New entrant CS","2023","Black","Project Delivery","Department for Digital, Culture, Media and Sport","London","[c]","[c]","[c]","[c]"
"New entrant CS","2023","Black","Project Delivery","Department for Digital, Culture, Media and Sport","Outside London","[c]","[c]","[c]","[c]"
"New entrant CS","2023","Black","Project Delivery","Department for Education","London","[c]","[c]","[c]","[c]"
"New entrant CS","2023","Black","Project Delivery","Department for Education","Outside London","[c]","[c]","[c]","[c]"
"New entrant CS","2023","Black","Project Delivery","Department for Environment, Food and Rural Affairs","Outside London","[c]","[c]","[c]","[c]"
"New entrant CS","2023","Black","Project Delivery","Department for International Trade","London","[c]","[c]","[c]","[c]"
"New entrant CS","2023","Black","Project Delivery","Department for International Trade","Outside London","[c]","[c]","[c]","[c]"
"New entrant CS","2023","Black","Project Delivery","Department for Levelling Up, Housing and Communities","London","[c]","[c]","[c]","[c]"
"New entrant CS","2023","Black","Project Delivery","Department for Levelling Up, Housing and Communities","Outside London","[c]","[c]","[c]","[c]"
"New entrant CS","2023","Black","Project Delivery","Department for Transport","London","[c]","[c]","[c]","[c]"
"New entrant CS","2023","Black","Project Delivery","Department for Transport","Outside London","[c]","[c]","[c]","[c]"
"New entrant CS","2023","Black","Project Delivery","Department for Work and Pensions","London","[c]","[c]","[c]","[c]"
"New entrant CS","2023","Black","Project Delivery","Department for Work and Pensions","Outside London","[c]","[c]","[c]","[c]"
"New entrant CS","2023","Black","Project Delivery","Department of Health and Social Care","London","[c]","[c]","[c]","[c]"
"New entrant CS","2023","Black","Project Delivery","Department of Health and Social Care","Outside London","[c]","[c]","[c]","[c]"
"New entrant CS","2023","Black","Project Delivery","Estyn","Outside London","[c]","[c]","[c]","[c]"
"New entrant CS","2023","Black","Project Delivery","Food Standards Agency","Outside London","[c]","[c]","[c]","[c]"
"New entrant CS","2023","Black","Project Delivery","Foreign, Commonwealth and Development Office","Outside London","[c]","[c]","[c]","[c]"
"New entrant CS","2023","Black","Project Delivery","HM Land Registry","London","[c]","[c]","[c]","[c]"
"New entrant CS","2023","Black","Project Delivery","HM Land Registry","Outside London","[c]","[c]","[c]","[c]"
"New entrant CS","2023","Black","Project Delivery","HM Revenue and Customs","London","[c]","[c]","[c]","[c]"
"New entrant CS","2023","Black","Project Delivery","HM Revenue and Customs","Outside London","10","[c]","[c]","[c]"
"New entrant CS","2023","Black","Project Delivery","HM Treasury","London","[c]","[c]","[c]","[c]"
"New entrant CS","2023","Black","Project Delivery","HM Treasury","Outside London","[c]","[c]","[c]","[c]"
"New entrant CS","2023","Black","Project Delivery","Home Office","London","[c]","[c]","[c]","[c]"
"New entrant CS","2023","Black","Project Delivery","Home Office","Outside London","[c]","[c]","[c]","[c]"
"New entrant CS","2023","Black","Project Delivery","Ministry of Defence","London","[c]","[c]","[c]","[c]"
"New entrant CS","2023","Black","Project Delivery","Ministry of Defence","Outside London","10","[c]","[c]","[c]"
"New entrant CS","2023","Black","Project Delivery","Ministry of Justice","London","[c]","[c]","[c]","[c]"
"New entrant CS","2023","Black","Project Delivery","Ministry of Justice","Outside London","[c]","[c]","[c]","[c]"
"New entrant CS","2023","Black","Project Delivery","National Crime Agency","London","[c]","[c]","[c]","[c]"
"New entrant CS","2023","Black","Project Delivery","National Crime Agency","Outside London","[c]","[c]","[c]","[c]"
"New entrant CS","2023","Black","Project Delivery","Office of Gas and Electricity Markets","London","5","[c]","[c]","[c]"
"New entrant CS","2023","Black","Project Delivery","Office of Gas and Electricity Markets","Outside London","[c]","[c]","[c]","[c]"
"New entrant CS","2023","Black","Project Delivery","Scottish Government","Outside London","[c]","[c]","[c]","[c]"
"New entrant CS","2023","Black","Project Delivery","UK Export Finance","London","[c]","[c]","[c]","[c]"
"New entrant CS","2023","Black","Project Delivery","UK Statistics Authority","London","[c]","[c]","[c]","[c]"
"New entrant CS","2023","Black","Project Delivery","UK Statistics Authority","Outside London","[c]","[c]","[c]","[c]"
"New entrant CS","2023","Black","Project Delivery","Water Services Regulation Authority","London","[c]","[c]","[c]","[c]"
"New entrant CS","2023","Black","Project Delivery","Water Services Regulation Authority","Outside London","[c]","[c]","[c]","[c]"
"New entrant CS","2023","Black","Property","Attorney General's Departments","Outside London","[c]","[c]","[c]","[c]"
"New entrant CS","2023","Black","Property","Cabinet Office","London","[c]","[c]","[c]","[c]"
"New entrant CS","2023","Black","Property","Cabinet Office","Outside London","[c]","[c]","[c]","[c]"
"New entrant CS","2023","Black","Property","Cabinet Office","Unknown","[c]","[c]","[c]","[c]"
"New entrant CS","2023","Black","Property","Chancellor's other departments","London","[c]","[c]","[c]","[c]"
"New entrant CS","2023","Black","Property","Competition and Markets Authority","London","[c]","[c]","[c]","[c]"
"New entrant CS","2023","Black","Property","Department for Business, Energy and Industrial Strategy","Outside London","[c]","[c]","[c]","[c]"
"New entrant CS","2023","Black","Property","Department for Environment, Food and Rural Affairs","London","[c]","[c]","[c]","[c]"
"New entrant CS","2023","Black","Property","Department for Environment, Food and Rural Affairs","Outside London","[c]","[c]","[c]","[c]"
"New entrant CS","2023","Black","Property","Department for Levelling Up, Housing and Communities","London","[c]","[c]","[c]","[c]"
"New entrant CS","2023","Black","Property","Department for Transport","London","[c]","[c]","[c]","[c]"
"New entrant CS","2023","Black","Property","Department for Transport","Outside London","[c]","[c]","[c]","[c]"
"New entrant CS","2023","Black","Property","Department for Work and Pensions","London","[c]","[c]","[c]","[c]"
"New entrant CS","2023","Black","Property","Department for Work and Pensions","Outside London","[c]","[c]","[c]","[c]"
"New entrant CS","2023","Black","Property","Department of Health and Social Care","London","[c]","[c]","[c]","[c]"
"New entrant CS","2023","Black","Property","Department of Health and Social Care","Outside London","[c]","[c]","[c]","[c]"
"New entrant CS","2023","Black","Property","HM Revenue and Customs","London","[c]","[c]","[c]","[c]"
"New entrant CS","2023","Black","Property","HM Revenue and Customs","Outside London","[c]","[c]","[c]","[c]"
"New entrant CS","2023","Black","Property","Home Office","London","[c]","[c]","[c]","[c]"
"New entrant CS","2023","Black","Property","Home Office","Outside London","[c]","[c]","[c]","[c]"
"New entrant CS","2023","Black","Property","Ministry of Defence","London","[c]","[c]","[c]","[c]"
"New entrant CS","2023","Black","Property","Ministry of Defence","Outside London","[c]","[c]","[c]","[c]"
"New entrant CS","2023","Black","Property","Ministry of Defence","Overseas","[c]","[c]","[c]","[c]"
"New entrant CS","2023","Black","Property","Ministry of Justice","London","[c]","[c]","[c]","[c]"
"New entrant CS","2023","Black","Property","Ministry of Justice","Outside London","[c]","[c]","[c]","[c]"
"New entrant CS","2023","Black","Property","National Crime Agency","London","[c]","[c]","[c]","[c]"
"New entrant CS","2023","Black","Property","National Crime Agency","Outside London","[c]","[c]","[c]","[c]"
"New entrant CS","2023","Black","Property","Office of Gas and Electricity Markets","London","[c]","[c]","[c]","[c]"
"New entrant CS","2023","Black","Property","Office of Gas and Electricity Markets","Outside London","[c]","[c]","[c]","[c]"
"New entrant CS","2023","Black","Property","Office of Qualifications and Examinations Regulation","Outside London","[c]","[c]","[c]","[c]"
"New entrant CS","2023","Black","Property","Scottish Government","Outside London","[c]","[c]","[c]","[c]"
"New entrant CS","2023","Black","Property","The National Archives","London","[c]","[c]","[c]","[c]"
"New entrant CS","2023","Black","Property","UK Supreme Court","London","[c]","[c]","[c]","[c]"
"New entrant CS","2023","Black","Security","Attorney General's Departments","London","[c]","[c]","[c]","[c]"
"New entrant CS","2023","Black","Security","Attorney General's Departments","Outside London","[c]","[c]","[c]","[c]"
"New entrant CS","2023","Black","Security","Cabinet Office","London","[c]","[c]","[c]","[c]"
"New entrant CS","2023","Black","Security","Cabinet Office","Outside London","[c]","[c]","[c]","[c]"
"New entrant CS","2023","Black","Security","Cabinet Office","Unknown","[c]","[c]","[c]","[c]"
"New entrant CS","2023","Black","Security","Department for Business, Energy and Industrial Strategy","Outside London","[c]","[c]","[c]","[c]"
"New entrant CS","2023","Black","Security","Department for Digital, Culture, Media and Sport","London","[c]","[c]","[c]","[c]"
"New entrant CS","2023","Black","Security","Department for Digital, Culture, Media and Sport","Outside London","[c]","[c]","[c]","[c]"
"New entrant CS","2023","Black","Security","Department for International Trade","Outside London","[c]","[c]","[c]","[c]"
"New entrant CS","2023","Black","Security","Department for Transport","London","[c]","[c]","[c]","[c]"
"New entrant CS","2023","Black","Security","Department for Transport","Outside London","[c]","[c]","[c]","[c]"
"New entrant CS","2023","Black","Security","Department for Work and Pensions","London","[c]","[c]","[c]","[c]"
"New entrant CS","2023","Black","Security","Department for Work and Pensions","Outside London","[c]","[c]","[c]","[c]"
"New entrant CS","2023","Black","Security","Department of Health and Social Care","London","[c]","[c]","[c]","[c]"
"New entrant CS","2023","Black","Security","Department of Health and Social Care","Outside London","[c]","[c]","[c]","[c]"
"New entrant CS","2023","Black","Security","Estyn","Outside London","[c]","[c]","[c]","[c]"
"New entrant CS","2023","Black","Security","Food Standards Agency","Outside London","[c]","[c]","[c]","[c]"
"New entrant CS","2023","Black","Security","HM Revenue and Customs","London","[c]","[c]","[c]","[c]"
"New entrant CS","2023","Black","Security","HM Revenue and Customs","Outside London","[c]","[c]","[c]","[c]"
"New entrant CS","2023","Black","Security","Home Office","London","[c]","[c]","[c]","[c]"
"New entrant CS","2023","Black","Security","Home Office","Outside London","[c]","[c]","[c]","[c]"
"New entrant CS","2023","Black","Security","Ministry of Defence","London","[c]","[c]","[c]","[c]"
"New entrant CS","2023","Black","Security","Ministry of Defence","Outside London","[c]","[c]","[c]","[c]"
"New entrant CS","2023","Black","Security","Ministry of Defence","Overseas","[c]","[c]","[c]","[c]"
"New entrant CS","2023","Black","Security","Ministry of Justice","London","[c]","[c]","[c]","[c]"
"New entrant CS","2023","Black","Security","Ministry of Justice","Outside London","[c]","[c]","[c]","[c]"
"New entrant CS","2023","Black","Security","National Crime Agency","London","[c]","[c]","[c]","[c]"
"New entrant CS","2023","Black","Security","National Crime Agency","Outside London","[c]","[c]","[c]","[c]"
"New entrant CS","2023","Black","Security","Northern Ireland Office","Outside London","[c]","[c]","[c]","[c]"
"New entrant CS","2023","Black","Security","Office of Gas and Electricity Markets","London","[c]","[c]","[c]","[c]"
"New entrant CS","2023","Black","Security","Office of Gas and Electricity Markets","Outside London","[c]","[c]","[c]","[c]"
"New entrant CS","2023","Black","Security","UK Export Finance","London","[c]","[c]","[c]","[c]"
"New entrant CS","2023","Black","Security","UK Statistics Authority","London","[c]","[c]","[c]","[c]"
"New entrant CS","2023","Black","Security","UK Statistics Authority","Outside London","[c]","[c]","[c]","[c]"
"New entrant CS","2023","Black","Unknown","Attorney General's Departments","London","[c]","[c]","[c]","[c]"
"New entrant CS","2023","Black","Unknown","Attorney General's Departments","Outside London","[c]","[c]","[c]","[c]"
"New entrant CS","2023","Black","Unknown","Cabinet Office","London","10","[c]","[c]","[c]"
"New entrant CS","2023","Black","Unknown","Cabinet Office","Outside London","[c]","[c]","[c]","[c]"
"New entrant CS","2023","Black","Unknown","Cabinet Office","Unknown","[c]","[c]","[c]","[c]"
"New entrant CS","2023","Black","Unknown","Department for Business, Energy and Industrial Strategy","Outside London","[c]","[c]","[c]","[c]"
"New entrant CS","2023","Black","Unknown","Department for Education","London","[c]","[c]","[c]","[c]"
"New entrant CS","2023","Black","Unknown","Department for Education","Outside London","[c]","[c]","[c]","[c]"
"New entrant CS","2023","Black","Unknown","Department for Environment, Food and Rural Affairs","Outside London","[c]","[c]","[c]","[c]"
"New entrant CS","2023","Black","Unknown","Department for International Trade","London","[c]","[c]","[c]","[c]"
"New entrant CS","2023","Black","Unknown","Department for International Trade","Outside London","[c]","[c]","[c]","[c]"
"New entrant CS","2023","Black","Unknown","Department for Work and Pensions","London","5","[c]","[c]","[c]"
"New entrant CS","2023","Black","Unknown","Department for Work and Pensions","Outside London","10","[c]","[c]","[c]"
"New entrant CS","2023","Black","Unknown","Department for Work and Pensions","Unknown","[c]","[c]","[c]","[c]"
"New entrant CS","2023","Black","Unknown","Department of Health and Social Care","London","[c]","[c]","[c]","[c]"
"New entrant CS","2023","Black","Unknown","Department of Health and Social Care","Outside London","[c]","[c]","[c]","[c]"
"New entrant CS","2023","Black","Unknown","HM Revenue and Customs","Outside London","[c]","[c]","[c]","[c]"
"New entrant CS","2023","Black","Unknown","Ministry of Defence","London","[c]","[c]","[c]","[c]"
"New entrant CS","2023","Black","Unknown","Ministry of Defence","Outside London","[c]","[c]","[c]","[c]"
"New entrant CS","2023","Black","Unknown","Ministry of Defence","Unknown","[c]","[c]","[c]","[c]"
"New entrant CS","2023","Black","Unknown","Northern Ireland Office","London","[c]","[c]","[c]","[c]"
"New entrant CS","2023","Black","Unknown","Northern Ireland Office","Outside London","[c]","[c]","[c]","[c]"
"New entrant CS","2023","Black","Unknown","Office of Gas and Electricity Markets","London","[c]","[c]","[c]","[c]"
"New entrant CS","2023","Black","Unknown","Office of Gas and Electricity Markets","Outside London","[c]","[c]","[c]","[c]"
"New entrant CS","2023","Black","Unknown","Office of the Secretary of State for Scotland","London","[c]","[c]","[c]","[c]"
"New entrant CS","2023","Black","Unknown","Office of the Secretary of State for Scotland","Outside London","[c]","[c]","[c]","[c]"
"New entrant CS","2023","Black","Unknown","Scottish Government","London","[c]","[c]","[c]","[c]"
"New entrant CS","2023","Black","Unknown","Scottish Government","Outside London","15","[c]","[c]","[c]"
"New entrant CS","2023","Black","Unknown","Scottish Government","Overseas","[c]","[c]","[c]","[c]"
"New entrant CS","2023","Black","Unknown","Welsh Government","London","[c]","[c]","[c]","[c]"
"New entrant CS","2023","Black","Unknown","Welsh Government","Outside London","[c]","[c]","[c]","[c]"
"New entrant CS","2023","Mixed","Analysis","Cabinet Office","London","[c]","[c]","[c]","[c]"
"New entrant CS","2023","Mixed","Analysis","Cabinet Office","Outside London","[c]","[c]","[c]","[c]"
"New entrant CS","2023","Mixed","Analysis","Cabinet Office","Unknown","[c]","[c]","[c]","[c]"
"New entrant CS","2023","Mixed","Analysis","Chancellor's other departments","London","[c]","[c]","[c]","[c]"
"New entrant CS","2023","Mixed","Analysis","Chancellor's other departments","Outside London","[c]","[c]","[c]","[c]"
"New entrant CS","2023","Mixed","Analysis","Charity Commission","Outside London","[c]","[c]","[c]","[c]"
"New entrant CS","2023","Mixed","Analysis","Competition and Markets Authority","London","[c]","[c]","[c]","[c]"
"New entrant CS","2023","Mixed","Analysis","Competition and Markets Authority","Outside London","[c]","[c]","[c]","[c]"
"New entrant CS","2023","Mixed","Analysis","Department for Business, Energy and Industrial Strategy","London","[c]","[c]","[c]","[c]"
"New entrant CS","2023","Mixed","Analysis","Department for Business, Energy and Industrial Strategy","Outside London","[c]","[c]","[c]","[c]"
"New entrant CS","2023","Mixed","Analysis","Department for Digital, Culture, Media and Sport","London","[c]","[c]","[c]","[c]"
"New entrant CS","2023","Mixed","Analysis","Department for Digital, Culture, Media and Sport","Outside London","[c]","[c]","[c]","[c]"
"New entrant CS","2023","Mixed","Analysis","Department for Education","London","[c]","[c]","[c]","[c]"
"New entrant CS","2023","Mixed","Analysis","Department for Education","Outside London","[c]","[c]","[c]","[c]"
"New entrant CS","2023","Mixed","Analysis","Department for Environment, Food and Rural Affairs","Outside London","[c]","[c]","[c]","[c]"
"New entrant CS","2023","Mixed","Analysis","Department for International Trade","London","[c]","[c]","[c]","[c]"
"New entrant CS","2023","Mixed","Analysis","Department for International Trade","Outside London","[c]","[c]","[c]","[c]"
"New entrant CS","2023","Mixed","Analysis","Department for Levelling Up, Housing and Communities","London","[c]","[c]","[c]","[c]"
"New entrant CS","2023","Mixed","Analysis","Department for Levelling Up, Housing and Communities","Outside London","[c]","[c]","[c]","[c]"
"New entrant CS","2023","Mixed","Analysis","Department for Transport","London","[c]","[c]","[c]","[c]"
"New entrant CS","2023","Mixed","Analysis","Department for Transport","Outside London","[c]","[c]","[c]","[c]"
"New entrant CS","2023","Mixed","Analysis","Department for Work and Pensions","London","[c]","[c]","[c]","[c]"
"New entrant CS","2023","Mixed","Analysis","Department for Work and Pensions","Outside London","[c]","[c]","[c]","[c]"
"New entrant CS","2023","Mixed","Analysis","Department for Work and Pensions","Unknown","[c]","[c]","[c]","[c]"
"New entrant CS","2023","Mixed","Analysis","Department of Health and Social Care","London","[c]","[c]","[c]","[c]"
"New entrant CS","2023","Mixed","Analysis","Department of Health and Social Care","Outside London","[c]","[c]","[c]","[c]"
"New entrant CS","2023","Mixed","Analysis","Estyn","Outside London","[c]","[c]","[c]","[c]"
"New entrant CS","2023","Mixed","Analysis","Food Standards Agency","London","[c]","[c]","[c]","[c]"
"New entrant CS","2023","Mixed","Analysis","Food Standards Agency","Outside London","[c]","[c]","[c]","[c]"
"New entrant CS","2023","Mixed","Analysis","HM Land Registry","London","[c]","[c]","[c]","[c]"
"New entrant CS","2023","Mixed","Analysis","HM Land Registry","Outside London","[c]","[c]","[c]","[c]"
"New entrant CS","2023","Mixed","Analysis","HM Revenue and Customs","London","[c]","[c]","[c]","[c]"
"New entrant CS","2023","Mixed","Analysis","HM Revenue and Customs","Outside London","[c]","[c]","[c]","[c]"
"New entrant CS","2023","Mixed","Analysis","HM Treasury","London","[c]","[c]","[c]","[c]"
"New entrant CS","2023","Mixed","Analysis","HM Treasury","Outside London","[c]","[c]","[c]","[c]"
"New entrant CS","2023","Mixed","Analysis","Home Office","London","[c]","[c]","[c]","[c]"
"New entrant CS","2023","Mixed","Analysis","Home Office","Outside London","[c]","[c]","[c]","[c]"
"New entrant CS","2023","Mixed","Analysis","Ministry of Defence","London","[c]","[c]","[c]","[c]"
"New entrant CS","2023","Mixed","Analysis","Ministry of Defence","Outside London","[c]","[c]","[c]","[c]"
"New entrant CS","2023","Mixed","Analysis","Ministry of Justice","London","[c]","[c]","[c]","[c]"
"New entrant CS","2023","Mixed","Analysis","Ministry of Justice","Outside London","[c]","[c]","[c]","[c]"
"New entrant CS","2023","Mixed","Analysis","Ministry of Justice","Unknown","[c]","[c]","[c]","[c]"
"New entrant CS","2023","Mixed","Analysis","Office for Standards in Education, Children's Services and Skills","London","[c]","[c]","[c]","[c]"
"New entrant CS","2023","Mixed","Analysis","Office for Standards in Education, Children's Services and Skills","Outside London","[c]","[c]","[c]","[c]"
"New entrant CS","2023","Mixed","Analysis","Office of Gas and Electricity Markets","London","[c]","[c]","[c]","[c]"
"New entrant CS","2023","Mixed","Analysis","Office of Gas and Electricity Markets","Outside London","[c]","[c]","[c]","[c]"
"New entrant CS","2023","Mixed","Analysis","Office of Rail and Road","London","[c]","[c]","[c]","[c]"
"New entrant CS","2023","Mixed","Analysis","Office of Rail and Road","Outside London","[c]","[c]","[c]","[c]"
"New entrant CS","2023","Mixed","Analysis","UK Export Finance","London","[c]","[c]","[c]","[c]"
"New entrant CS","2023","Mixed","Analysis","UK Statistics Authority","London","[c]","[c]","[c]","[c]"
"New entrant CS","2023","Mixed","Analysis","UK Statistics Authority","Outside London","15","[c]","[c]","[c]"
"New entrant CS","2023","Mixed","Analysis","Water Services Regulation Authority","London","[c]","[c]","[c]","[c]"
"New entrant CS","2023","Mixed","Analysis","Water Services Regulation Authority","Outside London","[c]","[c]","[c]","[c]"
"New entrant CS","2023","Mixed","Commercial","Attorney General's Departments","London","[c]","[c]","[c]","[c]"
"New entrant CS","2023","Mixed","Commercial","Attorney General's Departments","Outside London","[c]","[c]","[c]","[c]"
"New entrant CS","2023","Mixed","Commercial","Cabinet Office","London","[c]","[c]","[c]","[c]"
"New entrant CS","2023","Mixed","Commercial","Cabinet Office","Outside London","[c]","[c]","[c]","[c]"
"New entrant CS","2023","Mixed","Commercial","Cabinet Office","Unknown","[c]","[c]","[c]","[c]"
"New entrant CS","2023","Mixed","Commercial","Chancellor's other departments","London","[c]","[c]","[c]","[c]"
"New entrant CS","2023","Mixed","Commercial","Chancellor's other departments","Outside London","[c]","[c]","[c]","[c]"
"New entrant CS","2023","Mixed","Commercial","Competition and Markets Authority","Outside London","[c]","[c]","[c]","[c]"
"New entrant CS","2023","Mixed","Commercial","Department for Business, Energy and Industrial Strategy","Outside London","[c]","[c]","[c]","[c]"
"New entrant CS","2023","Mixed","Commercial","Department for Digital, Culture, Media and Sport","London","[c]","[c]","[c]","[c]"
"New entrant CS","2023","Mixed","Commercial","Department for Digital, Culture, Media and Sport","Outside London","[c]","[c]","[c]","[c]"
"New entrant CS","2023","Mixed","Commercial","Department for Education","London","[c]","[c]","[c]","[c]"
"New entrant CS","2023","Mixed","Commercial","Department for Education","Outside London","[c]","[c]","[c]","[c]"
"New entrant CS","2023","Mixed","Commercial","Department for Environment, Food and Rural Affairs","London","[c]","[c]","[c]","[c]"
"New entrant CS","2023","Mixed","Commercial","Department for Environment, Food and Rural Affairs","Outside London","[c]","[c]","[c]","[c]"
"New entrant CS","2023","Mixed","Commercial","Department for International Trade","London","[c]","[c]","[c]","[c]"
"New entrant CS","2023","Mixed","Commercial","Department for International Trade","Outside London","[c]","[c]","[c]","[c]"
"New entrant CS","2023","Mixed","Commercial","Department for Levelling Up, Housing and Communities","London","[c]","[c]","[c]","[c]"
"New entrant CS","2023","Mixed","Commercial","Department for Levelling Up, Housing and Communities","Outside London","[c]","[c]","[c]","[c]"
"New entrant CS","2023","Mixed","Commercial","Department for Transport","London","[c]","[c]","[c]","[c]"
"New entrant CS","2023","Mixed","Commercial","Department for Transport","Outside London","[c]","[c]","[c]","[c]"
"New entrant CS","2023","Mixed","Commercial","Department for Work and Pensions","Outside London","[c]","[c]","[c]","[c]"
"New entrant CS","2023","Mixed","Commercial","Department of Health and Social Care","London","[c]","[c]","[c]","[c]"
"New entrant CS","2023","Mixed","Commercial","Department of Health and Social Care","Outside London","[c]","[c]","[c]","[c]"
"New entrant CS","2023","Mixed","Commercial","Food Standards Agency","London","[c]","[c]","[c]","[c]"
"New entrant CS","2023","Mixed","Commercial","HM Revenue and Customs","Outside London","[c]","[c]","[c]","[c]"
"New entrant CS","2023","Mixed","Commercial","Home Office","London","[c]","[c]","[c]","[c]"
"New entrant CS","2023","Mixed","Commercial","Home Office","Outside London","[c]","[c]","[c]","[c]"
"New entrant CS","2023","Mixed","Commercial","Ministry of Defence","London","[c]","[c]","[c]","[c]"
"New entrant CS","2023","Mixed","Commercial","Ministry of Defence","Outside London","5","[c]","[c]","[c]"
"New entrant CS","2023","Mixed","Commercial","Ministry of Justice","London","[c]","[c]","[c]","[c]"
"New entrant CS","2023","Mixed","Commercial","Ministry of Justice","Outside London","[c]","[c]","[c]","[c]"
"New entrant CS","2023","Mixed","Commercial","National Crime Agency","London","[c]","[c]","[c]","[c]"
"New entrant CS","2023","Mixed","Commercial","National Crime Agency","Outside London","[c]","[c]","[c]","[c]"
"New entrant CS","2023","Mixed","Commercial","Office for Standards in Education, Children's Services and Skills","Outside London","[c]","[c]","[c]","[c]"
"New entrant CS","2023","Mixed","Commercial","Office of Rail and Road","London","[c]","[c]","[c]","[c]"
"New entrant CS","2023","Mixed","Commercial","Scottish Government","Outside London","[c]","[c]","[c]","[c]"
"New entrant CS","2023","Mixed","Commercial","The National Archives","London","[c]","[c]","[c]","[c]"
"New entrant CS","2023","Mixed","Commercial","UK Export Finance","London","[c]","[c]","[c]","[c]"
"New entrant CS","2023","Mixed","Commercial","Water Services Regulation Authority","Outside London","[c]","[c]","[c]","[c]"
"New entrant CS","2023","Mixed","Communications","Attorney General's Departments","London","[c]","[c]","[c]","[c]"
"New entrant CS","2023","Mixed","Communications","Attorney General's Departments","Outside London","[c]","[c]","[c]","[c]"
"New entrant CS","2023","Mixed","Communications","Cabinet Office","London","[c]","[c]","[c]","[c]"
"New entrant CS","2023","Mixed","Communications","Cabinet Office","Outside London","[c]","[c]","[c]","[c]"
"New entrant CS","2023","Mixed","Communications","Chancellor's other departments","London","[c]","[c]","[c]","[c]"
"New entrant CS","2023","Mixed","Communications","Chancellor's other departments","Outside London","[c]","[c]","[c]","[c]"
"New entrant CS","2023","Mixed","Communications","Charity Commission","London","[c]","[c]","[c]","[c]"
"New entrant CS","2023","Mixed","Communications","Charity Commission","Outside London","[c]","[c]","[c]","[c]"
"New entrant CS","2023","Mixed","Communications","Competition and Markets Authority","London","[c]","[c]","[c]","[c]"
"New entrant CS","2023","Mixed","Communications","Competition and Markets Authority","Outside London","[c]","[c]","[c]","[c]"
"New entrant CS","2023","Mixed","Communications","Department for Business, Energy and Industrial Strategy","London","[c]","[c]","[c]","[c]"
"New entrant CS","2023","Mixed","Communications","Department for Business, Energy and Industrial Strategy","Outside London","[c]","[c]","[c]","[c]"
"New entrant CS","2023","Mixed","Communications","Department for Digital, Culture, Media and Sport","London","[c]","[c]","[c]","[c]"
"New entrant CS","2023","Mixed","Communications","Department for Digital, Culture, Media and Sport","Outside London","[c]","[c]","[c]","[c]"
"New entrant CS","2023","Mixed","Communications","Department for Education","London","[c]","[c]","[c]","[c]"
"New entrant CS","2023","Mixed","Communications","Department for Education","Outside London","[c]","[c]","[c]","[c]"
"New entrant CS","2023","Mixed","Communications","Department for Environment, Food and Rural Affairs","London","[c]","[c]","[c]","[c]"
"New entrant CS","2023","Mixed","Communications","Department for Environment, Food and Rural Affairs","Outside London","[c]","[c]","[c]","[c]"
"New entrant CS","2023","Mixed","Communications","Department for International Trade","London","[c]","[c]","[c]","[c]"
"New entrant CS","2023","Mixed","Communications","Department for International Trade","Outside London","[c]","[c]","[c]","[c]"
"New entrant CS","2023","Mixed","Communications","Department for Levelling Up, Housing and Communities","London","[c]","[c]","[c]","[c]"
"New entrant CS","2023","Mixed","Communications","Department for Transport","London","[c]","[c]","[c]","[c]"
"New entrant CS","2023","Mixed","Communications","Department for Transport","Outside London","[c]","[c]","[c]","[c]"
"New entrant CS","2023","Mixed","Communications","Department for Work and Pensions","London","[c]","[c]","[c]","[c]"
"New entrant CS","2023","Mixed","Communications","Department for Work and Pensions","Outside London","[c]","[c]","[c]","[c]"
"New entrant CS","2023","Mixed","Communications","Department for Work and Pensions","Unknown","[c]","[c]","[c]","[c]"
"New entrant CS","2023","Mixed","Communications","Department of Health and Social Care","London","[c]","[c]","[c]","[c]"
"New entrant CS","2023","Mixed","Communications","Department of Health and Social Care","Outside London","[c]","[c]","[c]","[c]"
"New entrant CS","2023","Mixed","Communications","Estyn","Outside London","[c]","[c]","[c]","[c]"
"New entrant CS","2023","Mixed","Communications","Food Standards Agency","London","[c]","[c]","[c]","[c]"
"New entrant CS","2023","Mixed","Communications","Food Standards Agency","Outside London","[c]","[c]","[c]","[c]"
"New entrant CS","2023","Mixed","Communications","Foreign, Commonwealth and Development Office","Outside London","[c]","[c]","[c]","[c]"
"New entrant CS","2023","Mixed","Communications","HM Land Registry","Outside London","[c]","[c]","[c]","[c]"
"New entrant CS","2023","Mixed","Communications","HM Revenue and Customs","London","[c]","[c]","[c]","[c]"
"New entrant CS","2023","Mixed","Communications","HM Revenue and Customs","Outside London","[c]","[c]","[c]","[c]"
"New entrant CS","2023","Mixed","Communications","HM Treasury","London","[c]","[c]","[c]","[c]"
"New entrant CS","2023","Mixed","Communications","HM Treasury","Outside London","[c]","[c]","[c]","[c]"
"New entrant CS","2023","Mixed","Communications","Home Office","London","[c]","[c]","[c]","[c]"
"New entrant CS","2023","Mixed","Communications","Home Office","Outside London","[c]","[c]","[c]","[c]"
"New entrant CS","2023","Mixed","Communications","Ministry of Defence","London","[c]","[c]","[c]","[c]"
"New entrant CS","2023","Mixed","Communications","Ministry of Defence","Outside London","[c]","[c]","[c]","[c]"
"New entrant CS","2023","Mixed","Communications","Ministry of Justice","London","[c]","[c]","[c]","[c]"
"New entrant CS","2023","Mixed","Communications","Ministry of Justice","Outside London","[c]","[c]","[c]","[c]"
"New entrant CS","2023","Mixed","Communications","National Crime Agency","London","[c]","[c]","[c]","[c]"
"New entrant CS","2023","Mixed","Communications","Northern Ireland Office","Outside London","[c]","[c]","[c]","[c]"
"New entrant CS","2023","Mixed","Communications","Office for Standards in Education, Children's Services and Skills","London","[c]","[c]","[c]","[c]"
"New entrant CS","2023","Mixed","Communications","Office for Standards in Education, Children's Services and Skills","Outside London","[c]","[c]","[c]","[c]"
"New entrant CS","2023","Mixed","Communications","Office of Gas and Electricity Markets","London","[c]","[c]","[c]","[c]"
"New entrant CS","2023","Mixed","Communications","Office of Gas and Electricity Markets","Outside London","[c]","[c]","[c]","[c]"
"New entrant CS","2023","Mixed","Communications","Office of Qualifications and Examinations Regulation","Outside London","[c]","[c]","[c]","[c]"
"New entrant CS","2023","Mixed","Communications","Office of Rail and Road","London","[c]","[c]","[c]","[c]"
"New entrant CS","2023","Mixed","Communications","Office of Rail and Road","Outside London","[c]","[c]","[c]","[c]"
"New entrant CS","2023","Mixed","Communications","Office of the Secretary of State for Scotland","London","[c]","[c]","[c]","[c]"
"New entrant CS","2023","Mixed","Communications","Office of the Secretary of State for Scotland","Outside London","[c]","[c]","[c]","[c]"
"New entrant CS","2023","Mixed","Communications","Office of the Secretary of State for Wales","Outside London","[c]","[c]","[c]","[c]"
"New entrant CS","2023","Mixed","Communications","Scottish Government","Outside London","[c]","[c]","[c]","[c]"
"New entrant CS","2023","Mixed","Communications","The National Archives","London","[c]","[c]","[c]","[c]"
"New entrant CS","2023","Mixed","Communications","UK Export Finance","London","[c]","[c]","[c]","[c]"
"New entrant CS","2023","Mixed","Communications","UK Statistics Authority","London","[c]","[c]","[c]","[c]"
"New entrant CS","2023","Mixed","Communications","UK Statistics Authority","Outside London","[c]","[c]","[c]","[c]"
"New entrant CS","2023","Mixed","Communications","UK Supreme Court","London","[c]","[c]","[c]","[c]"
"New entrant CS","2023","Mixed","Communications","Water Services Regulation Authority","London","[c]","[c]","[c]","[c]"
"New entrant CS","2023","Mixed","Counter Fraud","Attorney General's Departments","London","[c]","[c]","[c]","[c]"
"New entrant CS","2023","Mixed","Counter Fraud","Cabinet Office","London","[c]","[c]","[c]","[c]"
"New entrant CS","2023","Mixed","Counter Fraud","Cabinet Office","Outside London","[c]","[c]","[c]","[c]"
"New entrant CS","2023","Mixed","Counter Fraud","Cabinet Office","Unknown","[c]","[c]","[c]","[c]"
"New entrant CS","2023","Mixed","Counter Fraud","Department for Business, Energy and Industrial Strategy","Outside London","[c]","[c]","[c]","[c]"
"New entrant CS","2023","Mixed","Counter Fraud","Department for Digital, Culture, Media and Sport","London","[c]","[c]","[c]","[c]"
"New entrant CS","2023","Mixed","Counter Fraud","Department for Digital, Culture, Media and Sport","Outside London","[c]","[c]","[c]","[c]"
"New entrant CS","2023","Mixed","Counter Fraud","Department for Transport","London","[c]","[c]","[c]","[c]"
"New entrant CS","2023","Mixed","Counter Fraud","Department for Transport","Outside London","[c]","[c]","[c]","[c]"
"New entrant CS","2023","Mixed","Counter Fraud","Department for Work and Pensions","London","[c]","[c]","[c]","[c]"
"New entrant CS","2023","Mixed","Counter Fraud","Department for Work and Pensions","Outside London","15","[c]","[c]","[c]"
"New entrant CS","2023","Mixed","Counter Fraud","Food Standards Agency","Outside London","[c]","[c]","[c]","[c]"
"New entrant CS","2023","Mixed","Counter Fraud","HM Revenue and Customs","London","[c]","[c]","[c]","[c]"
"New entrant CS","2023","Mixed","Counter Fraud","HM Revenue and Customs","Outside London","[c]","[c]","[c]","[c]"
"New entrant CS","2023","Mixed","Counter Fraud","Ministry of Defence","Outside London","[c]","[c]","[c]","[c]"
"New entrant CS","2023","Mixed","Debt","Department for Work and Pensions","Outside London","15","[c]","[c]","[c]"
"New entrant CS","2023","Mixed","Debt","Department for Work and Pensions","Unknown","[c]","[c]","[c]","[c]"
"New entrant CS","2023","Mixed","Debt","HM Revenue and Customs","London","[c]","[c]","[c]","[c]"
"New entrant CS","2023","Mixed","Debt","HM Revenue and Customs","Outside London","10","[c]","[c]","[c]"
"New entrant CS","2023","Mixed","Digital, Data & Technology","Attorney General's Departments","London","[c]","[c]","[c]","[c]"
"New entrant CS","2023","Mixed","Digital, Data & Technology","Attorney General's Departments","Outside London","[c]","[c]","[c]","[c]"
"New entrant CS","2023","Mixed","Digital, Data & Technology","Cabinet Office","London","5","[c]","[c]","[c]"
"New entrant CS","2023","Mixed","Digital, Data & Technology","Cabinet Office","Outside London","[c]","[c]","[c]","[c]"
"New entrant CS","2023","Mixed","Digital, Data & Technology","Cabinet Office","Unknown","[c]","[c]","[c]","[c]"
"New entrant CS","2023","Mixed","Digital, Data & Technology","Chancellor's other departments","London","[c]","[c]","[c]","[c]"
"New entrant CS","2023","Mixed","Digital, Data & Technology","Charity Commission","Outside London","[c]","[c]","[c]","[c]"
"New entrant CS","2023","Mixed","Digital, Data & Technology","Competition and Markets Authority","London","[c]","[c]","[c]","[c]"
"New entrant CS","2023","Mixed","Digital, Data & Technology","Competition and Markets Authority","Outside London","[c]","[c]","[c]","[c]"
"New entrant CS","2023","Mixed","Digital, Data & Technology","Department for Business, Energy and Industrial Strategy","London","[c]","[c]","[c]","[c]"
"New entrant CS","2023","Mixed","Digital, Data & Technology","Department for Business, Energy and Industrial Strategy","Outside London","5","[c]","[c]","[c]"
"New entrant CS","2023","Mixed","Digital, Data & Technology","Department for Business, Energy and Industrial Strategy","Overseas","[c]","[c]","[c]","[c]"
"New entrant CS","2023","Mixed","Digital, Data & Technology","Department for Digital, Culture, Media and Sport","London","[c]","[c]","[c]","[c]"
"New entrant CS","2023","Mixed","Digital, Data & Technology","Department for Digital, Culture, Media and Sport","Outside London","[c]","[c]","[c]","[c]"
"New entrant CS","2023","Mixed","Digital, Data & Technology","Department for Education","London","[c]","[c]","[c]","[c]"
"New entrant CS","2023","Mixed","Digital, Data & Technology","Department for Education","Outside London","[c]","[c]","[c]","[c]"
"New entrant CS","2023","Mixed","Digital, Data & Technology","Department for Environment, Food and Rural Affairs","London","[c]","[c]","[c]","[c]"
"New entrant CS","2023","Mixed","Digital, Data & Technology","Department for Environment, Food and Rural Affairs","Outside London","5","[c]","[c]","[c]"
"New entrant CS","2023","Mixed","Digital, Data & Technology","Department for International Trade","London","[c]","[c]","[c]","[c]"
"New entrant CS","2023","Mixed","Digital, Data & Technology","Department for International Trade","Outside London","[c]","[c]","[c]","[c]"
"New entrant CS","2023","Mixed","Digital, Data & Technology","Department for Levelling Up, Housing and Communities","London","[c]","[c]","[c]","[c]"
"New entrant CS","2023","Mixed","Digital, Data & Technology","Department for Levelling Up, Housing and Communities","Outside London","[c]","[c]","[c]","[c]"
"New entrant CS","2023","Mixed","Digital, Data & Technology","Department for Transport","London","[c]","[c]","[c]","[c]"
"New entrant CS","2023","Mixed","Digital, Data & Technology","Department for Transport","Outside London","[c]","[c]","[c]","[c]"
"New entrant CS","2023","Mixed","Digital, Data & Technology","Department for Work and Pensions","London","[c]","[c]","[c]","[c]"
"New entrant CS","2023","Mixed","Digital, Data & Technology","Department for Work and Pensions","Outside London","10","[c]","[c]","[c]"
"New entrant CS","2023","Mixed","Digital, Data & Technology","Department for Work and Pensions","Unknown","[c]","[c]","[c]","[c]"
"New entrant CS","2023","Mixed","Digital, Data & Technology","Department of Health and Social Care","London","[c]","[c]","[c]","[c]"
"New entrant CS","2023","Mixed","Digital, Data & Technology","Department of Health and Social Care","Outside London","[c]","[c]","[c]","[c]"
"New entrant CS","2023","Mixed","Digital, Data & Technology","Food Standards Agency","London","[c]","[c]","[c]","[c]"
"New entrant CS","2023","Mixed","Digital, Data & Technology","Food Standards Agency","Outside London","[c]","[c]","[c]","[c]"
"New entrant CS","2023","Mixed","Digital, Data & Technology","HM Land Registry","London","[c]","[c]","[c]","[c]"
"New entrant CS","2023","Mixed","Digital, Data & Technology","HM Land Registry","Outside London","[c]","[c]","[c]","[c]"
"New entrant CS","2023","Mixed","Digital, Data & Technology","HM Revenue and Customs","London","[c]","[c]","[c]","[c]"
"New entrant CS","2023","Mixed","Digital, Data & Technology","HM Revenue and Customs","Outside London","10","[c]","[c]","[c]"
"New entrant CS","2023","Mixed","Digital, Data & Technology","HM Treasury","London","[c]","[c]","[c]","[c]"
"New entrant CS","2023","Mixed","Digital, Data & Technology","HM Treasury","Outside London","[c]","[c]","[c]","[c]"
"New entrant CS","2023","Mixed","Digital, Data & Technology","Home Office","London","[c]","[c]","[c]","[c]"
"New entrant CS","2023","Mixed","Digital, Data & Technology","Home Office","Outside London","[c]","[c]","[c]","[c]"
"New entrant CS","2023","Mixed","Digital, Data & Technology","Ministry of Defence","London","[c]","[c]","[c]","[c]"
"New entrant CS","2023","Mixed","Digital, Data & Technology","Ministry of Defence","Outside London","[c]","[c]","[c]","[c]"
"New entrant CS","2023","Mixed","Digital, Data & Technology","Ministry of Defence","Overseas","[c]","[c]","[c]","[c]"
"New entrant CS","2023","Mixed","Digital, Data & Technology","Ministry of Justice","London","[c]","[c]","[c]","[c]"
"New entrant CS","2023","Mixed","Digital, Data & Technology","Ministry of Justice","Outside London","5","[c]","[c]","[c]"
"New entrant CS","2023","Mixed","Digital, Data & Technology","National Crime Agency","London","[c]","[c]","[c]","[c]"
"New entrant CS","2023","Mixed","Digital, Data & Technology","National Crime Agency","Outside London","[c]","[c]","[c]","[c]"
"New entrant CS","2023","Mixed","Digital, Data & Technology","Office for Standards in Education, Children's Services and Skills","London","[c]","[c]","[c]","[c]"
"New entrant CS","2023","Mixed","Digital, Data & Technology","Office for Standards in Education, Children's Services and Skills","Outside London","[c]","[c]","[c]","[c]"
"New entrant CS","2023","Mixed","Digital, Data & Technology","Office of Gas and Electricity Markets","London","[c]","[c]","[c]","[c]"
"New entrant CS","2023","Mixed","Digital, Data & Technology","Office of Gas and Electricity Markets","Outside London","[c]","[c]","[c]","[c]"
"New entrant CS","2023","Mixed","Digital, Data & Technology","Office of Qualifications and Examinations Regulation","Outside London","[c]","[c]","[c]","[c]"
"New entrant CS","2023","Mixed","Digital, Data & Technology","Office of Rail and Road","London","[c]","[c]","[c]","[c]"
"New entrant CS","2023","Mixed","Digital, Data & Technology","Office of Rail and Road","Outside London","[c]","[c]","[c]","[c]"
"New entrant CS","2023","Mixed","Digital, Data & Technology","Scottish Government","Outside London","[c]","[c]","[c]","[c]"
"New entrant CS","2023","Mixed","Digital, Data & Technology","The National Archives","London","[c]","[c]","[c]","[c]"
"New entrant CS","2023","Mixed","Digital, Data & Technology","UK Export Finance","London","[c]","[c]","[c]","[c]"
"New entrant CS","2023","Mixed","Digital, Data & Technology","UK Statistics Authority","London","[c]","[c]","[c]","[c]"
"New entrant CS","2023","Mixed","Digital, Data & Technology","UK Statistics Authority","Outside London","[c]","[c]","[c]","[c]"
"New entrant CS","2023","Mixed","Digital, Data & Technology","UK Supreme Court","London","[c]","[c]","[c]","[c]"
"New entrant CS","2023","Mixed","Digital, Data & Technology","Water Services Regulation Authority","London","[c]","[c]","[c]","[c]"
"New entrant CS","2023","Mixed","Digital, Data & Technology","Water Services Regulation Authority","Outside London","[c]","[c]","[c]","[c]"
"New entrant CS","2023","Mixed","Finance","Attorney General's Departments","London","[c]","[c]","[c]","[c]"
"New entrant CS","2023","Mixed","Finance","Attorney General's Departments","Outside London","[c]","[c]","[c]","[c]"
"New entrant CS","2023","Mixed","Finance","Cabinet Office","London","[c]","[c]","[c]","[c]"
"New entrant CS","2023","Mixed","Finance","Cabinet Office","Outside London","[c]","[c]","[c]","[c]"
"New entrant CS","2023","Mixed","Finance","Chancellor's other departments","London","[c]","[c]","[c]","[c]"
"New entrant CS","2023","Mixed","Finance","Charity Commission","Outside London","[c]","[c]","[c]","[c]"
"New entrant CS","2023","Mixed","Finance","Competition and Markets Authority","London","[c]","[c]","[c]","[c]"
"New entrant CS","2023","Mixed","Finance","Competition and Markets Authority","Outside London","[c]","[c]","[c]","[c]"
"New entrant CS","2023","Mixed","Finance","Department for Business, Energy and Industrial Strategy","London","[c]","[c]","[c]","[c]"
"New entrant CS","2023","Mixed","Finance","Department for Business, Energy and Industrial Strategy","Outside London","[c]","[c]","[c]","[c]"
"New entrant CS","2023","Mixed","Finance","Department for Digital, Culture, Media and Sport","London","[c]","[c]","[c]","[c]"
"New entrant CS","2023","Mixed","Finance","Department for Digital, Culture, Media and Sport","Outside London","[c]","[c]","[c]","[c]"
"New entrant CS","2023","Mixed","Finance","Department for Education","London","[c]","[c]","[c]","[c]"
"New entrant CS","2023","Mixed","Finance","Department for Education","Outside London","[c]","[c]","[c]","[c]"
"New entrant CS","2023","Mixed","Finance","Department for Environment, Food and Rural Affairs","London","[c]","[c]","[c]","[c]"
"New entrant CS","2023","Mixed","Finance","Department for Environment, Food and Rural Affairs","Outside London","[c]","[c]","[c]","[c]"
"New entrant CS","2023","Mixed","Finance","Department for International Trade","London","[c]","[c]","[c]","[c]"
"New entrant CS","2023","Mixed","Finance","Department for International Trade","Outside London","[c]","[c]","[c]","[c]"
"New entrant CS","2023","Mixed","Finance","Department for Levelling Up, Housing and Communities","London","[c]","[c]","[c]","[c]"
"New entrant CS","2023","Mixed","Finance","Department for Levelling Up, Housing and Communities","Outside London","[c]","[c]","[c]","[c]"
"New entrant CS","2023","Mixed","Finance","Department for Transport","London","[c]","[c]","[c]","[c]"
"New entrant CS","2023","Mixed","Finance","Department for Transport","Outside London","[c]","[c]","[c]","[c]"
"New entrant CS","2023","Mixed","Finance","Department for Work and Pensions","London","[c]","[c]","[c]","[c]"
"New entrant CS","2023","Mixed","Finance","Department for Work and Pensions","Outside London","[c]","[c]","[c]","[c]"
"New entrant CS","2023","Mixed","Finance","Department for Work and Pensions","Unknown","[c]","[c]","[c]","[c]"
"New entrant CS","2023","Mixed","Finance","Department of Health and Social Care","London","[c]","[c]","[c]","[c]"
"New entrant CS","2023","Mixed","Finance","Department of Health and Social Care","Outside London","[c]","[c]","[c]","[c]"
"New entrant CS","2023","Mixed","Finance","Estyn","Outside London","[c]","[c]","[c]","[c]"
"New entrant CS","2023","Mixed","Finance","Food Standards Agency","Outside London","[c]","[c]","[c]","[c]"
"New entrant CS","2023","Mixed","Finance","HM Land Registry","Outside London","[c]","[c]","[c]","[c]"
"New entrant CS","2023","Mixed","Finance","HM Revenue and Customs","London","[c]","[c]","[c]","[c]"
"New entrant CS","2023","Mixed","Finance","HM Revenue and Customs","Outside London","[c]","[c]","[c]","[c]"
"New entrant CS","2023","Mixed","Finance","HM Treasury","London","[c]","[c]","[c]","[c]"
"New entrant CS","2023","Mixed","Finance","HM Treasury","Outside London","[c]","[c]","[c]","[c]"
"New entrant CS","2023","Mixed","Finance","Home Office","London","[c]","[c]","[c]","[c]"
"New entrant CS","2023","Mixed","Finance","Home Office","Outside London","[c]","[c]","[c]","[c]"
"New entrant CS","2023","Mixed","Finance","Ministry of Defence","London","[c]","[c]","[c]","[c]"
"New entrant CS","2023","Mixed","Finance","Ministry of Defence","Outside London","5","[c]","[c]","[c]"
"New entrant CS","2023","Mixed","Finance","Ministry of Defence","Overseas","[c]","[c]","[c]","[c]"
"New entrant CS","2023","Mixed","Finance","Ministry of Justice","London","[c]","[c]","[c]","[c]"
"New entrant CS","2023","Mixed","Finance","Ministry of Justice","Outside London","[c]","[c]","[c]","[c]"
"New entrant CS","2023","Mixed","Finance","Ministry of Justice","Unknown","[c]","[c]","[c]","[c]"
"New entrant CS","2023","Mixed","Finance","National Crime Agency","London","[c]","[c]","[c]","[c]"
"New entrant CS","2023","Mixed","Finance","National Crime Agency","Outside London","[c]","[c]","[c]","[c]"
"New entrant CS","2023","Mixed","Finance","Northern Ireland Office","Outside London","[c]","[c]","[c]","[c]"
"New entrant CS","2023","Mixed","Finance","Office for Standards in Education, Children's Services and Skills","Outside London","[c]","[c]","[c]","[c]"
"New entrant CS","2023","Mixed","Finance","Office of Gas and Electricity Markets","London","[c]","[c]","[c]","[c]"
"New entrant CS","2023","Mixed","Finance","Office of Gas and Electricity Markets","Outside London","[c]","[c]","[c]","[c]"
"New entrant CS","2023","Mixed","Finance","Office of Qualifications and Examinations Regulation","Outside London","[c]","[c]","[c]","[c]"
"New entrant CS","2023","Mixed","Finance","Office of Rail and Road","London","[c]","[c]","[c]","[c]"
"New entrant CS","2023","Mixed","Finance","Office of Rail and Road","Outside London","[c]","[c]","[c]","[c]"
"New entrant CS","2023","Mixed","Finance","Office of the Secretary of State for Scotland","London","[c]","[c]","[c]","[c]"
"New entrant CS","2023","Mixed","Finance","Scottish Government","Outside London","[c]","[c]","[c]","[c]"
"New entrant CS","2023","Mixed","Finance","UK Export Finance","London","[c]","[c]","[c]","[c]"
"New entrant CS","2023","Mixed","Finance","UK Statistics Authority","Outside London","[c]","[c]","[c]","[c]"
"New entrant CS","2023","Mixed","Finance","Water Services Regulation Authority","London","[c]","[c]","[c]","[c]"
"New entrant CS","2023","Mixed","Finance","Water Services Regulation Authority","Outside London","[c]","[c]","[c]","[c]"
"New entrant CS","2023","Mixed","Grants Management","Department for Environment, Food and Rural Affairs","London","[c]","[c]","[c]","[c]"
"New entrant CS","2023","Mixed","Grants Management","Department for Environment, Food and Rural Affairs","Outside London","5","[c]","[c]","[c]"
"New entrant CS","2023","Mixed","Grants Management","Department of Health and Social Care","London","[c]","[c]","[c]","[c]"
"New entrant CS","2023","Mixed","Grants Management","Home Office","Outside London","[c]","[c]","[c]","[c]"
"New entrant CS","2023","Mixed","Grants Management","The National Archives","London","[c]","[c]","[c]","[c]"
"New entrant CS","2023","Mixed","Human Resources","Attorney General's Departments","London","[c]","[c]","[c]","[c]"
"New entrant CS","2023","Mixed","Human Resources","Attorney General's Departments","Outside London","[c]","[c]","[c]","[c]"
"New entrant CS","2023","Mixed","Human Resources","Cabinet Office","London","[c]","[c]","[c]","[c]"
"New entrant CS","2023","Mixed","Human Resources","Cabinet Office","Outside London","[c]","[c]","[c]","[c]"
"New entrant CS","2023","Mixed","Human Resources","Cabinet Office","Unknown","[c]","[c]","[c]","[c]"
"New entrant CS","2023","Mixed","Human Resources","Chancellor's other departments","London","[c]","[c]","[c]","[c]"
"New entrant CS","2023","Mixed","Human Resources","Charity Commission","Outside London","[c]","[c]","[c]","[c]"
"New entrant CS","2023","Mixed","Human Resources","Competition and Markets Authority","London","[c]","[c]","[c]","[c]"
"New entrant CS","2023","Mixed","Human Resources","Competition and Markets Authority","Outside London","[c]","[c]","[c]","[c]"
"New entrant CS","2023","Mixed","Human Resources","Department for Business, Energy and Industrial Strategy","London","[c]","[c]","[c]","[c]"
"New entrant CS","2023","Mixed","Human Resources","Department for Business, Energy and Industrial Strategy","Outside London","[c]","[c]","[c]","[c]"
"New entrant CS","2023","Mixed","Human Resources","Department for Digital, Culture, Media and Sport","London","[c]","[c]","[c]","[c]"
"New entrant CS","2023","Mixed","Human Resources","Department for Digital, Culture, Media and Sport","Outside London","[c]","[c]","[c]","[c]"
"New entrant CS","2023","Mixed","Human Resources","Department for Education","London","[c]","[c]","[c]","[c]"
"New entrant CS","2023","Mixed","Human Resources","Department for Education","Outside London","[c]","[c]","[c]","[c]"
"New entrant CS","2023","Mixed","Human Resources","Department for Environment, Food and Rural Affairs","London","[c]","[c]","[c]","[c]"
"New entrant CS","2023","Mixed","Human Resources","Department for Environment, Food and Rural Affairs","Outside London","[c]","[c]","[c]","[c]"
"New entrant CS","2023","Mixed","Human Resources","Department for International Trade","London","[c]","[c]","[c]","[c]"
"New entrant CS","2023","Mixed","Human Resources","Department for International Trade","Outside London","[c]","[c]","[c]","[c]"
"New entrant CS","2023","Mixed","Human Resources","Department for Levelling Up, Housing and Communities","London","[c]","[c]","[c]","[c]"
"New entrant CS","2023","Mixed","Human Resources","Department for Levelling Up, Housing and Communities","Outside London","[c]","[c]","[c]","[c]"
"New entrant CS","2023","Mixed","Human Resources","Department for Transport","London","[c]","[c]","[c]","[c]"
"New entrant CS","2023","Mixed","Human Resources","Department for Transport","Outside London","[c]","[c]","[c]","[c]"
"New entrant CS","2023","Mixed","Human Resources","Department for Work and Pensions","London","[c]","[c]","[c]","[c]"
"New entrant CS","2023","Mixed","Human Resources","Department for Work and Pensions","Outside London","[c]","[c]","[c]","[c]"
"New entrant CS","2023","Mixed","Human Resources","Department for Work and Pensions","Unknown","[c]","[c]","[c]","[c]"
"New entrant CS","2023","Mixed","Human Resources","Department of Health and Social Care","London","[c]","[c]","[c]","[c]"
"New entrant CS","2023","Mixed","Human Resources","Department of Health and Social Care","Outside London","[c]","[c]","[c]","[c]"
"New entrant CS","2023","Mixed","Human Resources","Food Standards Agency","Outside London","[c]","[c]","[c]","[c]"
"New entrant CS","2023","Mixed","Human Resources","HM Land Registry","London","[c]","[c]","[c]","[c]"
"New entrant CS","2023","Mixed","Human Resources","HM Land Registry","Outside London","[c]","[c]","[c]","[c]"
"New entrant CS","2023","Mixed","Human Resources","HM Revenue and Customs","London","[c]","[c]","[c]","[c]"
"New entrant CS","2023","Mixed","Human Resources","HM Revenue and Customs","Outside London","5","[c]","[c]","[c]"
"New entrant CS","2023","Mixed","Human Resources","HM Treasury","London","[c]","[c]","[c]","[c]"
"New entrant CS","2023","Mixed","Human Resources","HM Treasury","Outside London","[c]","[c]","[c]","[c]"
"New entrant CS","2023","Mixed","Human Resources","Home Office","London","[c]","[c]","[c]","[c]"
"New entrant CS","2023","Mixed","Human Resources","Home Office","Outside London","[c]","[c]","[c]","[c]"
"New entrant CS","2023","Mixed","Human Resources","Ministry of Defence","London","[c]","[c]","[c]","[c]"
"New entrant CS","2023","Mixed","Human Resources","Ministry of Defence","Outside London","10","[c]","[c]","[c]"
"New entrant CS","2023","Mixed","Human Resources","Ministry of Defence","Overseas","[c]","[c]","[c]","[c]"
"New entrant CS","2023","Mixed","Human Resources","Ministry of Defence","Unknown","[c]","[c]","[c]","[c]"
"New entrant CS","2023","Mixed","Human Resources","Ministry of Justice","London","[c]","[c]","[c]","[c]"
"New entrant CS","2023","Mixed","Human Resources","Ministry of Justice","Outside London","[c]","[c]","[c]","[c]"
"New entrant CS","2023","Mixed","Human Resources","National Crime Agency","London","[c]","[c]","[c]","[c]"
"New entrant CS","2023","Mixed","Human Resources","National Crime Agency","Outside London","[c]","[c]","[c]","[c]"
"New entrant CS","2023","Mixed","Human Resources","Office for Standards in Education, Children's Services and Skills","Outside London","[c]","[c]","[c]","[c]"
"New entrant CS","2023","Mixed","Human Resources","Office of Gas and Electricity Markets","London","[c]","[c]","[c]","[c]"
"New entrant CS","2023","Mixed","Human Resources","Office of Gas and Electricity Markets","Outside London","[c]","[c]","[c]","[c]"
"New entrant CS","2023","Mixed","Human Resources","Office of Qualifications and Examinations Regulation","Outside London","[c]","[c]","[c]","[c]"
"New entrant CS","2023","Mixed","Human Resources","Office of Rail and Road","Outside London","[c]","[c]","[c]","[c]"
"New entrant CS","2023","Mixed","Human Resources","Office of the Secretary of State for Scotland","London","[c]","[c]","[c]","[c]"
"New entrant CS","2023","Mixed","Human Resources","Office of the Secretary of State for Wales","Outside London","[c]","[c]","[c]","[c]"
"New entrant CS","2023","Mixed","Human Resources","Scottish Government","Outside London","[c]","[c]","[c]","[c]"
"New entrant CS","2023","Mixed","Human Resources","The National Archives","London","[c]","[c]","[c]","[c]"
"New entrant CS","2023","Mixed","Human Resources","UK Statistics Authority","London","[c]","[c]","[c]","[c]"
"New entrant CS","2023","Mixed","Human Resources","UK Statistics Authority","Outside London","[c]","[c]","[c]","[c]"
"New entrant CS","2023","Mixed","Human Resources","UK Supreme Court","London","[c]","[c]","[c]","[c]"
"New entrant CS","2023","Mixed","Human Resources","Water Services Regulation Authority","Outside London","[c]","[c]","[c]","[c]"
"New entrant CS","2023","Mixed","Internal Audit","Department for Business, Energy and Industrial Strategy","Outside London","[c]","[c]","[c]","[c]"
"New entrant CS","2023","Mixed","Internal Audit","HM Revenue and Customs","London","[c]","[c]","[c]","[c]"
"New entrant CS","2023","Mixed","Internal Audit","HM Revenue and Customs","Outside London","[c]","[c]","[c]","[c]"
"New entrant CS","2023","Mixed","Internal Audit","HM Treasury","London","[c]","[c]","[c]","[c]"
"New entrant CS","2023","Mixed","Internal Audit","HM Treasury","Outside London","[c]","[c]","[c]","[c]"
"New entrant CS","2023","Mixed","Internal Audit","HM Treasury","Unknown","[c]","[c]","[c]","[c]"
"New entrant CS","2023","Mixed","Internal Audit","Ministry of Defence","London","[c]","[c]","[c]","[c]"
"New entrant CS","2023","Mixed","Internal Audit","Ministry of Defence","Outside London","[c]","[c]","[c]","[c]"
"New entrant CS","2023","Mixed","Internal Audit","Ministry of Defence","Overseas","[c]","[c]","[c]","[c]"
"New entrant CS","2023","Mixed","Internal Audit","UK Export Finance","London","[c]","[c]","[c]","[c]"
"New entrant CS","2023","Mixed","Internal Audit","UK Statistics Authority","Outside London","[c]","[c]","[c]","[c]"
"New entrant CS","2023","Mixed","Legal","Attorney General's Departments","London","25","[c]","[c]","[c]"
"New entrant CS","2023","Mixed","Legal","Attorney General's Departments","Outside London","30","[c]","28250","24430"
"New entrant CS","2023","Mixed","Legal","Cabinet Office","London","[c]","[c]","[c]","[c]"
"New entrant CS","2023","Mixed","Legal","Charity Commission","London","[c]","[c]","[c]","[c]"
"New entrant CS","2023","Mixed","Legal","Competition and Markets Authority","London","[c]","[c]","[c]","[c]"
"New entrant CS","2023","Mixed","Legal","Competition and Markets Authority","Outside London","[c]","[c]","[c]","[c]"
"New entrant CS","2023","Mixed","Legal","Department for Business, Energy and Industrial Strategy","London","[c]","[c]","[c]","[c]"
"New entrant CS","2023","Mixed","Legal","Department for Business, Energy and Industrial Strategy","Outside London","[c]","[c]","[c]","[c]"
"New entrant CS","2023","Mixed","Legal","Department for Education","London","[c]","[c]","[c]","[c]"
"New entrant CS","2023","Mixed","Legal","Department for Education","Outside London","[c]","[c]","[c]","[c]"
"New entrant CS","2023","Mixed","Legal","Department for Work and Pensions","Outside London","[c]","[c]","[c]","[c]"
"New entrant CS","2023","Mixed","Legal","Department of Health and Social Care","London","[c]","[c]","[c]","[c]"
"New entrant CS","2023","Mixed","Legal","Department of Health and Social Care","Outside London","[c]","[c]","[c]","[c]"
"New entrant CS","2023","Mixed","Legal","Food Standards Agency","London","[c]","[c]","[c]","[c]"
"New entrant CS","2023","Mixed","Legal","Food Standards Agency","Outside London","[c]","[c]","[c]","[c]"
"New entrant CS","2023","Mixed","Legal","HM Land Registry","London","[c]","[c]","[c]","[c]"
"New entrant CS","2023","Mixed","Legal","HM Land Registry","Outside London","[c]","[c]","[c]","[c]"
"New entrant CS","2023","Mixed","Legal","HM Revenue and Customs","London","[c]","[c]","[c]","[c]"
"New entrant CS","2023","Mixed","Legal","HM Revenue and Customs","Outside London","[c]","[c]","[c]","[c]"
"New entrant CS","2023","Mixed","Legal","HM Treasury","London","[c]","[c]","[c]","[c]"
"New entrant CS","2023","Mixed","Legal","Ministry of Defence","London","[c]","[c]","[c]","[c]"
"New entrant CS","2023","Mixed","Legal","Ministry of Defence","Overseas","[c]","[c]","[c]","[c]"
"New entrant CS","2023","Mixed","Legal","Ministry of Justice","London","[c]","[c]","[c]","[c]"
"New entrant CS","2023","Mixed","Legal","Ministry of Justice","Outside London","[c]","[c]","[c]","[c]"
"New entrant CS","2023","Mixed","Legal","Ministry of Justice","Unknown","[c]","[c]","[c]","[c]"
"New entrant CS","2023","Mixed","Legal","National Crime Agency","London","[c]","[c]","[c]","[c]"
"New entrant CS","2023","Mixed","Legal","Office for Standards in Education, Children's Services and Skills","London","[c]","[c]","[c]","[c]"
"New entrant CS","2023","Mixed","Legal","Office of Gas and Electricity Markets","London","[c]","[c]","[c]","[c]"
"New entrant CS","2023","Mixed","Legal","Office of Gas and Electricity Markets","Outside London","[c]","[c]","[c]","[c]"
"New entrant CS","2023","Mixed","Legal","Office of Qualifications and Examinations Regulation","Outside London","[c]","[c]","[c]","[c]"
"New entrant CS","2023","Mixed","Legal","Office of Rail and Road","London","[c]","[c]","[c]","[c]"
"New entrant CS","2023","Mixed","Legal","Office of Rail and Road","Outside London","[c]","[c]","[c]","[c]"
"New entrant CS","2023","Mixed","Legal","Scottish Government","Outside London","[c]","[c]","[c]","[c]"
"New entrant CS","2023","Mixed","Legal","UK Export Finance","London","[c]","[c]","[c]","[c]"
"New entrant CS","2023","Mixed","Legal","UK Supreme Court","London","[c]","[c]","[c]","[c]"
"New entrant CS","2023","Mixed","Legal","Water Services Regulation Authority","London","[c]","[c]","[c]","[c]"
"New entrant CS","2023","Mixed","Legal","Water Services Regulation Authority","Outside London","[c]","[c]","[c]","[c]"
"New entrant CS","2023","Mixed","Legal","Welsh Government","London","[c]","[c]","[c]","[c]"
"New entrant CS","2023","Mixed","No function","Attorney General's Departments","London","[c]","[c]","[c]","[c]"
"New entrant CS","2023","Mixed","No function","Cabinet Office","London","[c]","[c]","[c]","[c]"
"New entrant CS","2023","Mixed","No function","Cabinet Office","Outside London","[c]","[c]","[c]","[c]"
"New entrant CS","2023","Mixed","No function","Cabinet Office","Unknown","[c]","[c]","[c]","[c]"
"New entrant CS","2023","Mixed","No function","Chancellor's other departments","London","[c]","[c]","[c]","[c]"
"New entrant CS","2023","Mixed","No function","Chancellor's other departments","Outside London","[c]","[c]","[c]","[c]"
"New entrant CS","2023","Mixed","No function","Charity Commission","London","[c]","[c]","[c]","[c]"
"New entrant CS","2023","Mixed","No function","Charity Commission","Outside London","[c]","[c]","[c]","[c]"
"New entrant CS","2023","Mixed","No function","Department for Business, Energy and Industrial Strategy","London","15","[c]","[c]","[c]"
"New entrant CS","2023","Mixed","No function","Department for Business, Energy and Industrial Strategy","Outside London","10","[c]","[c]","[c]"
"New entrant CS","2023","Mixed","No function","Department for Digital, Culture, Media and Sport","London","[c]","[c]","[c]","[c]"
"New entrant CS","2023","Mixed","No function","Department for Digital, Culture, Media and Sport","Outside London","[c]","[c]","[c]","[c]"
"New entrant CS","2023","Mixed","No function","Department for Education","London","[c]","[c]","[c]","[c]"
"New entrant CS","2023","Mixed","No function","Department for Education","Outside London","[c]","[c]","[c]","[c]"
"New entrant CS","2023","Mixed","No function","Department for Environment, Food and Rural Affairs","London","15","[c]","[c]","[c]"
"New entrant CS","2023","Mixed","No function","Department for Environment, Food and Rural Affairs","Outside London","15","[c]","[c]","[c]"
"New entrant CS","2023","Mixed","No function","Department for Environment, Food and Rural Affairs","Unknown","[c]","[c]","[c]","[c]"
"New entrant CS","2023","Mixed","No function","Department for International Trade","London","10","[c]","[c]","[c]"
"New entrant CS","2023","Mixed","No function","Department for International Trade","Outside London","5","[c]","[c]","[c]"
"New entrant CS","2023","Mixed","No function","Department for Levelling Up, Housing and Communities","London","[c]","[c]","[c]","[c]"
"New entrant CS","2023","Mixed","No function","Department for Levelling Up, Housing and Communities","Outside London","[c]","[c]","[c]","[c]"
"New entrant CS","2023","Mixed","No function","Department for Transport","London","5","[c]","[c]","[c]"
"New entrant CS","2023","Mixed","No function","Department for Transport","Outside London","25","[c]","[c]","[c]"
"New entrant CS","2023","Mixed","No function","Department for Work and Pensions","London","[c]","[c]","[c]","[c]"
"New entrant CS","2023","Mixed","No function","Department for Work and Pensions","Outside London","40","[c]","24710","21690"
"New entrant CS","2023","Mixed","No function","Department for Work and Pensions","Unknown","[c]","[c]","[c]","[c]"
"New entrant CS","2023","Mixed","No function","Department of Health and Social Care","London","15","[c]","[c]","[c]"
"New entrant CS","2023","Mixed","No function","Department of Health and Social Care","Outside London","5","[c]","[c]","[c]"
"New entrant CS","2023","Mixed","No function","Food Standards Agency","London","[c]","[c]","[c]","[c]"
"New entrant CS","2023","Mixed","No function","Food Standards Agency","Outside London","[c]","[c]","[c]","[c]"
"New entrant CS","2023","Mixed","No function","HM Land Registry","London","[c]","[c]","[c]","[c]"
"New entrant CS","2023","Mixed","No function","HM Land Registry","Outside London","[c]","[c]","[c]","[c]"
"New entrant CS","2023","Mixed","No function","HM Revenue and Customs","London","[c]","[c]","[c]","[c]"
"New entrant CS","2023","Mixed","No function","HM Revenue and Customs","Outside London","35","[c]","24770","22520"
"New entrant CS","2023","Mixed","No function","HM Treasury","London","10","[c]","[c]","[c]"
"New entrant CS","2023","Mixed","No function","HM Treasury","Outside London","[c]","[c]","[c]","[c]"
"New entrant CS","2023","Mixed","No function","Home Office","London","20","[c]","[c]","[c]"
"New entrant CS","2023","Mixed","No function","Home Office","Outside London","40","[c]","25270","25750"
"New entrant CS","2023","Mixed","No function","Home Office","Overseas","[c]","[c]","[c]","[c]"
"New entrant CS","2023","Mixed","No function","Home Office","Unknown","[c]","[c]","[c]","[c]"
"New entrant CS","2023","Mixed","No function","Ministry of Defence","London","[c]","[c]","[c]","[c]"
"New entrant CS","2023","Mixed","No function","Ministry of Defence","Outside London","35","[c]","28060","22220"
"New entrant CS","2023","Mixed","No function","Ministry of Defence","Overseas","[c]","[c]","[c]","[c]"
"New entrant CS","2023","Mixed","No function","Ministry of Justice","London","70","[c]","32010","29660"
"New entrant CS","2023","Mixed","No function","Ministry of Justice","Outside London","275","[c]","25060","23640"
"New entrant CS","2023","Mixed","No function","Ministry of Justice","Unknown","[c]","[c]","[c]","[c]"
"New entrant CS","2023","Mixed","No function","National Crime Agency","London","[c]","[c]","[c]","[c]"
"New entrant CS","2023","Mixed","No function","National Crime Agency","Outside London","5","[c]","[c]","[c]"
"New entrant CS","2023","Mixed","No function","National Crime Agency","Overseas","[c]","[c]","[c]","[c]"
"New entrant CS","2023","Mixed","No function","National Crime Agency","Unknown","[c]","[c]","[c]","[c]"
"New entrant CS","2023","Mixed","No function","Office for Standards in Education, Children's Services and Skills","London","[c]","[c]","[c]","[c]"
"New entrant CS","2023","Mixed","No function","Office for Standards in Education, Children's Services and Skills","Outside London","5","[c]","[c]","[c]"
"New entrant CS","2023","Mixed","No function","Office of Gas and Electricity Markets","London","5","[c]","[c]","[c]"
"New entrant CS","2023","Mixed","No function","Office of Gas and Electricity Markets","Outside London","[c]","[c]","[c]","[c]"
"New entrant CS","2023","Mixed","No function","Office of Qualifications and Examinations Regulation","Outside London","[c]","[c]","[c]","[c]"
"New entrant CS","2023","Mixed","No function","Office of Rail and Road","London","[c]","[c]","[c]","[c]"
"New entrant CS","2023","Mixed","No function","Office of Rail and Road","Outside London","[c]","[c]","[c]","[c]"
"New entrant CS","2023","Mixed","No function","Office of the Secretary of State for Scotland","London","[c]","[c]","[c]","[c]"
"New entrant CS","2023","Mixed","No function","Office of the Secretary of State for Scotland","Outside London","[c]","[c]","[c]","[c]"
"New entrant CS","2023","Mixed","No function","Office of the Secretary of State for Wales","London","[c]","[c]","[c]","[c]"
"New entrant CS","2023","Mixed","No function","Office of the Secretary of State for Wales","Outside London","[c]","[c]","[c]","[c]"
"New entrant CS","2023","Mixed","No function","Scottish Government","Outside London","[c]","[c]","[c]","[c]"
"New entrant CS","2023","Mixed","No function","The National Archives","London","[c]","[c]","[c]","[c]"
"New entrant CS","2023","Mixed","No function","The National Archives","Outside London","[c]","[c]","[c]","[c]"
"New entrant CS","2023","Mixed","No function","UK Statistics Authority","London","[c]","[c]","[c]","[c]"
"New entrant CS","2023","Mixed","No function","UK Statistics Authority","Outside London","10","[c]","[c]","[c]"
"New entrant CS","2023","Mixed","No function","Water Services Regulation Authority","London","[c]","[c]","[c]","[c]"
"New entrant CS","2023","Mixed","No function","Water Services Regulation Authority","Outside London","[c]","[c]","[c]","[c]"
"New entrant CS","2023","Mixed","Project Delivery","Attorney General's Departments","London","[c]","[c]","[c]","[c]"
"New entrant CS","2023","Mixed","Project Delivery","Cabinet Office","London","[c]","[c]","[c]","[c]"
"New entrant CS","2023","Mixed","Project Delivery","Cabinet Office","Outside London","[c]","[c]","[c]","[c]"
"New entrant CS","2023","Mixed","Project Delivery","Chancellor's other departments","London","[c]","[c]","[c]","[c]"
"New entrant CS","2023","Mixed","Project Delivery","Chancellor's other departments","Outside London","[c]","[c]","[c]","[c]"
"New entrant CS","2023","Mixed","Project Delivery","Charity Commission","London","[c]","[c]","[c]","[c]"
"New entrant CS","2023","Mixed","Project Delivery","Charity Commission","Outside London","[c]","[c]","[c]","[c]"
"New entrant CS","2023","Mixed","Project Delivery","Competition and Markets Authority","London","[c]","[c]","[c]","[c]"
"New entrant CS","2023","Mixed","Project Delivery","Competition and Markets Authority","Outside London","[c]","[c]","[c]","[c]"
"New entrant CS","2023","Mixed","Project Delivery","Department for Business, Energy and Industrial Strategy","London","[c]","[c]","[c]","[c]"
"New entrant CS","2023","Mixed","Project Delivery","Department for Business, Energy and Industrial Strategy","Outside London","[c]","[c]","[c]","[c]"
"New entrant CS","2023","Mixed","Project Delivery","Department for Digital, Culture, Media and Sport","London","[c]","[c]","[c]","[c]"
"New entrant CS","2023","Mixed","Project Delivery","Department for Digital, Culture, Media and Sport","Outside London","[c]","[c]","[c]","[c]"
"New entrant CS","2023","Mixed","Project Delivery","Department for Education","London","[c]","[c]","[c]","[c]"
"New entrant CS","2023","Mixed","Project Delivery","Department for Education","Outside London","[c]","[c]","[c]","[c]"
"New entrant CS","2023","Mixed","Project Delivery","Department for Environment, Food and Rural Affairs","Outside London","[c]","[c]","[c]","[c]"
"New entrant CS","2023","Mixed","Project Delivery","Department for International Trade","London","[c]","[c]","[c]","[c]"
"New entrant CS","2023","Mixed","Project Delivery","Department for International Trade","Outside London","[c]","[c]","[c]","[c]"
"New entrant CS","2023","Mixed","Project Delivery","Department for Levelling Up, Housing and Communities","London","[c]","[c]","[c]","[c]"
"New entrant CS","2023","Mixed","Project Delivery","Department for Levelling Up, Housing and Communities","Outside London","[c]","[c]","[c]","[c]"
"New entrant CS","2023","Mixed","Project Delivery","Department for Transport","London","[c]","[c]","[c]","[c]"
"New entrant CS","2023","Mixed","Project Delivery","Department for Transport","Outside London","[c]","[c]","[c]","[c]"
"New entrant CS","2023","Mixed","Project Delivery","Department for Work and Pensions","London","[c]","[c]","[c]","[c]"
"New entrant CS","2023","Mixed","Project Delivery","Department for Work and Pensions","Outside London","[c]","[c]","[c]","[c]"
"New entrant CS","2023","Mixed","Project Delivery","Department of Health and Social Care","London","[c]","[c]","[c]","[c]"
"New entrant CS","2023","Mixed","Project Delivery","Department of Health and Social Care","Outside London","[c]","[c]","[c]","[c]"
"New entrant CS","2023","Mixed","Project Delivery","Estyn","Outside London","[c]","[c]","[c]","[c]"
"New entrant CS","2023","Mixed","Project Delivery","Food Standards Agency","Outside London","[c]","[c]","[c]","[c]"
"New entrant CS","2023","Mixed","Project Delivery","Foreign, Commonwealth and Development Office","Outside London","[c]","[c]","[c]","[c]"
"New entrant CS","2023","Mixed","Project Delivery","HM Land Registry","London","[c]","[c]","[c]","[c]"
"New entrant CS","2023","Mixed","Project Delivery","HM Land Registry","Outside London","[c]","[c]","[c]","[c]"
"New entrant CS","2023","Mixed","Project Delivery","HM Revenue and Customs","London","[c]","[c]","[c]","[c]"
"New entrant CS","2023","Mixed","Project Delivery","HM Revenue and Customs","Outside London","[c]","[c]","[c]","[c]"
"New entrant CS","2023","Mixed","Project Delivery","HM Treasury","London","[c]","[c]","[c]","[c]"
"New entrant CS","2023","Mixed","Project Delivery","HM Treasury","Outside London","[c]","[c]","[c]","[c]"
"New entrant CS","2023","Mixed","Project Delivery","Home Office","London","[c]","[c]","[c]","[c]"
"New entrant CS","2023","Mixed","Project Delivery","Home Office","Outside London","[c]","[c]","[c]","[c]"
"New entrant CS","2023","Mixed","Project Delivery","Ministry of Defence","London","[c]","[c]","[c]","[c]"
"New entrant CS","2023","Mixed","Project Delivery","Ministry of Defence","Outside London","20","[c]","[c]","[c]"
"New entrant CS","2023","Mixed","Project Delivery","Ministry of Justice","London","[c]","[c]","[c]","[c]"
"New entrant CS","2023","Mixed","Project Delivery","Ministry of Justice","Outside London","[c]","[c]","[c]","[c]"
"New entrant CS","2023","Mixed","Project Delivery","National Crime Agency","London","[c]","[c]","[c]","[c]"
"New entrant CS","2023","Mixed","Project Delivery","National Crime Agency","Outside London","[c]","[c]","[c]","[c]"
"New entrant CS","2023","Mixed","Project Delivery","Office of Gas and Electricity Markets","London","[c]","[c]","[c]","[c]"
"New entrant CS","2023","Mixed","Project Delivery","Office of Gas and Electricity Markets","Outside London","[c]","[c]","[c]","[c]"
"New entrant CS","2023","Mixed","Project Delivery","Scottish Government","Outside London","[c]","[c]","[c]","[c]"
"New entrant CS","2023","Mixed","Project Delivery","UK Export Finance","London","[c]","[c]","[c]","[c]"
"New entrant CS","2023","Mixed","Project Delivery","UK Statistics Authority","London","[c]","[c]","[c]","[c]"
"New entrant CS","2023","Mixed","Project Delivery","UK Statistics Authority","Outside London","[c]","[c]","[c]","[c]"
"New entrant CS","2023","Mixed","Project Delivery","Water Services Regulation Authority","London","[c]","[c]","[c]","[c]"
"New entrant CS","2023","Mixed","Project Delivery","Water Services Regulation Authority","Outside London","[c]","[c]","[c]","[c]"
"New entrant CS","2023","Mixed","Property","Attorney General's Departments","Outside London","[c]","[c]","[c]","[c]"
"New entrant CS","2023","Mixed","Property","Cabinet Office","London","[c]","[c]","[c]","[c]"
"New entrant CS","2023","Mixed","Property","Cabinet Office","Outside London","[c]","[c]","[c]","[c]"
"New entrant CS","2023","Mixed","Property","Cabinet Office","Unknown","[c]","[c]","[c]","[c]"
"New entrant CS","2023","Mixed","Property","Chancellor's other departments","London","[c]","[c]","[c]","[c]"
"New entrant CS","2023","Mixed","Property","Competition and Markets Authority","London","[c]","[c]","[c]","[c]"
"New entrant CS","2023","Mixed","Property","Department for Business, Energy and Industrial Strategy","Outside London","[c]","[c]","[c]","[c]"
"New entrant CS","2023","Mixed","Property","Department for Environment, Food and Rural Affairs","London","[c]","[c]","[c]","[c]"
"New entrant CS","2023","Mixed","Property","Department for Environment, Food and Rural Affairs","Outside London","[c]","[c]","[c]","[c]"
"New entrant CS","2023","Mixed","Property","Department for Levelling Up, Housing and Communities","London","[c]","[c]","[c]","[c]"
"New entrant CS","2023","Mixed","Property","Department for Transport","London","[c]","[c]","[c]","[c]"
"New entrant CS","2023","Mixed","Property","Department for Transport","Outside London","[c]","[c]","[c]","[c]"
"New entrant CS","2023","Mixed","Property","Department for Work and Pensions","London","[c]","[c]","[c]","[c]"
"New entrant CS","2023","Mixed","Property","Department for Work and Pensions","Outside London","[c]","[c]","[c]","[c]"
"New entrant CS","2023","Mixed","Property","Department of Health and Social Care","London","[c]","[c]","[c]","[c]"
"New entrant CS","2023","Mixed","Property","Department of Health and Social Care","Outside London","[c]","[c]","[c]","[c]"
"New entrant CS","2023","Mixed","Property","HM Revenue and Customs","London","[c]","[c]","[c]","[c]"
"New entrant CS","2023","Mixed","Property","HM Revenue and Customs","Outside London","5","[c]","[c]","[c]"
"New entrant CS","2023","Mixed","Property","Home Office","London","[c]","[c]","[c]","[c]"
"New entrant CS","2023","Mixed","Property","Home Office","Outside London","[c]","[c]","[c]","[c]"
"New entrant CS","2023","Mixed","Property","Ministry of Defence","London","[c]","[c]","[c]","[c]"
"New entrant CS","2023","Mixed","Property","Ministry of Defence","Outside London","5","[c]","[c]","[c]"
"New entrant CS","2023","Mixed","Property","Ministry of Defence","Overseas","[c]","[c]","[c]","[c]"
"New entrant CS","2023","Mixed","Property","Ministry of Justice","London","[c]","[c]","[c]","[c]"
"New entrant CS","2023","Mixed","Property","Ministry of Justice","Outside London","[c]","[c]","[c]","[c]"
"New entrant CS","2023","Mixed","Property","National Crime Agency","London","[c]","[c]","[c]","[c]"
"New entrant CS","2023","Mixed","Property","National Crime Agency","Outside London","[c]","[c]","[c]","[c]"
"New entrant CS","2023","Mixed","Property","Office of Gas and Electricity Markets","London","[c]","[c]","[c]","[c]"
"New entrant CS","2023","Mixed","Property","Office of Gas and Electricity Markets","Outside London","[c]","[c]","[c]","[c]"
"New entrant CS","2023","Mixed","Property","Office of Qualifications and Examinations Regulation","Outside London","[c]","[c]","[c]","[c]"
"New entrant CS","2023","Mixed","Property","Scottish Government","Outside London","[c]","[c]","[c]","[c]"
"New entrant CS","2023","Mixed","Property","The National Archives","London","[c]","[c]","[c]","[c]"
"New entrant CS","2023","Mixed","Property","UK Supreme Court","London","[c]","[c]","[c]","[c]"
"New entrant CS","2023","Mixed","Security","Attorney General's Departments","London","[c]","[c]","[c]","[c]"
"New entrant CS","2023","Mixed","Security","Attorney General's Departments","Outside London","[c]","[c]","[c]","[c]"
"New entrant CS","2023","Mixed","Security","Cabinet Office","London","[c]","[c]","[c]","[c]"
"New entrant CS","2023","Mixed","Security","Cabinet Office","Outside London","[c]","[c]","[c]","[c]"
"New entrant CS","2023","Mixed","Security","Cabinet Office","Unknown","[c]","[c]","[c]","[c]"
"New entrant CS","2023","Mixed","Security","Department for Business, Energy and Industrial Strategy","Outside London","[c]","[c]","[c]","[c]"
"New entrant CS","2023","Mixed","Security","Department for Digital, Culture, Media and Sport","London","[c]","[c]","[c]","[c]"
"New entrant CS","2023","Mixed","Security","Department for Digital, Culture, Media and Sport","Outside London","[c]","[c]","[c]","[c]"
"New entrant CS","2023","Mixed","Security","Department for International Trade","Outside London","[c]","[c]","[c]","[c]"
"New entrant CS","2023","Mixed","Security","Department for Transport","London","[c]","[c]","[c]","[c]"
"New entrant CS","2023","Mixed","Security","Department for Transport","Outside London","[c]","[c]","[c]","[c]"
"New entrant CS","2023","Mixed","Security","Department for Work and Pensions","London","[c]","[c]","[c]","[c]"
"New entrant CS","2023","Mixed","Security","Department for Work and Pensions","Outside London","[c]","[c]","[c]","[c]"
"New entrant CS","2023","Mixed","Security","Department of Health and Social Care","London","[c]","[c]","[c]","[c]"
"New entrant CS","2023","Mixed","Security","Department of Health and Social Care","Outside London","[c]","[c]","[c]","[c]"
"New entrant CS","2023","Mixed","Security","Estyn","Outside London","[c]","[c]","[c]","[c]"
"New entrant CS","2023","Mixed","Security","Food Standards Agency","Outside London","[c]","[c]","[c]","[c]"
"New entrant CS","2023","Mixed","Security","HM Revenue and Customs","London","[c]","[c]","[c]","[c]"
"New entrant CS","2023","Mixed","Security","HM Revenue and Customs","Outside London","[c]","[c]","[c]","[c]"
"New entrant CS","2023","Mixed","Security","Home Office","London","[c]","[c]","[c]","[c]"
"New entrant CS","2023","Mixed","Security","Home Office","Outside London","[c]","[c]","[c]","[c]"
"New entrant CS","2023","Mixed","Security","Ministry of Defence","London","[c]","[c]","[c]","[c]"
"New entrant CS","2023","Mixed","Security","Ministry of Defence","Outside London","[c]","[c]","[c]","[c]"
"New entrant CS","2023","Mixed","Security","Ministry of Defence","Overseas","[c]","[c]","[c]","[c]"
"New entrant CS","2023","Mixed","Security","Ministry of Justice","London","[c]","[c]","[c]","[c]"
"New entrant CS","2023","Mixed","Security","Ministry of Justice","Outside London","[c]","[c]","[c]","[c]"
"New entrant CS","2023","Mixed","Security","National Crime Agency","London","[c]","[c]","[c]","[c]"
"New entrant CS","2023","Mixed","Security","National Crime Agency","Outside London","[c]","[c]","[c]","[c]"
"New entrant CS","2023","Mixed","Security","Northern Ireland Office","Outside London","[c]","[c]","[c]","[c]"
"New entrant CS","2023","Mixed","Security","Office of Gas and Electricity Markets","London","[c]","[c]","[c]","[c]"
"New entrant CS","2023","Mixed","Security","Office of Gas and Electricity Markets","Outside London","[c]","[c]","[c]","[c]"
"New entrant CS","2023","Mixed","Security","UK Export Finance","London","[c]","[c]","[c]","[c]"
"New entrant CS","2023","Mixed","Security","UK Statistics Authority","London","[c]","[c]","[c]","[c]"
"New entrant CS","2023","Mixed","Security","UK Statistics Authority","Outside London","[c]","[c]","[c]","[c]"
"New entrant CS","2023","Mixed","Unknown","Attorney General's Departments","London","[c]","[c]","[c]","[c]"
"New entrant CS","2023","Mixed","Unknown","Attorney General's Departments","Outside London","[c]","[c]","[c]","[c]"
"New entrant CS","2023","Mixed","Unknown","Cabinet Office","London","20","[c]","[c]","[c]"
"New entrant CS","2023","Mixed","Unknown","Cabinet Office","Outside London","[c]","[c]","[c]","[c]"
"New entrant CS","2023","Mixed","Unknown","Cabinet Office","Unknown","[c]","[c]","[c]","[c]"
"New entrant CS","2023","Mixed","Unknown","Department for Business, Energy and Industrial Strategy","Outside London","[c]","[c]","[c]","[c]"
"New entrant CS","2023","Mixed","Unknown","Department for Education","London","[c]","[c]","[c]","[c]"
"New entrant CS","2023","Mixed","Unknown","Department for Education","Outside London","[c]","[c]","[c]","[c]"
"New entrant CS","2023","Mixed","Unknown","Department for Environment, Food and Rural Affairs","Outside London","[c]","[c]","[c]","[c]"
"New entrant CS","2023","Mixed","Unknown","Department for International Trade","London","[c]","[c]","[c]","[c]"
"New entrant CS","2023","Mixed","Unknown","Department for International Trade","Outside London","[c]","[c]","[c]","[c]"
"New entrant CS","2023","Mixed","Unknown","Department for Work and Pensions","London","5","[c]","[c]","[c]"
"New entrant CS","2023","Mixed","Unknown","Department for Work and Pensions","Outside London","5","[c]","[c]","[c]"
"New entrant CS","2023","Mixed","Unknown","Department for Work and Pensions","Unknown","[c]","[c]","[c]","[c]"
"New entrant CS","2023","Mixed","Unknown","Department of Health and Social Care","London","[c]","[c]","[c]","[c]"
"New entrant CS","2023","Mixed","Unknown","Department of Health and Social Care","Outside London","[c]","[c]","[c]","[c]"
"New entrant CS","2023","Mixed","Unknown","HM Revenue and Customs","Outside London","[c]","[c]","[c]","[c]"
"New entrant CS","2023","Mixed","Unknown","Ministry of Defence","London","[c]","[c]","[c]","[c]"
"New entrant CS","2023","Mixed","Unknown","Ministry of Defence","Outside London","[c]","[c]","[c]","[c]"
"New entrant CS","2023","Mixed","Unknown","Ministry of Defence","Unknown","[c]","[c]","[c]","[c]"
"New entrant CS","2023","Mixed","Unknown","Northern Ireland Office","London","[c]","[c]","[c]","[c]"
"New entrant CS","2023","Mixed","Unknown","Northern Ireland Office","Outside London","[c]","[c]","[c]","[c]"
"New entrant CS","2023","Mixed","Unknown","Office of Gas and Electricity Markets","London","[c]","[c]","[c]","[c]"
"New entrant CS","2023","Mixed","Unknown","Office of Gas and Electricity Markets","Outside London","[c]","[c]","[c]","[c]"
"New entrant CS","2023","Mixed","Unknown","Office of the Secretary of State for Scotland","London","[c]","[c]","[c]","[c]"
"New entrant CS","2023","Mixed","Unknown","Office of the Secretary of State for Scotland","Outside London","[c]","[c]","[c]","[c]"
"New entrant CS","2023","Mixed","Unknown","Scottish Government","London","[c]","[c]","[c]","[c]"
"New entrant CS","2023","Mixed","Unknown","Scottish Government","Outside London","15","[c]","[c]","[c]"
"New entrant CS","2023","Mixed","Unknown","Scottish Government","Overseas","[c]","[c]","[c]","[c]"
"New entrant CS","2023","Mixed","Unknown","Welsh Government","London","[c]","[c]","[c]","[c]"
"New entrant CS","2023","Mixed","Unknown","Welsh Government","Outside London","10","[c]","[c]","[c]"
"New entrant CS","2023","Other ethnicity","Analysis","Cabinet Office","London","[c]","[c]","[c]","[c]"
"New entrant CS","2023","Other ethnicity","Analysis","Cabinet Office","Outside London","[c]","[c]","[c]","[c]"
"New entrant CS","2023","Other ethnicity","Analysis","Cabinet Office","Unknown","[c]","[c]","[c]","[c]"
"New entrant CS","2023","Other ethnicity","Analysis","Chancellor's other departments","London","[c]","[c]","[c]","[c]"
"New entrant CS","2023","Other ethnicity","Analysis","Chancellor's other departments","Outside London","[c]","[c]","[c]","[c]"
"New entrant CS","2023","Other ethnicity","Analysis","Charity Commission","Outside London","[c]","[c]","[c]","[c]"
"New entrant CS","2023","Other ethnicity","Analysis","Competition and Markets Authority","London","[c]","[c]","[c]","[c]"
"New entrant CS","2023","Other ethnicity","Analysis","Competition and Markets Authority","Outside London","[c]","[c]","[c]","[c]"
"New entrant CS","2023","Other ethnicity","Analysis","Department for Business, Energy and Industrial Strategy","London","[c]","[c]","[c]","[c]"
"New entrant CS","2023","Other ethnicity","Analysis","Department for Business, Energy and Industrial Strategy","Outside London","[c]","[c]","[c]","[c]"
"New entrant CS","2023","Other ethnicity","Analysis","Department for Digital, Culture, Media and Sport","London","[c]","[c]","[c]","[c]"
"New entrant CS","2023","Other ethnicity","Analysis","Department for Digital, Culture, Media and Sport","Outside London","[c]","[c]","[c]","[c]"
"New entrant CS","2023","Other ethnicity","Analysis","Department for Education","London","[c]","[c]","[c]","[c]"
"New entrant CS","2023","Other ethnicity","Analysis","Department for Education","Outside London","[c]","[c]","[c]","[c]"
"New entrant CS","2023","Other ethnicity","Analysis","Department for Environment, Food and Rural Affairs","Outside London","[c]","[c]","[c]","[c]"
"New entrant CS","2023","Other ethnicity","Analysis","Department for International Trade","London","[c]","[c]","[c]","[c]"
"New entrant CS","2023","Other ethnicity","Analysis","Department for International Trade","Outside London","[c]","[c]","[c]","[c]"
"New entrant CS","2023","Other ethnicity","Analysis","Department for Levelling Up, Housing and Communities","London","[c]","[c]","[c]","[c]"
"New entrant CS","2023","Other ethnicity","Analysis","Department for Levelling Up, Housing and Communities","Outside London","[c]","[c]","[c]","[c]"
"New entrant CS","2023","Other ethnicity","Analysis","Department for Transport","London","[c]","[c]","[c]","[c]"
"New entrant CS","2023","Other ethnicity","Analysis","Department for Transport","Outside London","[c]","[c]","[c]","[c]"
"New entrant CS","2023","Other ethnicity","Analysis","Department for Work and Pensions","London","[c]","[c]","[c]","[c]"
"New entrant CS","2023","Other ethnicity","Analysis","Department for Work and Pensions","Outside London","[c]","[c]","[c]","[c]"
"New entrant CS","2023","Other ethnicity","Analysis","Department for Work and Pensions","Unknown","[c]","[c]","[c]","[c]"
"New entrant CS","2023","Other ethnicity","Analysis","Department of Health and Social Care","London","[c]","[c]","[c]","[c]"
"New entrant CS","2023","Other ethnicity","Analysis","Department of Health and Social Care","Outside London","[c]","[c]","[c]","[c]"
"New entrant CS","2023","Other ethnicity","Analysis","Estyn","Outside London","[c]","[c]","[c]","[c]"
"New entrant CS","2023","Other ethnicity","Analysis","Food Standards Agency","London","[c]","[c]","[c]","[c]"
"New entrant CS","2023","Other ethnicity","Analysis","Food Standards Agency","Outside London","[c]","[c]","[c]","[c]"
"New entrant CS","2023","Other ethnicity","Analysis","HM Land Registry","London","[c]","[c]","[c]","[c]"
"New entrant CS","2023","Other ethnicity","Analysis","HM Land Registry","Outside London","[c]","[c]","[c]","[c]"
"New entrant CS","2023","Other ethnicity","Analysis","HM Revenue and Customs","London","[c]","[c]","[c]","[c]"
"New entrant CS","2023","Other ethnicity","Analysis","HM Revenue and Customs","Outside London","[c]","[c]","[c]","[c]"
"New entrant CS","2023","Other ethnicity","Analysis","HM Treasury","London","5","[c]","[c]","[c]"
"New entrant CS","2023","Other ethnicity","Analysis","HM Treasury","Outside London","[c]","[c]","[c]","[c]"
"New entrant CS","2023","Other ethnicity","Analysis","Home Office","London","[c]","[c]","[c]","[c]"
"New entrant CS","2023","Other ethnicity","Analysis","Home Office","Outside London","[c]","[c]","[c]","[c]"
"New entrant CS","2023","Other ethnicity","Analysis","Ministry of Defence","London","[c]","[c]","[c]","[c]"
"New entrant CS","2023","Other ethnicity","Analysis","Ministry of Defence","Outside London","[c]","[c]","[c]","[c]"
"New entrant CS","2023","Other ethnicity","Analysis","Ministry of Justice","London","[c]","[c]","[c]","[c]"
"New entrant CS","2023","Other ethnicity","Analysis","Ministry of Justice","Outside London","[c]","[c]","[c]","[c]"
"New entrant CS","2023","Other ethnicity","Analysis","Ministry of Justice","Unknown","[c]","[c]","[c]","[c]"
"New entrant CS","2023","Other ethnicity","Analysis","Office for Standards in Education, Children's Services and Skills","London","[c]","[c]","[c]","[c]"
"New entrant CS","2023","Other ethnicity","Analysis","Office for Standards in Education, Children's Services and Skills","Outside London","[c]","[c]","[c]","[c]"
"New entrant CS","2023","Other ethnicity","Analysis","Office of Gas and Electricity Markets","London","[c]","[c]","[c]","[c]"
"New entrant CS","2023","Other ethnicity","Analysis","Office of Gas and Electricity Markets","Outside London","[c]","[c]","[c]","[c]"
"New entrant CS","2023","Other ethnicity","Analysis","Office of Rail and Road","London","[c]","[c]","[c]","[c]"
"New entrant CS","2023","Other ethnicity","Analysis","Office of Rail and Road","Outside London","[c]","[c]","[c]","[c]"
"New entrant CS","2023","Other ethnicity","Analysis","UK Export Finance","London","[c]","[c]","[c]","[c]"
"New entrant CS","2023","Other ethnicity","Analysis","UK Statistics Authority","London","[c]","[c]","[c]","[c]"
"New entrant CS","2023","Other ethnicity","Analysis","UK Statistics Authority","Outside London","[c]","[c]","[c]","[c]"
"New entrant CS","2023","Other ethnicity","Analysis","Water Services Regulation Authority","London","[c]","[c]","[c]","[c]"
"New entrant CS","2023","Other ethnicity","Analysis","Water Services Regulation Authority","Outside London","[c]","[c]","[c]","[c]"
"New entrant CS","2023","Other ethnicity","Commercial","Attorney General's Departments","London","[c]","[c]","[c]","[c]"
"New entrant CS","2023","Other ethnicity","Commercial","Attorney General's Departments","Outside London","[c]","[c]","[c]","[c]"
"New entrant CS","2023","Other ethnicity","Commercial","Cabinet Office","London","[c]","[c]","[c]","[c]"
"New entrant CS","2023","Other ethnicity","Commercial","Cabinet Office","Outside London","[c]","[c]","[c]","[c]"
"New entrant CS","2023","Other ethnicity","Commercial","Cabinet Office","Unknown","[c]","[c]","[c]","[c]"
"New entrant CS","2023","Other ethnicity","Commercial","Chancellor's other departments","London","[c]","[c]","[c]","[c]"
"New entrant CS","2023","Other ethnicity","Commercial","Chancellor's other departments","Outside London","[c]","[c]","[c]","[c]"
"New entrant CS","2023","Other ethnicity","Commercial","Competition and Markets Authority","Outside London","[c]","[c]","[c]","[c]"
"New entrant CS","2023","Other ethnicity","Commercial","Department for Business, Energy and Industrial Strategy","Outside London","[c]","[c]","[c]","[c]"
"New entrant CS","2023","Other ethnicity","Commercial","Department for Digital, Culture, Media and Sport","London","[c]","[c]","[c]","[c]"
"New entrant CS","2023","Other ethnicity","Commercial","Department for Digital, Culture, Media and Sport","Outside London","[c]","[c]","[c]","[c]"
"New entrant CS","2023","Other ethnicity","Commercial","Department for Education","London","[c]","[c]","[c]","[c]"
"New entrant CS","2023","Other ethnicity","Commercial","Department for Education","Outside London","[c]","[c]","[c]","[c]"
"New entrant CS","2023","Other ethnicity","Commercial","Department for Environment, Food and Rural Affairs","London","[c]","[c]","[c]","[c]"
"New entrant CS","2023","Other ethnicity","Commercial","Department for Environment, Food and Rural Affairs","Outside London","[c]","[c]","[c]","[c]"
"New entrant CS","2023","Other ethnicity","Commercial","Department for International Trade","London","[c]","[c]","[c]","[c]"
"New entrant CS","2023","Other ethnicity","Commercial","Department for International Trade","Outside London","[c]","[c]","[c]","[c]"
"New entrant CS","2023","Other ethnicity","Commercial","Department for Levelling Up, Housing and Communities","London","[c]","[c]","[c]","[c]"
"New entrant CS","2023","Other ethnicity","Commercial","Department for Levelling Up, Housing and Communities","Outside London","[c]","[c]","[c]","[c]"
"New entrant CS","2023","Other ethnicity","Commercial","Department for Transport","London","[c]","[c]","[c]","[c]"
"New entrant CS","2023","Other ethnicity","Commercial","Department for Transport","Outside London","[c]","[c]","[c]","[c]"
"New entrant CS","2023","Other ethnicity","Commercial","Department for Work and Pensions","Outside London","[c]","[c]","[c]","[c]"
"New entrant CS","2023","Other ethnicity","Commercial","Department of Health and Social Care","London","[c]","[c]","[c]","[c]"
"New entrant CS","2023","Other ethnicity","Commercial","Department of Health and Social Care","Outside London","[c]","[c]","[c]","[c]"
"New entrant CS","2023","Other ethnicity","Commercial","Food Standards Agency","London","[c]","[c]","[c]","[c]"
"New entrant CS","2023","Other ethnicity","Commercial","HM Revenue and Customs","Outside London","[c]","[c]","[c]","[c]"
"New entrant CS","2023","Other ethnicity","Commercial","Home Office","London","[c]","[c]","[c]","[c]"
"New entrant CS","2023","Other ethnicity","Commercial","Home Office","Outside London","[c]","[c]","[c]","[c]"
"New entrant CS","2023","Other ethnicity","Commercial","Ministry of Defence","London","[c]","[c]","[c]","[c]"
"New entrant CS","2023","Other ethnicity","Commercial","Ministry of Defence","Outside London","[c]","[c]","[c]","[c]"
"New entrant CS","2023","Other ethnicity","Commercial","Ministry of Justice","London","[c]","[c]","[c]","[c]"
"New entrant CS","2023","Other ethnicity","Commercial","Ministry of Justice","Outside London","[c]","[c]","[c]","[c]"
"New entrant CS","2023","Other ethnicity","Commercial","National Crime Agency","London","[c]","[c]","[c]","[c]"
"New entrant CS","2023","Other ethnicity","Commercial","National Crime Agency","Outside London","[c]","[c]","[c]","[c]"
"New entrant CS","2023","Other ethnicity","Commercial","Office for Standards in Education, Children's Services and Skills","Outside London","[c]","[c]","[c]","[c]"
"New entrant CS","2023","Other ethnicity","Commercial","Office of Rail and Road","London","[c]","[c]","[c]","[c]"
"New entrant CS","2023","Other ethnicity","Commercial","Scottish Government","Outside London","[c]","[c]","[c]","[c]"
"New entrant CS","2023","Other ethnicity","Commercial","The National Archives","London","[c]","[c]","[c]","[c]"
"New entrant CS","2023","Other ethnicity","Commercial","UK Export Finance","London","[c]","[c]","[c]","[c]"
"New entrant CS","2023","Other ethnicity","Commercial","Water Services Regulation Authority","Outside London","[c]","[c]","[c]","[c]"
"New entrant CS","2023","Other ethnicity","Communications","Attorney General's Departments","London","[c]","[c]","[c]","[c]"
"New entrant CS","2023","Other ethnicity","Communications","Attorney General's Departments","Outside London","[c]","[c]","[c]","[c]"
"New entrant CS","2023","Other ethnicity","Communications","Cabinet Office","London","[c]","[c]","[c]","[c]"
"New entrant CS","2023","Other ethnicity","Communications","Cabinet Office","Outside London","[c]","[c]","[c]","[c]"
"New entrant CS","2023","Other ethnicity","Communications","Chancellor's other departments","London","[c]","[c]","[c]","[c]"
"New entrant CS","2023","Other ethnicity","Communications","Chancellor's other departments","Outside London","[c]","[c]","[c]","[c]"
"New entrant CS","2023","Other ethnicity","Communications","Charity Commission","London","[c]","[c]","[c]","[c]"
"New entrant CS","2023","Other ethnicity","Communications","Charity Commission","Outside London","[c]","[c]","[c]","[c]"
"New entrant CS","2023","Other ethnicity","Communications","Competition and Markets Authority","London","[c]","[c]","[c]","[c]"
"New entrant CS","2023","Other ethnicity","Communications","Competition and Markets Authority","Outside London","[c]","[c]","[c]","[c]"
"New entrant CS","2023","Other ethnicity","Communications","Department for Business, Energy and Industrial Strategy","London","[c]","[c]","[c]","[c]"
"New entrant CS","2023","Other ethnicity","Communications","Department for Business, Energy and Industrial Strategy","Outside London","[c]","[c]","[c]","[c]"
"New entrant CS","2023","Other ethnicity","Communications","Department for Digital, Culture, Media and Sport","London","[c]","[c]","[c]","[c]"
"New entrant CS","2023","Other ethnicity","Communications","Department for Digital, Culture, Media and Sport","Outside London","[c]","[c]","[c]","[c]"
"New entrant CS","2023","Other ethnicity","Communications","Department for Education","London","[c]","[c]","[c]","[c]"
"New entrant CS","2023","Other ethnicity","Communications","Department for Education","Outside London","[c]","[c]","[c]","[c]"
"New entrant CS","2023","Other ethnicity","Communications","Department for Environment, Food and Rural Affairs","London","[c]","[c]","[c]","[c]"
"New entrant CS","2023","Other ethnicity","Communications","Department for Environment, Food and Rural Affairs","Outside London","[c]","[c]","[c]","[c]"
"New entrant CS","2023","Other ethnicity","Communications","Department for International Trade","London","[c]","[c]","[c]","[c]"
"New entrant CS","2023","Other ethnicity","Communications","Department for International Trade","Outside London","[c]","[c]","[c]","[c]"
"New entrant CS","2023","Other ethnicity","Communications","Department for Levelling Up, Housing and Communities","London","[c]","[c]","[c]","[c]"
"New entrant CS","2023","Other ethnicity","Communications","Department for Transport","London","[c]","[c]","[c]","[c]"
"New entrant CS","2023","Other ethnicity","Communications","Department for Transport","Outside London","[c]","[c]","[c]","[c]"
"New entrant CS","2023","Other ethnicity","Communications","Department for Work and Pensions","London","[c]","[c]","[c]","[c]"
"New entrant CS","2023","Other ethnicity","Communications","Department for Work and Pensions","Outside London","[c]","[c]","[c]","[c]"
"New entrant CS","2023","Other ethnicity","Communications","Department for Work and Pensions","Unknown","[c]","[c]","[c]","[c]"
"New entrant CS","2023","Other ethnicity","Communications","Department of Health and Social Care","London","[c]","[c]","[c]","[c]"
"New entrant CS","2023","Other ethnicity","Communications","Department of Health and Social Care","Outside London","[c]","[c]","[c]","[c]"
"New entrant CS","2023","Other ethnicity","Communications","Estyn","Outside London","[c]","[c]","[c]","[c]"
"New entrant CS","2023","Other ethnicity","Communications","Food Standards Agency","London","[c]","[c]","[c]","[c]"
"New entrant CS","2023","Other ethnicity","Communications","Food Standards Agency","Outside London","[c]","[c]","[c]","[c]"
"New entrant CS","2023","Other ethnicity","Communications","Foreign, Commonwealth and Development Office","Outside London","[c]","[c]","[c]","[c]"
"New entrant CS","2023","Other ethnicity","Communications","HM Land Registry","Outside London","[c]","[c]","[c]","[c]"
"New entrant CS","2023","Other ethnicity","Communications","HM Revenue and Customs","London","[c]","[c]","[c]","[c]"
"New entrant CS","2023","Other ethnicity","Communications","HM Revenue and Customs","Outside London","[c]","[c]","[c]","[c]"
"New entrant CS","2023","Other ethnicity","Communications","HM Treasury","London","[c]","[c]","[c]","[c]"
"New entrant CS","2023","Other ethnicity","Communications","HM Treasury","Outside London","[c]","[c]","[c]","[c]"
"New entrant CS","2023","Other ethnicity","Communications","Home Office","London","[c]","[c]","[c]","[c]"
"New entrant CS","2023","Other ethnicity","Communications","Home Office","Outside London","[c]","[c]","[c]","[c]"
"New entrant CS","2023","Other ethnicity","Communications","Ministry of Defence","London","[c]","[c]","[c]","[c]"
"New entrant CS","2023","Other ethnicity","Communications","Ministry of Defence","Outside London","[c]","[c]","[c]","[c]"
"New entrant CS","2023","Other ethnicity","Communications","Ministry of Justice","London","[c]","[c]","[c]","[c]"
"New entrant CS","2023","Other ethnicity","Communications","Ministry of Justice","Outside London","[c]","[c]","[c]","[c]"
"New entrant CS","2023","Other ethnicity","Communications","National Crime Agency","London","[c]","[c]","[c]","[c]"
"New entrant CS","2023","Other ethnicity","Communications","Northern Ireland Office","Outside London","[c]","[c]","[c]","[c]"
"New entrant CS","2023","Other ethnicity","Communications","Office for Standards in Education, Children's Services and Skills","London","[c]","[c]","[c]","[c]"
"New entrant CS","2023","Other ethnicity","Communications","Office for Standards in Education, Children's Services and Skills","Outside London","[c]","[c]","[c]","[c]"
"New entrant CS","2023","Other ethnicity","Communications","Office of Gas and Electricity Markets","London","[c]","[c]","[c]","[c]"
"New entrant CS","2023","Other ethnicity","Communications","Office of Gas and Electricity Markets","Outside London","[c]","[c]","[c]","[c]"
"New entrant CS","2023","Other ethnicity","Communications","Office of Qualifications and Examinations Regulation","Outside London","[c]","[c]","[c]","[c]"
"New entrant CS","2023","Other ethnicity","Communications","Office of Rail and Road","London","[c]","[c]","[c]","[c]"
"New entrant CS","2023","Other ethnicity","Communications","Office of Rail and Road","Outside London","[c]","[c]","[c]","[c]"
"New entrant CS","2023","Other ethnicity","Communications","Office of the Secretary of State for Scotland","London","[c]","[c]","[c]","[c]"
"New entrant CS","2023","Other ethnicity","Communications","Office of the Secretary of State for Scotland","Outside London","[c]","[c]","[c]","[c]"
"New entrant CS","2023","Other ethnicity","Communications","Office of the Secretary of State for Wales","Outside London","[c]","[c]","[c]","[c]"
"New entrant CS","2023","Other ethnicity","Communications","Scottish Government","Outside London","[c]","[c]","[c]","[c]"
"New entrant CS","2023","Other ethnicity","Communications","The National Archives","London","[c]","[c]","[c]","[c]"
"New entrant CS","2023","Other ethnicity","Communications","UK Export Finance","London","[c]","[c]","[c]","[c]"
"New entrant CS","2023","Other ethnicity","Communications","UK Statistics Authority","London","[c]","[c]","[c]","[c]"
"New entrant CS","2023","Other ethnicity","Communications","UK Statistics Authority","Outside London","[c]","[c]","[c]","[c]"
"New entrant CS","2023","Other ethnicity","Communications","UK Supreme Court","London","[c]","[c]","[c]","[c]"
"New entrant CS","2023","Other ethnicity","Communications","Water Services Regulation Authority","London","[c]","[c]","[c]","[c]"
"New entrant CS","2023","Other ethnicity","Counter Fraud","Attorney General's Departments","London","[c]","[c]","[c]","[c]"
"New entrant CS","2023","Other ethnicity","Counter Fraud","Cabinet Office","London","[c]","[c]","[c]","[c]"
"New entrant CS","2023","Other ethnicity","Counter Fraud","Cabinet Office","Outside London","[c]","[c]","[c]","[c]"
"New entrant CS","2023","Other ethnicity","Counter Fraud","Cabinet Office","Unknown","[c]","[c]","[c]","[c]"
"New entrant CS","2023","Other ethnicity","Counter Fraud","Department for Business, Energy and Industrial Strategy","Outside London","[c]","[c]","[c]","[c]"
"New entrant CS","2023","Other ethnicity","Counter Fraud","Department for Digital, Culture, Media and Sport","London","[c]","[c]","[c]","[c]"
"New entrant CS","2023","Other ethnicity","Counter Fraud","Department for Digital, Culture, Media and Sport","Outside London","[c]","[c]","[c]","[c]"
"New entrant CS","2023","Other ethnicity","Counter Fraud","Department for Transport","London","[c]","[c]","[c]","[c]"
"New entrant CS","2023","Other ethnicity","Counter Fraud","Department for Transport","Outside London","[c]","[c]","[c]","[c]"
"New entrant CS","2023","Other ethnicity","Counter Fraud","Department for Work and Pensions","London","[c]","[c]","[c]","[c]"
"New entrant CS","2023","Other ethnicity","Counter Fraud","Department for Work and Pensions","Outside London","[c]","[c]","[c]","[c]"
"New entrant CS","2023","Other ethnicity","Counter Fraud","Food Standards Agency","Outside London","[c]","[c]","[c]","[c]"
"New entrant CS","2023","Other ethnicity","Counter Fraud","HM Revenue and Customs","London","[c]","[c]","[c]","[c]"
"New entrant CS","2023","Other ethnicity","Counter Fraud","HM Revenue and Customs","Outside London","[c]","[c]","[c]","[c]"
"New entrant CS","2023","Other ethnicity","Counter Fraud","Ministry of Defence","Outside London","[c]","[c]","[c]","[c]"
"New entrant CS","2023","Other ethnicity","Debt","Department for Work and Pensions","Outside London","[c]","[c]","[c]","[c]"
"New entrant CS","2023","Other ethnicity","Debt","Department for Work and Pensions","Unknown","[c]","[c]","[c]","[c]"
"New entrant CS","2023","Other ethnicity","Debt","HM Revenue and Customs","London","[c]","[c]","[c]","[c]"
"New entrant CS","2023","Other ethnicity","Debt","HM Revenue and Customs","Outside London","[c]","[c]","[c]","[c]"
"New entrant CS","2023","Other ethnicity","Digital, Data & Technology","Attorney General's Departments","London","[c]","[c]","[c]","[c]"
"New entrant CS","2023","Other ethnicity","Digital, Data & Technology","Attorney General's Departments","Outside London","[c]","[c]","[c]","[c]"
"New entrant CS","2023","Other ethnicity","Digital, Data & Technology","Cabinet Office","London","[c]","[c]","[c]","[c]"
"New entrant CS","2023","Other ethnicity","Digital, Data & Technology","Cabinet Office","Outside London","[c]","[c]","[c]","[c]"
"New entrant CS","2023","Other ethnicity","Digital, Data & Technology","Cabinet Office","Unknown","[c]","[c]","[c]","[c]"
"New entrant CS","2023","Other ethnicity","Digital, Data & Technology","Chancellor's other departments","London","[c]","[c]","[c]","[c]"
"New entrant CS","2023","Other ethnicity","Digital, Data & Technology","Charity Commission","Outside London","[c]","[c]","[c]","[c]"
"New entrant CS","2023","Other ethnicity","Digital, Data & Technology","Competition and Markets Authority","London","[c]","[c]","[c]","[c]"
"New entrant CS","2023","Other ethnicity","Digital, Data & Technology","Competition and Markets Authority","Outside London","[c]","[c]","[c]","[c]"
"New entrant CS","2023","Other ethnicity","Digital, Data & Technology","Department for Business, Energy and Industrial Strategy","London","[c]","[c]","[c]","[c]"
"New entrant CS","2023","Other ethnicity","Digital, Data & Technology","Department for Business, Energy and Industrial Strategy","Outside London","5","[c]","[c]","[c]"
"New entrant CS","2023","Other ethnicity","Digital, Data & Technology","Department for Business, Energy and Industrial Strategy","Overseas","[c]","[c]","[c]","[c]"
"New entrant CS","2023","Other ethnicity","Digital, Data & Technology","Department for Digital, Culture, Media and Sport","London","[c]","[c]","[c]","[c]"
"New entrant CS","2023","Other ethnicity","Digital, Data & Technology","Department for Digital, Culture, Media and Sport","Outside London","[c]","[c]","[c]","[c]"
"New entrant CS","2023","Other ethnicity","Digital, Data & Technology","Department for Education","London","[c]","[c]","[c]","[c]"
"New entrant CS","2023","Other ethnicity","Digital, Data & Technology","Department for Education","Outside London","[c]","[c]","[c]","[c]"
"New entrant CS","2023","Other ethnicity","Digital, Data & Technology","Department for Environment, Food and Rural Affairs","London","[c]","[c]","[c]","[c]"
"New entrant CS","2023","Other ethnicity","Digital, Data & Technology","Department for Environment, Food and Rural Affairs","Outside London","[c]","[c]","[c]","[c]"
"New entrant CS","2023","Other ethnicity","Digital, Data & Technology","Department for International Trade","London","[c]","[c]","[c]","[c]"
"New entrant CS","2023","Other ethnicity","Digital, Data & Technology","Department for International Trade","Outside London","[c]","[c]","[c]","[c]"
"New entrant CS","2023","Other ethnicity","Digital, Data & Technology","Department for Levelling Up, Housing and Communities","London","[c]","[c]","[c]","[c]"
"New entrant CS","2023","Other ethnicity","Digital, Data & Technology","Department for Levelling Up, Housing and Communities","Outside London","[c]","[c]","[c]","[c]"
"New entrant CS","2023","Other ethnicity","Digital, Data & Technology","Department for Transport","London","[c]","[c]","[c]","[c]"
"New entrant CS","2023","Other ethnicity","Digital, Data & Technology","Department for Transport","Outside London","[c]","[c]","[c]","[c]"
"New entrant CS","2023","Other ethnicity","Digital, Data & Technology","Department for Work and Pensions","London","[c]","[c]","[c]","[c]"
"New entrant CS","2023","Other ethnicity","Digital, Data & Technology","Department for Work and Pensions","Outside London","5","[c]","[c]","[c]"
"New entrant CS","2023","Other ethnicity","Digital, Data & Technology","Department for Work and Pensions","Unknown","[c]","[c]","[c]","[c]"
"New entrant CS","2023","Other ethnicity","Digital, Data & Technology","Department of Health and Social Care","London","[c]","[c]","[c]","[c]"
"New entrant CS","2023","Other ethnicity","Digital, Data & Technology","Department of Health and Social Care","Outside London","[c]","[c]","[c]","[c]"
"New entrant CS","2023","Other ethnicity","Digital, Data & Technology","Food Standards Agency","London","[c]","[c]","[c]","[c]"
"New entrant CS","2023","Other ethnicity","Digital, Data & Technology","Food Standards Agency","Outside London","[c]","[c]","[c]","[c]"
"New entrant CS","2023","Other ethnicity","Digital, Data & Technology","HM Land Registry","London","[c]","[c]","[c]","[c]"
"New entrant CS","2023","Other ethnicity","Digital, Data & Technology","HM Land Registry","Outside London","[c]","[c]","[c]","[c]"
"New entrant CS","2023","Other ethnicity","Digital, Data & Technology","HM Revenue and Customs","London","[c]","[c]","[c]","[c]"
"New entrant CS","2023","Other ethnicity","Digital, Data & Technology","HM Revenue and Customs","Outside London","[c]","[c]","[c]","[c]"
"New entrant CS","2023","Other ethnicity","Digital, Data & Technology","HM Treasury","London","[c]","[c]","[c]","[c]"
"New entrant CS","2023","Other ethnicity","Digital, Data & Technology","HM Treasury","Outside London","[c]","[c]","[c]","[c]"
"New entrant CS","2023","Other ethnicity","Digital, Data & Technology","Home Office","London","[c]","[c]","[c]","[c]"
"New entrant CS","2023","Other ethnicity","Digital, Data & Technology","Home Office","Outside London","[c]","[c]","[c]","[c]"
"New entrant CS","2023","Other ethnicity","Digital, Data & Technology","Ministry of Defence","London","[c]","[c]","[c]","[c]"
"New entrant CS","2023","Other ethnicity","Digital, Data & Technology","Ministry of Defence","Outside London","[c]","[c]","[c]","[c]"
"New entrant CS","2023","Other ethnicity","Digital, Data & Technology","Ministry of Defence","Overseas","[c]","[c]","[c]","[c]"
"New entrant CS","2023","Other ethnicity","Digital, Data & Technology","Ministry of Justice","London","[c]","[c]","[c]","[c]"
"New entrant CS","2023","Other ethnicity","Digital, Data & Technology","Ministry of Justice","Outside London","[c]","[c]","[c]","[c]"
"New entrant CS","2023","Other ethnicity","Digital, Data & Technology","National Crime Agency","London","[c]","[c]","[c]","[c]"
"New entrant CS","2023","Other ethnicity","Digital, Data & Technology","National Crime Agency","Outside London","[c]","[c]","[c]","[c]"
"New entrant CS","2023","Other ethnicity","Digital, Data & Technology","Office for Standards in Education, Children's Services and Skills","London","[c]","[c]","[c]","[c]"
"New entrant CS","2023","Other ethnicity","Digital, Data & Technology","Office for Standards in Education, Children's Services and Skills","Outside London","[c]","[c]","[c]","[c]"
"New entrant CS","2023","Other ethnicity","Digital, Data & Technology","Office of Gas and Electricity Markets","London","[c]","[c]","[c]","[c]"
"New entrant CS","2023","Other ethnicity","Digital, Data & Technology","Office of Gas and Electricity Markets","Outside London","[c]","[c]","[c]","[c]"
"New entrant CS","2023","Other ethnicity","Digital, Data & Technology","Office of Qualifications and Examinations Regulation","Outside London","[c]","[c]","[c]","[c]"
"New entrant CS","2023","Other ethnicity","Digital, Data & Technology","Office of Rail and Road","London","[c]","[c]","[c]","[c]"
"New entrant CS","2023","Other ethnicity","Digital, Data & Technology","Office of Rail and Road","Outside London","[c]","[c]","[c]","[c]"
"New entrant CS","2023","Other ethnicity","Digital, Data & Technology","Scottish Government","Outside London","[c]","[c]","[c]","[c]"
"New entrant CS","2023","Other ethnicity","Digital, Data & Technology","The National Archives","London","[c]","[c]","[c]","[c]"
"New entrant CS","2023","Other ethnicity","Digital, Data & Technology","UK Export Finance","London","[c]","[c]","[c]","[c]"
"New entrant CS","2023","Other ethnicity","Digital, Data & Technology","UK Statistics Authority","London","[c]","[c]","[c]","[c]"
"New entrant CS","2023","Other ethnicity","Digital, Data & Technology","UK Statistics Authority","Outside London","[c]","[c]","[c]","[c]"
"New entrant CS","2023","Other ethnicity","Digital, Data & Technology","UK Supreme Court","London","[c]","[c]","[c]","[c]"
"New entrant CS","2023","Other ethnicity","Digital, Data & Technology","Water Services Regulation Authority","London","[c]","[c]","[c]","[c]"
"New entrant CS","2023","Other ethnicity","Digital, Data & Technology","Water Services Regulation Authority","Outside London","[c]","[c]","[c]","[c]"
"New entrant CS","2023","Other ethnicity","Finance","Attorney General's Departments","London","[c]","[c]","[c]","[c]"
"New entrant CS","2023","Other ethnicity","Finance","Attorney General's Departments","Outside London","[c]","[c]","[c]","[c]"
"New entrant CS","2023","Other ethnicity","Finance","Cabinet Office","London","[c]","[c]","[c]","[c]"
"New entrant CS","2023","Other ethnicity","Finance","Cabinet Office","Outside London","[c]","[c]","[c]","[c]"
"New entrant CS","2023","Other ethnicity","Finance","Chancellor's other departments","London","[c]","[c]","[c]","[c]"
"New entrant CS","2023","Other ethnicity","Finance","Charity Commission","Outside London","[c]","[c]","[c]","[c]"
"New entrant CS","2023","Other ethnicity","Finance","Competition and Markets Authority","London","[c]","[c]","[c]","[c]"
"New entrant CS","2023","Other ethnicity","Finance","Competition and Markets Authority","Outside London","[c]","[c]","[c]","[c]"
"New entrant CS","2023","Other ethnicity","Finance","Department for Business, Energy and Industrial Strategy","London","[c]","[c]","[c]","[c]"
"New entrant CS","2023","Other ethnicity","Finance","Department for Business, Energy and Industrial Strategy","Outside London","[c]","[c]","[c]","[c]"
"New entrant CS","2023","Other ethnicity","Finance","Department for Digital, Culture, Media and Sport","London","[c]","[c]","[c]","[c]"
"New entrant CS","2023","Other ethnicity","Finance","Department for Digital, Culture, Media and Sport","Outside London","[c]","[c]","[c]","[c]"
"New entrant CS","2023","Other ethnicity","Finance","Department for Education","London","[c]","[c]","[c]","[c]"
"New entrant CS","2023","Other ethnicity","Finance","Department for Education","Outside London","[c]","[c]","[c]","[c]"
"New entrant CS","2023","Other ethnicity","Finance","Department for Environment, Food and Rural Affairs","London","[c]","[c]","[c]","[c]"
"New entrant CS","2023","Other ethnicity","Finance","Department for Environment, Food and Rural Affairs","Outside London","[c]","[c]","[c]","[c]"
"New entrant CS","2023","Other ethnicity","Finance","Department for International Trade","London","[c]","[c]","[c]","[c]"
"New entrant CS","2023","Other ethnicity","Finance","Department for International Trade","Outside London","[c]","[c]","[c]","[c]"
"New entrant CS","2023","Other ethnicity","Finance","Department for Levelling Up, Housing and Communities","London","[c]","[c]","[c]","[c]"
"New entrant CS","2023","Other ethnicity","Finance","Department for Levelling Up, Housing and Communities","Outside London","[c]","[c]","[c]","[c]"
"New entrant CS","2023","Other ethnicity","Finance","Department for Transport","London","[c]","[c]","[c]","[c]"
"New entrant CS","2023","Other ethnicity","Finance","Department for Transport","Outside London","[c]","[c]","[c]","[c]"
"New entrant CS","2023","Other ethnicity","Finance","Department for Work and Pensions","London","[c]","[c]","[c]","[c]"
"New entrant CS","2023","Other ethnicity","Finance","Department for Work and Pensions","Outside London","[c]","[c]","[c]","[c]"
"New entrant CS","2023","Other ethnicity","Finance","Department for Work and Pensions","Unknown","[c]","[c]","[c]","[c]"
"New entrant CS","2023","Other ethnicity","Finance","Department of Health and Social Care","London","[c]","[c]","[c]","[c]"
"New entrant CS","2023","Other ethnicity","Finance","Department of Health and Social Care","Outside London","[c]","[c]","[c]","[c]"
"New entrant CS","2023","Other ethnicity","Finance","Estyn","Outside London","[c]","[c]","[c]","[c]"
"New entrant CS","2023","Other ethnicity","Finance","Food Standards Agency","Outside London","[c]","[c]","[c]","[c]"
"New entrant CS","2023","Other ethnicity","Finance","HM Land Registry","Outside London","[c]","[c]","[c]","[c]"
"New entrant CS","2023","Other ethnicity","Finance","HM Revenue and Customs","London","[c]","[c]","[c]","[c]"
"New entrant CS","2023","Other ethnicity","Finance","HM Revenue and Customs","Outside London","[c]","[c]","[c]","[c]"
"New entrant CS","2023","Other ethnicity","Finance","HM Treasury","London","[c]","[c]","[c]","[c]"
"New entrant CS","2023","Other ethnicity","Finance","HM Treasury","Outside London","[c]","[c]","[c]","[c]"
"New entrant CS","2023","Other ethnicity","Finance","Home Office","London","[c]","[c]","[c]","[c]"
"New entrant CS","2023","Other ethnicity","Finance","Home Office","Outside London","[c]","[c]","[c]","[c]"
"New entrant CS","2023","Other ethnicity","Finance","Ministry of Defence","London","[c]","[c]","[c]","[c]"
"New entrant CS","2023","Other ethnicity","Finance","Ministry of Defence","Outside London","[c]","[c]","[c]","[c]"
"New entrant CS","2023","Other ethnicity","Finance","Ministry of Defence","Overseas","[c]","[c]","[c]","[c]"
"New entrant CS","2023","Other ethnicity","Finance","Ministry of Justice","London","[c]","[c]","[c]","[c]"
"New entrant CS","2023","Other ethnicity","Finance","Ministry of Justice","Outside London","[c]","[c]","[c]","[c]"
"New entrant CS","2023","Other ethnicity","Finance","Ministry of Justice","Unknown","[c]","[c]","[c]","[c]"
"New entrant CS","2023","Other ethnicity","Finance","National Crime Agency","London","[c]","[c]","[c]","[c]"
"New entrant CS","2023","Other ethnicity","Finance","National Crime Agency","Outside London","[c]","[c]","[c]","[c]"
"New entrant CS","2023","Other ethnicity","Finance","Northern Ireland Office","Outside London","[c]","[c]","[c]","[c]"
"New entrant CS","2023","Other ethnicity","Finance","Office for Standards in Education, Children's Services and Skills","Outside London","[c]","[c]","[c]","[c]"
"New entrant CS","2023","Other ethnicity","Finance","Office of Gas and Electricity Markets","London","[c]","[c]","[c]","[c]"
"New entrant CS","2023","Other ethnicity","Finance","Office of Gas and Electricity Markets","Outside London","[c]","[c]","[c]","[c]"
"New entrant CS","2023","Other ethnicity","Finance","Office of Qualifications and Examinations Regulation","Outside London","[c]","[c]","[c]","[c]"
"New entrant CS","2023","Other ethnicity","Finance","Office of Rail and Road","London","[c]","[c]","[c]","[c]"
"New entrant CS","2023","Other ethnicity","Finance","Office of Rail and Road","Outside London","[c]","[c]","[c]","[c]"
"New entrant CS","2023","Other ethnicity","Finance","Office of the Secretary of State for Scotland","London","[c]","[c]","[c]","[c]"
"New entrant CS","2023","Other ethnicity","Finance","Scottish Government","Outside London","[c]","[c]","[c]","[c]"
"New entrant CS","2023","Other ethnicity","Finance","UK Export Finance","London","[c]","[c]","[c]","[c]"
"New entrant CS","2023","Other ethnicity","Finance","UK Statistics Authority","Outside London","[c]","[c]","[c]","[c]"
"New entrant CS","2023","Other ethnicity","Finance","Water Services Regulation Authority","London","[c]","[c]","[c]","[c]"
"New entrant CS","2023","Other ethnicity","Finance","Water Services Regulation Authority","Outside London","[c]","[c]","[c]","[c]"
"New entrant CS","2023","Other ethnicity","Grants Management","Department for Environment, Food and Rural Affairs","London","[c]","[c]","[c]","[c]"
"New entrant CS","2023","Other ethnicity","Grants Management","Department for Environment, Food and Rural Affairs","Outside London","[c]","[c]","[c]","[c]"
"New entrant CS","2023","Other ethnicity","Grants Management","Department of Health and Social Care","London","[c]","[c]","[c]","[c]"
"New entrant CS","2023","Other ethnicity","Grants Management","Home Office","Outside London","[c]","[c]","[c]","[c]"
"New entrant CS","2023","Other ethnicity","Grants Management","The National Archives","London","[c]","[c]","[c]","[c]"
"New entrant CS","2023","Other ethnicity","Human Resources","Attorney General's Departments","London","[c]","[c]","[c]","[c]"
"New entrant CS","2023","Other ethnicity","Human Resources","Attorney General's Departments","Outside London","[c]","[c]","[c]","[c]"
"New entrant CS","2023","Other ethnicity","Human Resources","Cabinet Office","London","[c]","[c]","[c]","[c]"
"New entrant CS","2023","Other ethnicity","Human Resources","Cabinet Office","Outside London","[c]","[c]","[c]","[c]"
"New entrant CS","2023","Other ethnicity","Human Resources","Cabinet Office","Unknown","[c]","[c]","[c]","[c]"
"New entrant CS","2023","Other ethnicity","Human Resources","Chancellor's other departments","London","[c]","[c]","[c]","[c]"
"New entrant CS","2023","Other ethnicity","Human Resources","Charity Commission","Outside London","[c]","[c]","[c]","[c]"
"New entrant CS","2023","Other ethnicity","Human Resources","Competition and Markets Authority","London","[c]","[c]","[c]","[c]"
"New entrant CS","2023","Other ethnicity","Human Resources","Competition and Markets Authority","Outside London","[c]","[c]","[c]","[c]"
"New entrant CS","2023","Other ethnicity","Human Resources","Department for Business, Energy and Industrial Strategy","London","[c]","[c]","[c]","[c]"
"New entrant CS","2023","Other ethnicity","Human Resources","Department for Business, Energy and Industrial Strategy","Outside London","[c]","[c]","[c]","[c]"
"New entrant CS","2023","Other ethnicity","Human Resources","Department for Digital, Culture, Media and Sport","London","[c]","[c]","[c]","[c]"
"New entrant CS","2023","Other ethnicity","Human Resources","Department for Digital, Culture, Media and Sport","Outside London","[c]","[c]","[c]","[c]"
"New entrant CS","2023","Other ethnicity","Human Resources","Department for Education","London","[c]","[c]","[c]","[c]"
"New entrant CS","2023","Other ethnicity","Human Resources","Department for Education","Outside London","[c]","[c]","[c]","[c]"
"New entrant CS","2023","Other ethnicity","Human Resources","Department for Environment, Food and Rural Affairs","London","[c]","[c]","[c]","[c]"
"New entrant CS","2023","Other ethnicity","Human Resources","Department for Environment, Food and Rural Affairs","Outside London","[c]","[c]","[c]","[c]"
"New entrant CS","2023","Other ethnicity","Human Resources","Department for International Trade","London","[c]","[c]","[c]","[c]"
"New entrant CS","2023","Other ethnicity","Human Resources","Department for International Trade","Outside London","[c]","[c]","[c]","[c]"
"New entrant CS","2023","Other ethnicity","Human Resources","Department for Levelling Up, Housing and Communities","London","[c]","[c]","[c]","[c]"
"New entrant CS","2023","Other ethnicity","Human Resources","Department for Levelling Up, Housing and Communities","Outside London","[c]","[c]","[c]","[c]"
"New entrant CS","2023","Other ethnicity","Human Resources","Department for Transport","London","[c]","[c]","[c]","[c]"
"New entrant CS","2023","Other ethnicity","Human Resources","Department for Transport","Outside London","[c]","[c]","[c]","[c]"
"New entrant CS","2023","Other ethnicity","Human Resources","Department for Work and Pensions","London","[c]","[c]","[c]","[c]"
"New entrant CS","2023","Other ethnicity","Human Resources","Department for Work and Pensions","Outside London","[c]","[c]","[c]","[c]"
"New entrant CS","2023","Other ethnicity","Human Resources","Department for Work and Pensions","Unknown","[c]","[c]","[c]","[c]"
"New entrant CS","2023","Other ethnicity","Human Resources","Department of Health and Social Care","London","[c]","[c]","[c]","[c]"
"New entrant CS","2023","Other ethnicity","Human Resources","Department of Health and Social Care","Outside London","[c]","[c]","[c]","[c]"
"New entrant CS","2023","Other ethnicity","Human Resources","Food Standards Agency","Outside London","[c]","[c]","[c]","[c]"
"New entrant CS","2023","Other ethnicity","Human Resources","HM Land Registry","London","[c]","[c]","[c]","[c]"
"New entrant CS","2023","Other ethnicity","Human Resources","HM Land Registry","Outside London","[c]","[c]","[c]","[c]"
"New entrant CS","2023","Other ethnicity","Human Resources","HM Revenue and Customs","London","[c]","[c]","[c]","[c]"
"New entrant CS","2023","Other ethnicity","Human Resources","HM Revenue and Customs","Outside London","[c]","[c]","[c]","[c]"
"New entrant CS","2023","Other ethnicity","Human Resources","HM Treasury","London","[c]","[c]","[c]","[c]"
"New entrant CS","2023","Other ethnicity","Human Resources","HM Treasury","Outside London","[c]","[c]","[c]","[c]"
"New entrant CS","2023","Other ethnicity","Human Resources","Home Office","London","[c]","[c]","[c]","[c]"
"New entrant CS","2023","Other ethnicity","Human Resources","Home Office","Outside London","[c]","[c]","[c]","[c]"
"New entrant CS","2023","Other ethnicity","Human Resources","Ministry of Defence","London","[c]","[c]","[c]","[c]"
"New entrant CS","2023","Other ethnicity","Human Resources","Ministry of Defence","Outside London","[c]","[c]","[c]","[c]"
"New entrant CS","2023","Other ethnicity","Human Resources","Ministry of Defence","Overseas","[c]","[c]","[c]","[c]"
"New entrant CS","2023","Other ethnicity","Human Resources","Ministry of Defence","Unknown","[c]","[c]","[c]","[c]"
"New entrant CS","2023","Other ethnicity","Human Resources","Ministry of Justice","London","[c]","[c]","[c]","[c]"
"New entrant CS","2023","Other ethnicity","Human Resources","Ministry of Justice","Outside London","[c]","[c]","[c]","[c]"
"New entrant CS","2023","Other ethnicity","Human Resources","National Crime Agency","London","[c]","[c]","[c]","[c]"
"New entrant CS","2023","Other ethnicity","Human Resources","National Crime Agency","Outside London","[c]","[c]","[c]","[c]"
"New entrant CS","2023","Other ethnicity","Human Resources","Office for Standards in Education, Children's Services and Skills","Outside London","[c]","[c]","[c]","[c]"
"New entrant CS","2023","Other ethnicity","Human Resources","Office of Gas and Electricity Markets","London","[c]","[c]","[c]","[c]"
"New entrant CS","2023","Other ethnicity","Human Resources","Office of Gas and Electricity Markets","Outside London","[c]","[c]","[c]","[c]"
"New entrant CS","2023","Other ethnicity","Human Resources","Office of Qualifications and Examinations Regulation","Outside London","[c]","[c]","[c]","[c]"
"New entrant CS","2023","Other ethnicity","Human Resources","Office of Rail and Road","Outside London","[c]","[c]","[c]","[c]"
"New entrant CS","2023","Other ethnicity","Human Resources","Office of the Secretary of State for Scotland","London","[c]","[c]","[c]","[c]"
"New entrant CS","2023","Other ethnicity","Human Resources","Office of the Secretary of State for Wales","Outside London","[c]","[c]","[c]","[c]"
"New entrant CS","2023","Other ethnicity","Human Resources","Scottish Government","Outside London","[c]","[c]","[c]","[c]"
"New entrant CS","2023","Other ethnicity","Human Resources","The National Archives","London","[c]","[c]","[c]","[c]"
"New entrant CS","2023","Other ethnicity","Human Resources","UK Statistics Authority","London","[c]","[c]","[c]","[c]"
"New entrant CS","2023","Other ethnicity","Human Resources","UK Statistics Authority","Outside London","[c]","[c]","[c]","[c]"
"New entrant CS","2023","Other ethnicity","Human Resources","UK Supreme Court","London","[c]","[c]","[c]","[c]"
"New entrant CS","2023","Other ethnicity","Human Resources","Water Services Regulation Authority","Outside London","[c]","[c]","[c]","[c]"
"New entrant CS","2023","Other ethnicity","Internal Audit","Department for Business, Energy and Industrial Strategy","Outside London","[c]","[c]","[c]","[c]"
"New entrant CS","2023","Other ethnicity","Internal Audit","HM Revenue and Customs","London","[c]","[c]","[c]","[c]"
"New entrant CS","2023","Other ethnicity","Internal Audit","HM Revenue and Customs","Outside London","[c]","[c]","[c]","[c]"
"New entrant CS","2023","Other ethnicity","Internal Audit","HM Treasury","London","[c]","[c]","[c]","[c]"
"New entrant CS","2023","Other ethnicity","Internal Audit","HM Treasury","Outside London","[c]","[c]","[c]","[c]"
"New entrant CS","2023","Other ethnicity","Internal Audit","HM Treasury","Unknown","[c]","[c]","[c]","[c]"
"New entrant CS","2023","Other ethnicity","Internal Audit","Ministry of Defence","London","[c]","[c]","[c]","[c]"
"New entrant CS","2023","Other ethnicity","Internal Audit","Ministry of Defence","Outside London","[c]","[c]","[c]","[c]"
"New entrant CS","2023","Other ethnicity","Internal Audit","Ministry of Defence","Overseas","[c]","[c]","[c]","[c]"
"New entrant CS","2023","Other ethnicity","Internal Audit","UK Export Finance","London","[c]","[c]","[c]","[c]"
"New entrant CS","2023","Other ethnicity","Internal Audit","UK Statistics Authority","Outside London","[c]","[c]","[c]","[c]"
"New entrant CS","2023","Other ethnicity","Legal","Attorney General's Departments","London","10","[c]","[c]","[c]"
"New entrant CS","2023","Other ethnicity","Legal","Attorney General's Departments","Outside London","10","[c]","[c]","[c]"
"New entrant CS","2023","Other ethnicity","Legal","Cabinet Office","London","[c]","[c]","[c]","[c]"
"New entrant CS","2023","Other ethnicity","Legal","Charity Commission","London","[c]","[c]","[c]","[c]"
"New entrant CS","2023","Other ethnicity","Legal","Competition and Markets Authority","London","[c]","[c]","[c]","[c]"
"New entrant CS","2023","Other ethnicity","Legal","Competition and Markets Authority","Outside London","[c]","[c]","[c]","[c]"
"New entrant CS","2023","Other ethnicity","Legal","Department for Business, Energy and Industrial Strategy","London","[c]","[c]","[c]","[c]"
"New entrant CS","2023","Other ethnicity","Legal","Department for Business, Energy and Industrial Strategy","Outside London","[c]","[c]","[c]","[c]"
"New entrant CS","2023","Other ethnicity","Legal","Department for Education","London","[c]","[c]","[c]","[c]"
"New entrant CS","2023","Other ethnicity","Legal","Department for Education","Outside London","[c]","[c]","[c]","[c]"
"New entrant CS","2023","Other ethnicity","Legal","Department for Work and Pensions","Outside London","[c]","[c]","[c]","[c]"
"New entrant CS","2023","Other ethnicity","Legal","Department of Health and Social Care","London","[c]","[c]","[c]","[c]"
"New entrant CS","2023","Other ethnicity","Legal","Department of Health and Social Care","Outside London","[c]","[c]","[c]","[c]"
"New entrant CS","2023","Other ethnicity","Legal","Food Standards Agency","London","[c]","[c]","[c]","[c]"
"New entrant CS","2023","Other ethnicity","Legal","Food Standards Agency","Outside London","[c]","[c]","[c]","[c]"
"New entrant CS","2023","Other ethnicity","Legal","HM Land Registry","London","[c]","[c]","[c]","[c]"
"New entrant CS","2023","Other ethnicity","Legal","HM Land Registry","Outside London","[c]","[c]","[c]","[c]"
"New entrant CS","2023","Other ethnicity","Legal","HM Revenue and Customs","London","[c]","[c]","[c]","[c]"
"New entrant CS","2023","Other ethnicity","Legal","HM Revenue and Customs","Outside London","[c]","[c]","[c]","[c]"
"New entrant CS","2023","Other ethnicity","Legal","HM Treasury","London","[c]","[c]","[c]","[c]"
"New entrant CS","2023","Other ethnicity","Legal","Ministry of Defence","London","[c]","[c]","[c]","[c]"
"New entrant CS","2023","Other ethnicity","Legal","Ministry of Defence","Overseas","[c]","[c]","[c]","[c]"
"New entrant CS","2023","Other ethnicity","Legal","Ministry of Justice","London","[c]","[c]","[c]","[c]"
"New entrant CS","2023","Other ethnicity","Legal","Ministry of Justice","Outside London","[c]","[c]","[c]","[c]"
"New entrant CS","2023","Other ethnicity","Legal","Ministry of Justice","Unknown","[c]","[c]","[c]","[c]"
"New entrant CS","2023","Other ethnicity","Legal","National Crime Agency","London","[c]","[c]","[c]","[c]"
"New entrant CS","2023","Other ethnicity","Legal","Office for Standards in Education, Children's Services and Skills","London","[c]","[c]","[c]","[c]"
"New entrant CS","2023","Other ethnicity","Legal","Office of Gas and Electricity Markets","London","[c]","[c]","[c]","[c]"
"New entrant CS","2023","Other ethnicity","Legal","Office of Gas and Electricity Markets","Outside London","[c]","[c]","[c]","[c]"
"New entrant CS","2023","Other ethnicity","Legal","Office of Qualifications and Examinations Regulation","Outside London","[c]","[c]","[c]","[c]"
"New entrant CS","2023","Other ethnicity","Legal","Office of Rail and Road","London","[c]","[c]","[c]","[c]"
"New entrant CS","2023","Other ethnicity","Legal","Office of Rail and Road","Outside London","[c]","[c]","[c]","[c]"
"New entrant CS","2023","Other ethnicity","Legal","Scottish Government","Outside London","[c]","[c]","[c]","[c]"
"New entrant CS","2023","Other ethnicity","Legal","UK Export Finance","London","[c]","[c]","[c]","[c]"
"New entrant CS","2023","Other ethnicity","Legal","UK Supreme Court","London","[c]","[c]","[c]","[c]"
"New entrant CS","2023","Other ethnicity","Legal","Water Services Regulation Authority","London","[c]","[c]","[c]","[c]"
"New entrant CS","2023","Other ethnicity","Legal","Water Services Regulation Authority","Outside London","[c]","[c]","[c]","[c]"
"New entrant CS","2023","Other ethnicity","Legal","Welsh Government","London","[c]","[c]","[c]","[c]"
"New entrant CS","2023","Other ethnicity","No function","Attorney General's Departments","London","[c]","[c]","[c]","[c]"
"New entrant CS","2023","Other ethnicity","No function","Cabinet Office","London","[c]","[c]","[c]","[c]"
"New entrant CS","2023","Other ethnicity","No function","Cabinet Office","Outside London","[c]","[c]","[c]","[c]"
"New entrant CS","2023","Other ethnicity","No function","Cabinet Office","Unknown","[c]","[c]","[c]","[c]"
"New entrant CS","2023","Other ethnicity","No function","Chancellor's other departments","London","[c]","[c]","[c]","[c]"
"New entrant CS","2023","Other ethnicity","No function","Chancellor's other departments","Outside London","[c]","[c]","[c]","[c]"
"New entrant CS","2023","Other ethnicity","No function","Charity Commission","London","[c]","[c]","[c]","[c]"
"New entrant CS","2023","Other ethnicity","No function","Charity Commission","Outside London","[c]","[c]","[c]","[c]"
"New entrant CS","2023","Other ethnicity","No function","Department for Business, Energy and Industrial Strategy","London","[c]","[c]","[c]","[c]"
"New entrant CS","2023","Other ethnicity","No function","Department for Business, Energy and Industrial Strategy","Outside London","[c]","[c]","[c]","[c]"
"New entrant CS","2023","Other ethnicity","No function","Department for Digital, Culture, Media and Sport","London","[c]","[c]","[c]","[c]"
"New entrant CS","2023","Other ethnicity","No function","Department for Digital, Culture, Media and Sport","Outside London","[c]","[c]","[c]","[c]"
"New entrant CS","2023","Other ethnicity","No function","Department for Education","London","[c]","[c]","[c]","[c]"
"New entrant CS","2023","Other ethnicity","No function","Department for Education","Outside London","[c]","[c]","[c]","[c]"
"New entrant CS","2023","Other ethnicity","No function","Department for Environment, Food and Rural Affairs","London","[c]","[c]","[c]","[c]"
"New entrant CS","2023","Other ethnicity","No function","Department for Environment, Food and Rural Affairs","Outside London","10","[c]","[c]","[c]"
"New entrant CS","2023","Other ethnicity","No function","Department for Environment, Food and Rural Affairs","Unknown","[c]","[c]","[c]","[c]"
"New entrant CS","2023","Other ethnicity","No function","Department for International Trade","London","[c]","[c]","[c]","[c]"
"New entrant CS","2023","Other ethnicity","No function","Department for International Trade","Outside London","[c]","[c]","[c]","[c]"
"New entrant CS","2023","Other ethnicity","No function","Department for Levelling Up, Housing and Communities","London","[c]","[c]","[c]","[c]"
"New entrant CS","2023","Other ethnicity","No function","Department for Levelling Up, Housing and Communities","Outside London","[c]","[c]","[c]","[c]"
"New entrant CS","2023","Other ethnicity","No function","Department for Transport","London","[c]","[c]","[c]","[c]"
"New entrant CS","2023","Other ethnicity","No function","Department for Transport","Outside London","5","[c]","[c]","[c]"
"New entrant CS","2023","Other ethnicity","No function","Department for Work and Pensions","London","[c]","[c]","[c]","[c]"
"New entrant CS","2023","Other ethnicity","No function","Department for Work and Pensions","Outside London","10","[c]","[c]","[c]"
"New entrant CS","2023","Other ethnicity","No function","Department for Work and Pensions","Unknown","[c]","[c]","[c]","[c]"
"New entrant CS","2023","Other ethnicity","No function","Department of Health and Social Care","London","[c]","[c]","[c]","[c]"
"New entrant CS","2023","Other ethnicity","No function","Department of Health and Social Care","Outside London","[c]","[c]","[c]","[c]"
"New entrant CS","2023","Other ethnicity","No function","Food Standards Agency","London","[c]","[c]","[c]","[c]"
"New entrant CS","2023","Other ethnicity","No function","Food Standards Agency","Outside London","[c]","[c]","[c]","[c]"
"New entrant CS","2023","Other ethnicity","No function","HM Land Registry","London","[c]","[c]","[c]","[c]"
"New entrant CS","2023","Other ethnicity","No function","HM Land Registry","Outside London","[c]","[c]","[c]","[c]"
"New entrant CS","2023","Other ethnicity","No function","HM Revenue and Customs","London","[c]","[c]","[c]","[c]"
"New entrant CS","2023","Other ethnicity","No function","HM Revenue and Customs","Outside London","10","[c]","[c]","[c]"
"New entrant CS","2023","Other ethnicity","No function","HM Treasury","London","25","[c]","[c]","[c]"
"New entrant CS","2023","Other ethnicity","No function","HM Treasury","Outside London","[c]","[c]","[c]","[c]"
"New entrant CS","2023","Other ethnicity","No function","Home Office","London","5","[c]","[c]","[c]"
"New entrant CS","2023","Other ethnicity","No function","Home Office","Outside London","15","[c]","[c]","[c]"
"New entrant CS","2023","Other ethnicity","No function","Home Office","Overseas","[c]","[c]","[c]","[c]"
"New entrant CS","2023","Other ethnicity","No function","Home Office","Unknown","[c]","[c]","[c]","[c]"
"New entrant CS","2023","Other ethnicity","No function","Ministry of Defence","London","[c]","[c]","[c]","[c]"
"New entrant CS","2023","Other ethnicity","No function","Ministry of Defence","Outside London","[c]","[c]","[c]","[c]"
"New entrant CS","2023","Other ethnicity","No function","Ministry of Defence","Overseas","[c]","[c]","[c]","[c]"
"New entrant CS","2023","Other ethnicity","No function","Ministry of Justice","London","20","[c]","[c]","[c]"
"New entrant CS","2023","Other ethnicity","No function","Ministry of Justice","Outside London","45","[c]","25890","23640"
"New entrant CS","2023","Other ethnicity","No function","Ministry of Justice","Unknown","[c]","[c]","[c]","[c]"
"New entrant CS","2023","Other ethnicity","No function","National Crime Agency","London","[c]","[c]","[c]","[c]"
"New entrant CS","2023","Other ethnicity","No function","National Crime Agency","Outside London","[c]","[c]","[c]","[c]"
"New entrant CS","2023","Other ethnicity","No function","National Crime Agency","Overseas","[c]","[c]","[c]","[c]"
"New entrant CS","2023","Other ethnicity","No function","National Crime Agency","Unknown","[c]","[c]","[c]","[c]"
"New entrant CS","2023","Other ethnicity","No function","Office for Standards in Education, Children's Services and Skills","London","[c]","[c]","[c]","[c]"
"New entrant CS","2023","Other ethnicity","No function","Office for Standards in Education, Children's Services and Skills","Outside London","[c]","[c]","[c]","[c]"
"New entrant CS","2023","Other ethnicity","No function","Office of Gas and Electricity Markets","London","[c]","[c]","[c]","[c]"
"New entrant CS","2023","Other ethnicity","No function","Office of Gas and Electricity Markets","Outside London","[c]","[c]","[c]","[c]"
"New entrant CS","2023","Other ethnicity","No function","Office of Qualifications and Examinations Regulation","Outside London","[c]","[c]","[c]","[c]"
"New entrant CS","2023","Other ethnicity","No function","Office of Rail and Road","London","[c]","[c]","[c]","[c]"
"New entrant CS","2023","Other ethnicity","No function","Office of Rail and Road","Outside London","[c]","[c]","[c]","[c]"
"New entrant CS","2023","Other ethnicity","No function","Office of the Secretary of State for Scotland","London","[c]","[c]","[c]","[c]"
"New entrant CS","2023","Other ethnicity","No function","Office of the Secretary of State for Scotland","Outside London","[c]","[c]","[c]","[c]"
"New entrant CS","2023","Other ethnicity","No function","Office of the Secretary of State for Wales","London","[c]","[c]","[c]","[c]"
"New entrant CS","2023","Other ethnicity","No function","Office of the Secretary of State for Wales","Outside London","[c]","[c]","[c]","[c]"
"New entrant CS","2023","Other ethnicity","No function","Scottish Government","Outside London","[c]","[c]","[c]","[c]"
"New entrant CS","2023","Other ethnicity","No function","The National Archives","London","[c]","[c]","[c]","[c]"
"New entrant CS","2023","Other ethnicity","No function","The National Archives","Outside London","[c]","[c]","[c]","[c]"
"New entrant CS","2023","Other ethnicity","No function","UK Statistics Authority","London","[c]","[c]","[c]","[c]"
"New entrant CS","2023","Other ethnicity","No function","UK Statistics Authority","Outside London","[c]","[c]","[c]","[c]"
"New entrant CS","2023","Other ethnicity","No function","Water Services Regulation Authority","London","[c]","[c]","[c]","[c]"
"New entrant CS","2023","Other ethnicity","No function","Water Services Regulation Authority","Outside London","[c]","[c]","[c]","[c]"
"New entrant CS","2023","Other ethnicity","Project Delivery","Attorney General's Departments","London","[c]","[c]","[c]","[c]"
"New entrant CS","2023","Other ethnicity","Project Delivery","Cabinet Office","London","[c]","[c]","[c]","[c]"
"New entrant CS","2023","Other ethnicity","Project Delivery","Cabinet Office","Outside London","[c]","[c]","[c]","[c]"
"New entrant CS","2023","Other ethnicity","Project Delivery","Chancellor's other departments","London","[c]","[c]","[c]","[c]"
"New entrant CS","2023","Other ethnicity","Project Delivery","Chancellor's other departments","Outside London","[c]","[c]","[c]","[c]"
"New entrant CS","2023","Other ethnicity","Project Delivery","Charity Commission","London","[c]","[c]","[c]","[c]"
"New entrant CS","2023","Other ethnicity","Project Delivery","Charity Commission","Outside London","[c]","[c]","[c]","[c]"
"New entrant CS","2023","Other ethnicity","Project Delivery","Competition and Markets Authority","London","[c]","[c]","[c]","[c]"
"New entrant CS","2023","Other ethnicity","Project Delivery","Competition and Markets Authority","Outside London","[c]","[c]","[c]","[c]"
"New entrant CS","2023","Other ethnicity","Project Delivery","Department for Business, Energy and Industrial Strategy","London","[c]","[c]","[c]","[c]"
"New entrant CS","2023","Other ethnicity","Project Delivery","Department for Business, Energy and Industrial Strategy","Outside London","[c]","[c]","[c]","[c]"
"New entrant CS","2023","Other ethnicity","Project Delivery","Department for Digital, Culture, Media and Sport","London","[c]","[c]","[c]","[c]"
"New entrant CS","2023","Other ethnicity","Project Delivery","Department for Digital, Culture, Media and Sport","Outside London","[c]","[c]","[c]","[c]"
"New entrant CS","2023","Other ethnicity","Project Delivery","Department for Education","London","[c]","[c]","[c]","[c]"
"New entrant CS","2023","Other ethnicity","Project Delivery","Department for Education","Outside London","[c]","[c]","[c]","[c]"
"New entrant CS","2023","Other ethnicity","Project Delivery","Department for Environment, Food and Rural Affairs","Outside London","[c]","[c]","[c]","[c]"
"New entrant CS","2023","Other ethnicity","Project Delivery","Department for International Trade","London","[c]","[c]","[c]","[c]"
"New entrant CS","2023","Other ethnicity","Project Delivery","Department for International Trade","Outside London","[c]","[c]","[c]","[c]"
"New entrant CS","2023","Other ethnicity","Project Delivery","Department for Levelling Up, Housing and Communities","London","[c]","[c]","[c]","[c]"
"New entrant CS","2023","Other ethnicity","Project Delivery","Department for Levelling Up, Housing and Communities","Outside London","[c]","[c]","[c]","[c]"
"New entrant CS","2023","Other ethnicity","Project Delivery","Department for Transport","London","[c]","[c]","[c]","[c]"
"New entrant CS","2023","Other ethnicity","Project Delivery","Department for Transport","Outside London","[c]","[c]","[c]","[c]"
"New entrant CS","2023","Other ethnicity","Project Delivery","Department for Work and Pensions","London","[c]","[c]","[c]","[c]"
"New entrant CS","2023","Other ethnicity","Project Delivery","Department for Work and Pensions","Outside London","[c]","[c]","[c]","[c]"
"New entrant CS","2023","Other ethnicity","Project Delivery","Department of Health and Social Care","London","[c]","[c]","[c]","[c]"
"New entrant CS","2023","Other ethnicity","Project Delivery","Department of Health and Social Care","Outside London","[c]","[c]","[c]","[c]"
"New entrant CS","2023","Other ethnicity","Project Delivery","Estyn","Outside London","[c]","[c]","[c]","[c]"
"New entrant CS","2023","Other ethnicity","Project Delivery","Food Standards Agency","Outside London","[c]","[c]","[c]","[c]"
"New entrant CS","2023","Other ethnicity","Project Delivery","Foreign, Commonwealth and Development Office","Outside London","[c]","[c]","[c]","[c]"
"New entrant CS","2023","Other ethnicity","Project Delivery","HM Land Registry","London","[c]","[c]","[c]","[c]"
"New entrant CS","2023","Other ethnicity","Project Delivery","HM Land Registry","Outside London","[c]","[c]","[c]","[c]"
"New entrant CS","2023","Other ethnicity","Project Delivery","HM Revenue and Customs","London","[c]","[c]","[c]","[c]"
"New entrant CS","2023","Other ethnicity","Project Delivery","HM Revenue and Customs","Outside London","[c]","[c]","[c]","[c]"
"New entrant CS","2023","Other ethnicity","Project Delivery","HM Treasury","London","[c]","[c]","[c]","[c]"
"New entrant CS","2023","Other ethnicity","Project Delivery","HM Treasury","Outside London","[c]","[c]","[c]","[c]"
"New entrant CS","2023","Other ethnicity","Project Delivery","Home Office","London","[c]","[c]","[c]","[c]"
"New entrant CS","2023","Other ethnicity","Project Delivery","Home Office","Outside London","[c]","[c]","[c]","[c]"
"New entrant CS","2023","Other ethnicity","Project Delivery","Ministry of Defence","London","[c]","[c]","[c]","[c]"
"New entrant CS","2023","Other ethnicity","Project Delivery","Ministry of Defence","Outside London","[c]","[c]","[c]","[c]"
"New entrant CS","2023","Other ethnicity","Project Delivery","Ministry of Justice","London","[c]","[c]","[c]","[c]"
"New entrant CS","2023","Other ethnicity","Project Delivery","Ministry of Justice","Outside London","[c]","[c]","[c]","[c]"
"New entrant CS","2023","Other ethnicity","Project Delivery","National Crime Agency","London","[c]","[c]","[c]","[c]"
"New entrant CS","2023","Other ethnicity","Project Delivery","National Crime Agency","Outside London","[c]","[c]","[c]","[c]"
"New entrant CS","2023","Other ethnicity","Project Delivery","Office of Gas and Electricity Markets","London","[c]","[c]","[c]","[c]"
"New entrant CS","2023","Other ethnicity","Project Delivery","Office of Gas and Electricity Markets","Outside London","[c]","[c]","[c]","[c]"
"New entrant CS","2023","Other ethnicity","Project Delivery","Scottish Government","Outside London","[c]","[c]","[c]","[c]"
"New entrant CS","2023","Other ethnicity","Project Delivery","UK Export Finance","London","[c]","[c]","[c]","[c]"
"New entrant CS","2023","Other ethnicity","Project Delivery","UK Statistics Authority","London","[c]","[c]","[c]","[c]"
"New entrant CS","2023","Other ethnicity","Project Delivery","UK Statistics Authority","Outside London","[c]","[c]","[c]","[c]"
"New entrant CS","2023","Other ethnicity","Project Delivery","Water Services Regulation Authority","London","[c]","[c]","[c]","[c]"
"New entrant CS","2023","Other ethnicity","Project Delivery","Water Services Regulation Authority","Outside London","[c]","[c]","[c]","[c]"
"New entrant CS","2023","Other ethnicity","Property","Attorney General's Departments","Outside London","[c]","[c]","[c]","[c]"
"New entrant CS","2023","Other ethnicity","Property","Cabinet Office","London","[c]","[c]","[c]","[c]"
"New entrant CS","2023","Other ethnicity","Property","Cabinet Office","Outside London","[c]","[c]","[c]","[c]"
"New entrant CS","2023","Other ethnicity","Property","Cabinet Office","Unknown","[c]","[c]","[c]","[c]"
"New entrant CS","2023","Other ethnicity","Property","Chancellor's other departments","London","[c]","[c]","[c]","[c]"
"New entrant CS","2023","Other ethnicity","Property","Competition and Markets Authority","London","[c]","[c]","[c]","[c]"
"New entrant CS","2023","Other ethnicity","Property","Department for Business, Energy and Industrial Strategy","Outside London","[c]","[c]","[c]","[c]"
"New entrant CS","2023","Other ethnicity","Property","Department for Environment, Food and Rural Affairs","London","[c]","[c]","[c]","[c]"
"New entrant CS","2023","Other ethnicity","Property","Department for Environment, Food and Rural Affairs","Outside London","[c]","[c]","[c]","[c]"
"New entrant CS","2023","Other ethnicity","Property","Department for Levelling Up, Housing and Communities","London","[c]","[c]","[c]","[c]"
"New entrant CS","2023","Other ethnicity","Property","Department for Transport","London","[c]","[c]","[c]","[c]"
"New entrant CS","2023","Other ethnicity","Property","Department for Transport","Outside London","[c]","[c]","[c]","[c]"
"New entrant CS","2023","Other ethnicity","Property","Department for Work and Pensions","London","[c]","[c]","[c]","[c]"
"New entrant CS","2023","Other ethnicity","Property","Department for Work and Pensions","Outside London","[c]","[c]","[c]","[c]"
"New entrant CS","2023","Other ethnicity","Property","Department of Health and Social Care","London","[c]","[c]","[c]","[c]"
"New entrant CS","2023","Other ethnicity","Property","Department of Health and Social Care","Outside London","[c]","[c]","[c]","[c]"
"New entrant CS","2023","Other ethnicity","Property","HM Revenue and Customs","London","[c]","[c]","[c]","[c]"
"New entrant CS","2023","Other ethnicity","Property","HM Revenue and Customs","Outside London","[c]","[c]","[c]","[c]"
"New entrant CS","2023","Other ethnicity","Property","Home Office","London","[c]","[c]","[c]","[c]"
"New entrant CS","2023","Other ethnicity","Property","Home Office","Outside London","[c]","[c]","[c]","[c]"
"New entrant CS","2023","Other ethnicity","Property","Ministry of Defence","London","[c]","[c]","[c]","[c]"
"New entrant CS","2023","Other ethnicity","Property","Ministry of Defence","Outside London","[c]","[c]","[c]","[c]"
"New entrant CS","2023","Other ethnicity","Property","Ministry of Defence","Overseas","[c]","[c]","[c]","[c]"
"New entrant CS","2023","Other ethnicity","Property","Ministry of Justice","London","[c]","[c]","[c]","[c]"
"New entrant CS","2023","Other ethnicity","Property","Ministry of Justice","Outside London","[c]","[c]","[c]","[c]"
"New entrant CS","2023","Other ethnicity","Property","National Crime Agency","London","[c]","[c]","[c]","[c]"
"New entrant CS","2023","Other ethnicity","Property","National Crime Agency","Outside London","[c]","[c]","[c]","[c]"
"New entrant CS","2023","Other ethnicity","Property","Office of Gas and Electricity Markets","London","[c]","[c]","[c]","[c]"
"New entrant CS","2023","Other ethnicity","Property","Office of Gas and Electricity Markets","Outside London","[c]","[c]","[c]","[c]"
"New entrant CS","2023","Other ethnicity","Property","Office of Qualifications and Examinations Regulation","Outside London","[c]","[c]","[c]","[c]"
"New entrant CS","2023","Other ethnicity","Property","Scottish Government","Outside London","[c]","[c]","[c]","[c]"
"New entrant CS","2023","Other ethnicity","Property","The National Archives","London","[c]","[c]","[c]","[c]"
"New entrant CS","2023","Other ethnicity","Property","UK Supreme Court","London","[c]","[c]","[c]","[c]"
"New entrant CS","2023","Other ethnicity","Security","Attorney General's Departments","London","[c]","[c]","[c]","[c]"
"New entrant CS","2023","Other ethnicity","Security","Attorney General's Departments","Outside London","[c]","[c]","[c]","[c]"
"New entrant CS","2023","Other ethnicity","Security","Cabinet Office","London","[c]","[c]","[c]","[c]"
"New entrant CS","2023","Other ethnicity","Security","Cabinet Office","Outside London","[c]","[c]","[c]","[c]"
"New entrant CS","2023","Other ethnicity","Security","Cabinet Office","Unknown","[c]","[c]","[c]","[c]"
"New entrant CS","2023","Other ethnicity","Security","Department for Business, Energy and Industrial Strategy","Outside London","[c]","[c]","[c]","[c]"
"New entrant CS","2023","Other ethnicity","Security","Department for Digital, Culture, Media and Sport","London","[c]","[c]","[c]","[c]"
"New entrant CS","2023","Other ethnicity","Security","Department for Digital, Culture, Media and Sport","Outside London","[c]","[c]","[c]","[c]"
"New entrant CS","2023","Other ethnicity","Security","Department for International Trade","Outside London","[c]","[c]","[c]","[c]"
"New entrant CS","2023","Other ethnicity","Security","Department for Transport","London","[c]","[c]","[c]","[c]"
"New entrant CS","2023","Other ethnicity","Security","Department for Transport","Outside London","[c]","[c]","[c]","[c]"
"New entrant CS","2023","Other ethnicity","Security","Department for Work and Pensions","London","[c]","[c]","[c]","[c]"
"New entrant CS","2023","Other ethnicity","Security","Department for Work and Pensions","Outside London","[c]","[c]","[c]","[c]"
"New entrant CS","2023","Other ethnicity","Security","Department of Health and Social Care","London","[c]","[c]","[c]","[c]"
"New entrant CS","2023","Other ethnicity","Security","Department of Health and Social Care","Outside London","[c]","[c]","[c]","[c]"
"New entrant CS","2023","Other ethnicity","Security","Estyn","Outside London","[c]","[c]","[c]","[c]"
"New entrant CS","2023","Other ethnicity","Security","Food Standards Agency","Outside London","[c]","[c]","[c]","[c]"
"New entrant CS","2023","Other ethnicity","Security","HM Revenue and Customs","London","[c]","[c]","[c]","[c]"
"New entrant CS","2023","Other ethnicity","Security","HM Revenue and Customs","Outside London","[c]","[c]","[c]","[c]"
"New entrant CS","2023","Other ethnicity","Security","Home Office","London","[c]","[c]","[c]","[c]"
"New entrant CS","2023","Other ethnicity","Security","Home Office","Outside London","[c]","[c]","[c]","[c]"
"New entrant CS","2023","Other ethnicity","Security","Ministry of Defence","London","[c]","[c]","[c]","[c]"
"New entrant CS","2023","Other ethnicity","Security","Ministry of Defence","Outside London","[c]","[c]","[c]","[c]"
"New entrant CS","2023","Other ethnicity","Security","Ministry of Defence","Overseas","[c]","[c]","[c]","[c]"
"New entrant CS","2023","Other ethnicity","Security","Ministry of Justice","London","[c]","[c]","[c]","[c]"
"New entrant CS","2023","Other ethnicity","Security","Ministry of Justice","Outside London","[c]","[c]","[c]","[c]"
"New entrant CS","2023","Other ethnicity","Security","National Crime Agency","London","[c]","[c]","[c]","[c]"
"New entrant CS","2023","Other ethnicity","Security","National Crime Agency","Outside London","[c]","[c]","[c]","[c]"
"New entrant CS","2023","Other ethnicity","Security","Northern Ireland Office","Outside London","[c]","[c]","[c]","[c]"
"New entrant CS","2023","Other ethnicity","Security","Office of Gas and Electricity Markets","London","[c]","[c]","[c]","[c]"
"New entrant CS","2023","Other ethnicity","Security","Office of Gas and Electricity Markets","Outside London","[c]","[c]","[c]","[c]"
"New entrant CS","2023","Other ethnicity","Security","UK Export Finance","London","[c]","[c]","[c]","[c]"
"New entrant CS","2023","Other ethnicity","Security","UK Statistics Authority","London","[c]","[c]","[c]","[c]"
"New entrant CS","2023","Other ethnicity","Security","UK Statistics Authority","Outside London","[c]","[c]","[c]","[c]"
"New entrant CS","2023","Other ethnicity","Unknown","Attorney General's Departments","London","[c]","[c]","[c]","[c]"
"New entrant CS","2023","Other ethnicity","Unknown","Attorney General's Departments","Outside London","[c]","[c]","[c]","[c]"
"New entrant CS","2023","Other ethnicity","Unknown","Cabinet Office","London","[c]","[c]","[c]","[c]"
"New entrant CS","2023","Other ethnicity","Unknown","Cabinet Office","Outside London","[c]","[c]","[c]","[c]"
"New entrant CS","2023","Other ethnicity","Unknown","Cabinet Office","Unknown","[c]","[c]","[c]","[c]"
"New entrant CS","2023","Other ethnicity","Unknown","Department for Business, Energy and Industrial Strategy","Outside London","[c]","[c]","[c]","[c]"
"New entrant CS","2023","Other ethnicity","Unknown","Department for Education","London","[c]","[c]","[c]","[c]"
"New entrant CS","2023","Other ethnicity","Unknown","Department for Education","Outside London","[c]","[c]","[c]","[c]"
"New entrant CS","2023","Other ethnicity","Unknown","Department for Environment, Food and Rural Affairs","Outside London","[c]","[c]","[c]","[c]"
"New entrant CS","2023","Other ethnicity","Unknown","Department for International Trade","London","[c]","[c]","[c]","[c]"
"New entrant CS","2023","Other ethnicity","Unknown","Department for International Trade","Outside London","[c]","[c]","[c]","[c]"
"New entrant CS","2023","Other ethnicity","Unknown","Department for Work and Pensions","London","[c]","[c]","[c]","[c]"
"New entrant CS","2023","Other ethnicity","Unknown","Department for Work and Pensions","Outside London","[c]","[c]","[c]","[c]"
"New entrant CS","2023","Other ethnicity","Unknown","Department for Work and Pensions","Unknown","[c]","[c]","[c]","[c]"
"New entrant CS","2023","Other ethnicity","Unknown","Department of Health and Social Care","London","[c]","[c]","[c]","[c]"
"New entrant CS","2023","Other ethnicity","Unknown","Department of Health and Social Care","Outside London","[c]","[c]","[c]","[c]"
"New entrant CS","2023","Other ethnicity","Unknown","HM Revenue and Customs","Outside London","[c]","[c]","[c]","[c]"
"New entrant CS","2023","Other ethnicity","Unknown","Ministry of Defence","London","[c]","[c]","[c]","[c]"
"New entrant CS","2023","Other ethnicity","Unknown","Ministry of Defence","Outside London","[c]","[c]","[c]","[c]"
"New entrant CS","2023","Other ethnicity","Unknown","Ministry of Defence","Unknown","[c]","[c]","[c]","[c]"
"New entrant CS","2023","Other ethnicity","Unknown","Northern Ireland Office","London","[c]","[c]","[c]","[c]"
"New entrant CS","2023","Other ethnicity","Unknown","Northern Ireland Office","Outside London","[c]","[c]","[c]","[c]"
"New entrant CS","2023","Other ethnicity","Unknown","Office of Gas and Electricity Markets","London","[c]","[c]","[c]","[c]"
"New entrant CS","2023","Other ethnicity","Unknown","Office of Gas and Electricity Markets","Outside London","[c]","[c]","[c]","[c]"
"New entrant CS","2023","Other ethnicity","Unknown","Office of the Secretary of State for Scotland","London","[c]","[c]","[c]","[c]"
"New entrant CS","2023","Other ethnicity","Unknown","Office of the Secretary of State for Scotland","Outside London","[c]","[c]","[c]","[c]"
"New entrant CS","2023","Other ethnicity","Unknown","Scottish Government","London","[c]","[c]","[c]","[c]"
"New entrant CS","2023","Other ethnicity","Unknown","Scottish Government","Outside London","5","[c]","[c]","[c]"
"New entrant CS","2023","Other ethnicity","Unknown","Scottish Government","Overseas","[c]","[c]","[c]","[c]"
"New entrant CS","2023","Other ethnicity","Unknown","Welsh Government","London","[c]","[c]","[c]","[c]"
"New entrant CS","2023","Other ethnicity","Unknown","Welsh Government","Outside London","[c]","[c]","[c]","[c]"
"New entrant CS","2023","Undeclared","Analysis","Cabinet Office","London","[c]","[c]","[c]","[c]"
"New entrant CS","2023","Undeclared","Analysis","Competition and Markets Authority","London","[c]","[c]","[c]","[c]"
"New entrant CS","2023","Undeclared","Analysis","Department for Environment, Food and Rural Affairs","Outside London","[c]","[c]","[c]","[c]"
"New entrant CS","2023","Undeclared","Analysis","Department for Transport","Outside London","[c]","[c]","[c]","[c]"
"New entrant CS","2023","Undeclared","Analysis","Department for Work and Pensions","Outside London","[c]","[c]","[c]","[c]"
"New entrant CS","2023","Undeclared","Analysis","HM Treasury","London","[c]","[c]","[c]","[c]"
"New entrant CS","2023","Undeclared","Analysis","HM Treasury","Outside London","[c]","[c]","[c]","[c]"
"New entrant CS","2023","Undeclared","Analysis","Ministry of Defence","Outside London","[c]","[c]","[c]","[c]"
"New entrant CS","2023","Undeclared","Analysis","Ministry of Justice","London","[c]","[c]","[c]","[c]"
"New entrant CS","2023","Undeclared","Analysis","Ministry of Justice","Outside London","[c]","[c]","[c]","[c]"
"New entrant CS","2023","Undeclared","Analysis","Office of Gas and Electricity Markets","London","[c]","[c]","[c]","[c]"
"New entrant CS","2023","Undeclared","Analysis","Office of Gas and Electricity Markets","Outside London","[c]","[c]","[c]","[c]"
"New entrant CS","2023","Undeclared","Analysis","UK Statistics Authority","Outside London","5","[c]","[c]","[c]"
"New entrant CS","2023","Undeclared","Commercial","Cabinet Office","London","[c]","[c]","[c]","[c]"
"New entrant CS","2023","Undeclared","Commercial","Cabinet Office","Outside London","[c]","[c]","[c]","[c]"
"New entrant CS","2023","Undeclared","Commercial","Department for Environment, Food and Rural Affairs","Outside London","[c]","[c]","[c]","[c]"
"New entrant CS","2023","Undeclared","Commercial","Department for Levelling Up, Housing and Communities","London","[c]","[c]","[c]","[c]"
"New entrant CS","2023","Undeclared","Commercial","Department of Health and Social Care","London","[c]","[c]","[c]","[c]"
"New entrant CS","2023","Undeclared","Commercial","UK Export Finance","London","[c]","[c]","[c]","[c]"
"New entrant CS","2023","Undeclared","Communications","Attorney General's Departments","London","[c]","[c]","[c]","[c]"
"New entrant CS","2023","Undeclared","Communications","Department for Environment, Food and Rural Affairs","Outside London","[c]","[c]","[c]","[c]"
"New entrant CS","2023","Undeclared","Communications","Department for Work and Pensions","Outside London","[c]","[c]","[c]","[c]"
"New entrant CS","2023","Undeclared","Communications","HM Treasury","London","[c]","[c]","[c]","[c]"
"New entrant CS","2023","Undeclared","Communications","Ministry of Defence","Outside London","[c]","[c]","[c]","[c]"
"New entrant CS","2023","Undeclared","Communications","The National Archives","London","[c]","[c]","[c]","[c]"
"New entrant CS","2023","Undeclared","Communications","UK Supreme Court","London","[c]","[c]","[c]","[c]"
"New entrant CS","2023","Undeclared","Communications","Water Services Regulation Authority","London","[c]","[c]","[c]","[c]"
"New entrant CS","2023","Undeclared","Counter Fraud","Cabinet Office","London","[c]","[c]","[c]","[c]"
"New entrant CS","2023","Undeclared","Counter Fraud","Department for Business, Energy and Industrial Strategy","Outside London","[c]","[c]","[c]","[c]"
"New entrant CS","2023","Undeclared","Counter Fraud","Department for Work and Pensions","London","[c]","[c]","[c]","[c]"
"New entrant CS","2023","Undeclared","Counter Fraud","Department for Work and Pensions","Outside London","5","[c]","[c]","[c]"
"New entrant CS","2023","Undeclared","Counter Fraud","HM Revenue and Customs","Outside London","[c]","[c]","[c]","[c]"
"New entrant CS","2023","Undeclared","Debt","Department for Work and Pensions","Outside London","10","[c]","[c]","[c]"
"New entrant CS","2023","Undeclared","Debt","HM Revenue and Customs","Outside London","[c]","[c]","[c]","[c]"
"New entrant CS","2023","Undeclared","Digital, Data & Technology","Cabinet Office","London","[c]","[c]","[c]","[c]"
"New entrant CS","2023","Undeclared","Digital, Data & Technology","Cabinet Office","Outside London","[c]","[c]","[c]","[c]"
"New entrant CS","2023","Undeclared","Digital, Data & Technology","Cabinet Office","Unknown","[c]","[c]","[c]","[c]"
"New entrant CS","2023","Undeclared","Digital, Data & Technology","Competition and Markets Authority","London","[c]","[c]","[c]","[c]"
"New entrant CS","2023","Undeclared","Digital, Data & Technology","Department for Business, Energy and Industrial Strategy","Outside London","5","[c]","[c]","[c]"
"New entrant CS","2023","Undeclared","Digital, Data & Technology","Department for Education","Outside London","[c]","[c]","[c]","[c]"
"New entrant CS","2023","Undeclared","Digital, Data & Technology","Department for Environment, Food and Rural Affairs","London","[c]","[c]","[c]","[c]"
"New entrant CS","2023","Undeclared","Digital, Data & Technology","Department for Environment, Food and Rural Affairs","Outside London","[c]","[c]","[c]","[c]"
"New entrant CS","2023","Undeclared","Digital, Data & Technology","Department for International Trade","London","[c]","[c]","[c]","[c]"
"New entrant CS","2023","Undeclared","Digital, Data & Technology","Department for Transport","Outside London","[c]","[c]","[c]","[c]"
"New entrant CS","2023","Undeclared","Digital, Data & Technology","Department for Work and Pensions","Outside London","5","[c]","[c]","[c]"
"New entrant CS","2023","Undeclared","Digital, Data & Technology","Department of Health and Social Care","Outside London","[c]","[c]","[c]","[c]"
"New entrant CS","2023","Undeclared","Digital, Data & Technology","HM Revenue and Customs","Outside London","5","[c]","[c]","[c]"
"New entrant CS","2023","Undeclared","Digital, Data & Technology","HM Treasury","London","[c]","[c]","[c]","[c]"
"New entrant CS","2023","Undeclared","Digital, Data & Technology","Home Office","Outside London","[c]","[c]","[c]","[c]"
"New entrant CS","2023","Undeclared","Digital, Data & Technology","Ministry of Defence","Outside London","[c]","[c]","[c]","[c]"
"New entrant CS","2023","Undeclared","Digital, Data & Technology","Ministry of Justice","London","[c]","[c]","[c]","[c]"
"New entrant CS","2023","Undeclared","Digital, Data & Technology","National Crime Agency","London","[c]","[c]","[c]","[c]"
"New entrant CS","2023","Undeclared","Digital, Data & Technology","Office of Qualifications and Examinations Regulation","Outside London","[c]","[c]","[c]","[c]"
"New entrant CS","2023","Undeclared","Digital, Data & Technology","UK Statistics Authority","Outside London","5","[c]","[c]","[c]"
"New entrant CS","2023","Undeclared","Finance","Attorney General's Departments","Outside London","[c]","[c]","[c]","[c]"
"New entrant CS","2023","Undeclared","Finance","Cabinet Office","Outside London","[c]","[c]","[c]","[c]"
"New entrant CS","2023","Undeclared","Finance","Competition and Markets Authority","London","[c]","[c]","[c]","[c]"
"New entrant CS","2023","Undeclared","Finance","Department for Environment, Food and Rural Affairs","Outside London","[c]","[c]","[c]","[c]"
"New entrant CS","2023","Undeclared","Finance","Department for Transport","Outside London","[c]","[c]","[c]","[c]"
"New entrant CS","2023","Undeclared","Finance","Department for Work and Pensions","London","[c]","[c]","[c]","[c]"
"New entrant CS","2023","Undeclared","Finance","Department for Work and Pensions","Outside London","[c]","[c]","[c]","[c]"
"New entrant CS","2023","Undeclared","Finance","HM Revenue and Customs","Outside London","[c]","[c]","[c]","[c]"
"New entrant CS","2023","Undeclared","Finance","HM Treasury","London","[c]","[c]","[c]","[c]"
"New entrant CS","2023","Undeclared","Finance","Ministry of Defence","Outside London","[c]","[c]","[c]","[c]"
"New entrant CS","2023","Undeclared","Finance","Office of Gas and Electricity Markets","London","[c]","[c]","[c]","[c]"
"New entrant CS","2023","Undeclared","Finance","Office of Gas and Electricity Markets","Outside London","[c]","[c]","[c]","[c]"
"New entrant CS","2023","Undeclared","Grants Management","Department for Environment, Food and Rural Affairs","Outside London","15","[c]","[c]","[c]"
"New entrant CS","2023","Undeclared","Human Resources","Department for Environment, Food and Rural Affairs","Outside London","[c]","[c]","[c]","[c]"
"New entrant CS","2023","Undeclared","Human Resources","HM Treasury","London","[c]","[c]","[c]","[c]"
"New entrant CS","2023","Undeclared","Human Resources","Ministry of Defence","Outside London","[c]","[c]","[c]","[c]"
"New entrant CS","2023","Undeclared","Human Resources","Ministry of Defence","Overseas","[c]","[c]","[c]","[c]"
"New entrant CS","2023","Undeclared","Human Resources","National Crime Agency","Outside London","[c]","[c]","[c]","[c]"
"New entrant CS","2023","Undeclared","Internal Audit","HM Treasury","Outside London","[c]","[c]","[c]","[c]"
"New entrant CS","2023","Undeclared","Internal Audit","UK Statistics Authority","Outside London","[c]","[c]","[c]","[c]"
"New entrant CS","2023","Undeclared","Legal","Attorney General's Departments","London","5","[c]","[c]","[c]"
"New entrant CS","2023","Undeclared","Legal","Attorney General's Departments","Outside London","5","[c]","[c]","[c]"
"New entrant CS","2023","Undeclared","Legal","HM Revenue and Customs","London","[c]","[c]","[c]","[c]"
"New entrant CS","2023","Undeclared","Legal","HM Revenue and Customs","Outside London","[c]","[c]","[c]","[c]"
"New entrant CS","2023","Undeclared","Legal","Ministry of Justice","Outside London","5","[c]","[c]","[c]"
"New entrant CS","2023","Undeclared","Legal","National Crime Agency","London","[c]","[c]","[c]","[c]"
"New entrant CS","2023","Undeclared","Legal","Office of Gas and Electricity Markets","London","[c]","[c]","[c]","[c]"
"New entrant CS","2023","Undeclared","Legal","Scottish Government","Outside London","[c]","[c]","[c]","[c]"
"New entrant CS","2023","Undeclared","Legal","UK Supreme Court","London","[c]","[c]","[c]","[c]"
"New entrant CS","2023","Undeclared","No function","Cabinet Office","London","[c]","[c]","[c]","[c]"
"New entrant CS","2023","Undeclared","No function","Cabinet Office","Outside London","[c]","[c]","[c]","[c]"
"New entrant CS","2023","Undeclared","No function","Chancellor's other departments","London","[c]","[c]","[c]","[c]"
"New entrant CS","2023","Undeclared","No function","Chancellor's other departments","Outside London","[c]","[c]","[c]","[c]"
"New entrant CS","2023","Undeclared","No function","Department for Business, Energy and Industrial Strategy","London","[c]","[c]","[c]","[c]"
"New entrant CS","2023","Undeclared","No function","Department for Business, Energy and Industrial Strategy","Outside London","[c]","[c]","[c]","[c]"
"New entrant CS","2023","Undeclared","No function","Department for Digital, Culture, Media and Sport","London","[c]","[c]","[c]","[c]"
"New entrant CS","2023","Undeclared","No function","Department for Education","London","[c]","[c]","[c]","[c]"
"New entrant CS","2023","Undeclared","No function","Department for Education","Outside London","[c]","[c]","[c]","[c]"
"New entrant CS","2023","Undeclared","No function","Department for Environment, Food and Rural Affairs","London","5","[c]","[c]","[c]"
"New entrant CS","2023","Undeclared","No function","Department for Environment, Food and Rural Affairs","Outside London","25","[c]","[c]","[c]"
"New entrant CS","2023","Undeclared","No function","Department for International Trade","London","[c]","[c]","[c]","[c]"
"New entrant CS","2023","Undeclared","No function","Department for International Trade","Outside London","5","[c]","[c]","[c]"
"New entrant CS","2023","Undeclared","No function","Department for Levelling Up, Housing and Communities","Outside London","[c]","[c]","[c]","[c]"
"New entrant CS","2023","Undeclared","No function","Department for Transport","London","[c]","[c]","[c]","[c]"
"New entrant CS","2023","Undeclared","No function","Department for Transport","Outside London","40","[c]","37630","27240"
"New entrant CS","2023","Undeclared","No function","Department for Work and Pensions","London","[c]","[c]","[c]","[c]"
"New entrant CS","2023","Undeclared","No function","Department for Work and Pensions","Outside London","35","[c]","24230","21690"
"New entrant CS","2023","Undeclared","No function","Department of Health and Social Care","London","10","[c]","[c]","[c]"
"New entrant CS","2023","Undeclared","No function","Department of Health and Social Care","Outside London","10","[c]","[c]","[c]"
"New entrant CS","2023","Undeclared","No function","HM Revenue and Customs","London","[c]","[c]","[c]","[c]"
"New entrant CS","2023","Undeclared","No function","HM Revenue and Customs","Outside London","10","[c]","[c]","[c]"
"New entrant CS","2023","Undeclared","No function","HM Treasury","London","5","[c]","[c]","[c]"
"New entrant CS","2023","Undeclared","No function","HM Treasury","Outside London","[c]","[c]","[c]","[c]"
"New entrant CS","2023","Undeclared","No function","Home Office","London","5","[c]","[c]","[c]"
"New entrant CS","2023","Undeclared","No function","Home Office","Outside London","10","[c]","[c]","[c]"
"New entrant CS","2023","Undeclared","No function","Ministry of Defence","London","[c]","[c]","[c]","[c]"
"New entrant CS","2023","Undeclared","No function","Ministry of Defence","Outside London","10","[c]","[c]","[c]"
"New entrant CS","2023","Undeclared","No function","Ministry of Justice","London","30","[c]","[c]","[c]"
"New entrant CS","2023","Undeclared","No function","Ministry of Justice","Outside London","125","[c]","24850","23640"
"New entrant CS","2023","Undeclared","No function","Ministry of Justice","Unknown","[c]","[c]","[c]","[c]"
"New entrant CS","2023","Undeclared","No function","National Crime Agency","London","5","[c]","[c]","[c]"
"New entrant CS","2023","Undeclared","No function","National Crime Agency","Outside London","5","[c]","[c]","[c]"
"New entrant CS","2023","Undeclared","No function","Office for Standards in Education, Children's Services and Skills","Outside London","[c]","[c]","[c]","[c]"
"New entrant CS","2023","Undeclared","No function","Office of Gas and Electricity Markets","Outside London","[c]","[c]","[c]","[c]"
"New entrant CS","2023","Undeclared","No function","Scottish Government","Outside London","[c]","[c]","[c]","[c]"
"New entrant CS","2023","Undeclared","No function","The National Archives","London","[c]","[c]","[c]","[c]"
"New entrant CS","2023","Undeclared","No function","UK Statistics Authority","Outside London","10","[c]","[c]","[c]"
"New entrant CS","2023","Undeclared","Project Delivery","Cabinet Office","London","[c]","[c]","[c]","[c]"
"New entrant CS","2023","Undeclared","Project Delivery","Cabinet Office","Outside London","[c]","[c]","[c]","[c]"
"New entrant CS","2023","Undeclared","Project Delivery","Chancellor's other departments","London","[c]","[c]","[c]","[c]"
"New entrant CS","2023","Undeclared","Project Delivery","Competition and Markets Authority","London","[c]","[c]","[c]","[c]"
"New entrant CS","2023","Undeclared","Project Delivery","Department for Education","Outside London","[c]","[c]","[c]","[c]"
"New entrant CS","2023","Undeclared","Project Delivery","Department of Health and Social Care","London","[c]","[c]","[c]","[c]"
"New entrant CS","2023","Undeclared","Project Delivery","HM Revenue and Customs","London","[c]","[c]","[c]","[c]"
"New entrant CS","2023","Undeclared","Project Delivery","HM Revenue and Customs","Outside London","[c]","[c]","[c]","[c]"
"New entrant CS","2023","Undeclared","Project Delivery","Ministry of Defence","Outside London","5","[c]","[c]","[c]"
"New entrant CS","2023","Undeclared","Project Delivery","Ministry of Justice","London","[c]","[c]","[c]","[c]"
"New entrant CS","2023","Undeclared","Project Delivery","National Crime Agency","Outside London","[c]","[c]","[c]","[c]"
"New entrant CS","2023","Undeclared","Project Delivery","UK Statistics Authority","Outside London","[c]","[c]","[c]","[c]"
"New entrant CS","2023","Undeclared","Project Delivery","Water Services Regulation Authority","London","[c]","[c]","[c]","[c]"
"New entrant CS","2023","Undeclared","Property","Cabinet Office","Outside London","[c]","[c]","[c]","[c]"
"New entrant CS","2023","Undeclared","Property","Department for Environment, Food and Rural Affairs","Outside London","[c]","[c]","[c]","[c]"
"New entrant CS","2023","Undeclared","Property","Department for Transport","Outside London","[c]","[c]","[c]","[c]"
"New entrant CS","2023","Undeclared","Property","Department for Work and Pensions","Outside London","[c]","[c]","[c]","[c]"
"New entrant CS","2023","Undeclared","Property","HM Revenue and Customs","Outside London","[c]","[c]","[c]","[c]"
"New entrant CS","2023","Undeclared","Property","Ministry of Defence","Outside London","[c]","[c]","[c]","[c]"
"New entrant CS","2023","Undeclared","Property","UK Supreme Court","London","[c]","[c]","[c]","[c]"
"New entrant CS","2023","Undeclared","Security","Cabinet Office","Outside London","[c]","[c]","[c]","[c]"
"New entrant CS","2023","Undeclared","Security","Cabinet Office","Unknown","[c]","[c]","[c]","[c]"
"New entrant CS","2023","Undeclared","Security","Department for Transport","Outside London","[c]","[c]","[c]","[c]"
"New entrant CS","2023","Undeclared","Security","Ministry of Defence","Outside London","[c]","[c]","[c]","[c]"
"New entrant CS","2023","Undeclared","Unknown","Cabinet Office","London","[c]","[c]","[c]","[c]"
"New entrant CS","2023","Undeclared","Unknown","Cabinet Office","Outside London","[c]","[c]","[c]","[c]"
"New entrant CS","2023","Undeclared","Unknown","Department for International Trade","London","[c]","[c]","[c]","[c]"
"New entrant CS","2023","Undeclared","Unknown","Department for Work and Pensions","Outside London","5","[c]","[c]","[c]"
"New entrant CS","2023","Undeclared","Unknown","Ministry of Defence","Outside London","5","[c]","[c]","[c]"
"New entrant CS","2023","Undeclared","Unknown","Northern Ireland Office","London","[c]","[c]","[c]","[c]"
"New entrant CS","2023","Undeclared","Unknown","Scottish Government","Outside London","10","[c]","[c]","[c]"
"New entrant CS","2023","Undeclared","Unknown","Welsh Government","Outside London","5","[c]","[c]","[c]"
"New entrant CS","2023","Unknown","Analysis","Cabinet Office","London","[c]","[c]","[c]","[c]"
"New entrant CS","2023","Unknown","Analysis","Cabinet Office","Outside London","[c]","[c]","[c]","[c]"
"New entrant CS","2023","Unknown","Analysis","Cabinet Office","Unknown","[c]","[c]","[c]","[c]"
"New entrant CS","2023","Unknown","Analysis","Department for Business, Energy and Industrial Strategy","London","15","[c]","[c]","[c]"
"New entrant CS","2023","Unknown","Analysis","Department for Business, Energy and Industrial Strategy","Outside London","5","[c]","[c]","[c]"
"New entrant CS","2023","Unknown","Analysis","Department for Digital, Culture, Media and Sport","London","5","[c]","[c]","[c]"
"New entrant CS","2023","Unknown","Analysis","Department for Education","London","5","[c]","[c]","[c]"
"New entrant CS","2023","Unknown","Analysis","Department for International Trade","London","10","[c]","[c]","[c]"
"New entrant CS","2023","Unknown","Analysis","Department for International Trade","Outside London","[c]","[c]","[c]","[c]"
"New entrant CS","2023","Unknown","Analysis","Department for Levelling Up, Housing and Communities","London","[c]","[c]","[c]","[c]"
"New entrant CS","2023","Unknown","Analysis","Department for Levelling Up, Housing and Communities","Outside London","[c]","[c]","[c]","[c]"
"New entrant CS","2023","Unknown","Analysis","Department for Transport","London","10","[c]","[c]","[c]"
"New entrant CS","2023","Unknown","Analysis","Department for Transport","Outside London","5","[c]","[c]","[c]"
"New entrant CS","2023","Unknown","Analysis","Department for Work and Pensions","London","[c]","[c]","[c]","[c]"
"New entrant CS","2023","Unknown","Analysis","Department for Work and Pensions","Outside London","[c]","[c]","[c]","[c]"
"New entrant CS","2023","Unknown","Analysis","Department for Work and Pensions","Unknown","[c]","[c]","[c]","[c]"
"New entrant CS","2023","Unknown","Analysis","Department of Health and Social Care","London","[c]","[c]","[c]","[c]"
"New entrant CS","2023","Unknown","Analysis","Department of Health and Social Care","Outside London","[c]","[c]","[c]","[c]"
"New entrant CS","2023","Unknown","Analysis","Estyn","Outside London","[c]","[c]","[c]","[c]"
"New entrant CS","2023","Unknown","Analysis","Food Standards Agency","Outside London","[c]","[c]","[c]","[c]"
"New entrant CS","2023","Unknown","Analysis","HM Land Registry","London","[c]","[c]","[c]","[c]"
"New entrant CS","2023","Unknown","Analysis","HM Land Registry","Outside London","[c]","[c]","[c]","[c]"
"New entrant CS","2023","Unknown","Analysis","HM Revenue and Customs","London","10","[c]","[c]","[c]"
"New entrant CS","2023","Unknown","Analysis","HM Revenue and Customs","Outside London","5","[c]","[c]","[c]"
"New entrant CS","2023","Unknown","Analysis","Home Office","London","45","[c]","31080","29750"
"New entrant CS","2023","Unknown","Analysis","Home Office","Outside London","[c]","[c]","[c]","[c]"
"New entrant CS","2023","Unknown","Analysis","Ministry of Defence","London","10","[c]","[c]","[c]"
"New entrant CS","2023","Unknown","Analysis","Ministry of Defence","Outside London","50","[c]","27230","24850"
"New entrant CS","2023","Unknown","Analysis","Ministry of Justice","London","35","[c]","38140","35410"
"New entrant CS","2023","Unknown","Analysis","Ministry of Justice","Outside London","10","[c]","[c]","[c]"
"New entrant CS","2023","Unknown","Analysis","Office for Standards in Education, Children's Services and Skills","London","[c]","[c]","[c]","[c]"
"New entrant CS","2023","Unknown","Analysis","Office for Standards in Education, Children's Services and Skills","Outside London","[c]","[c]","[c]","[c]"
"New entrant CS","2023","Unknown","Analysis","Office of Gas and Electricity Markets","London","[c]","[c]","[c]","[c]"
"New entrant CS","2023","Unknown","Analysis","Office of Gas and Electricity Markets","Outside London","[c]","[c]","[c]","[c]"
"New entrant CS","2023","Unknown","Analysis","UK Statistics Authority","Outside London","25","[c]","[c]","[c]"
"New entrant CS","2023","Unknown","Commercial","Attorney General's Departments","London","[c]","[c]","[c]","[c]"
"New entrant CS","2023","Unknown","Commercial","Cabinet Office","London","5","[c]","[c]","[c]"
"New entrant CS","2023","Unknown","Commercial","Cabinet Office","Outside London","[c]","[c]","[c]","[c]"
"New entrant CS","2023","Unknown","Commercial","Cabinet Office","Unknown","[c]","[c]","[c]","[c]"
"New entrant CS","2023","Unknown","Commercial","Department for Business, Energy and Industrial Strategy","Outside London","5","[c]","[c]","[c]"
"New entrant CS","2023","Unknown","Commercial","Department for Digital, Culture, Media and Sport","London","[c]","[c]","[c]","[c]"
"New entrant CS","2023","Unknown","Commercial","Department for Digital, Culture, Media and Sport","Outside London","[c]","[c]","[c]","[c]"
"New entrant CS","2023","Unknown","Commercial","Department for Education","London","[c]","[c]","[c]","[c]"
"New entrant CS","2023","Unknown","Commercial","Department for Education","Outside London","5","[c]","[c]","[c]"
"New entrant CS","2023","Unknown","Commercial","Department for Environment, Food and Rural Affairs","London","[c]","[c]","[c]","[c]"
"New entrant CS","2023","Unknown","Commercial","Department for Environment, Food and Rural Affairs","Outside London","[c]","[c]","[c]","[c]"
"New entrant CS","2023","Unknown","Commercial","Department for International Trade","Outside London","[c]","[c]","[c]","[c]"
"New entrant CS","2023","Unknown","Commercial","Department for Transport","London","[c]","[c]","[c]","[c]"
"New entrant CS","2023","Unknown","Commercial","Department for Transport","Outside London","[c]","[c]","[c]","[c]"
"New entrant CS","2023","Unknown","Commercial","Department of Health and Social Care","London","[c]","[c]","[c]","[c]"
"New entrant CS","2023","Unknown","Commercial","Department of Health and Social Care","Outside London","10","[c]","[c]","[c]"
"New entrant CS","2023","Unknown","Commercial","Food Standards Agency","London","[c]","[c]","[c]","[c]"
"New entrant CS","2023","Unknown","Commercial","Home Office","London","[c]","[c]","[c]","[c]"
"New entrant CS","2023","Unknown","Commercial","Home Office","Outside London","[c]","[c]","[c]","[c]"
"New entrant CS","2023","Unknown","Commercial","Ministry of Defence","London","[c]","[c]","[c]","[c]"
"New entrant CS","2023","Unknown","Commercial","Ministry of Defence","Outside London","75","[c]","30540","27470"
"New entrant CS","2023","Unknown","Commercial","Ministry of Justice","London","[c]","[c]","[c]","[c]"
"New entrant CS","2023","Unknown","Commercial","Ministry of Justice","Outside London","10","[c]","[c]","[c]"
"New entrant CS","2023","Unknown","Commercial","Scottish Government","Outside London","5","[c]","[c]","[c]"
"New entrant CS","2023","Unknown","Communications","Attorney General's Departments","London","[c]","[c]","[c]","[c]"
"New entrant CS","2023","Unknown","Communications","Cabinet Office","London","5","[c]","[c]","[c]"
"New entrant CS","2023","Unknown","Communications","Cabinet Office","Outside London","[c]","[c]","[c]","[c]"
"New entrant CS","2023","Unknown","Communications","Charity Commission","London","[c]","[c]","[c]","[c]"
"New entrant CS","2023","Unknown","Communications","Department for Business, Energy and Industrial Strategy","London","5","[c]","[c]","[c]"
"New entrant CS","2023","Unknown","Communications","Department for Business, Energy and Industrial Strategy","Outside London","5","[c]","[c]","[c]"
"New entrant CS","2023","Unknown","Communications","Department for Digital, Culture, Media and Sport","London","[c]","[c]","[c]","[c]"
"New entrant CS","2023","Unknown","Communications","Department for Digital, Culture, Media and Sport","Outside London","[c]","[c]","[c]","[c]"
"New entrant CS","2023","Unknown","Communications","Department for Education","Outside London","[c]","[c]","[c]","[c]"
"New entrant CS","2023","Unknown","Communications","Department for Environment, Food and Rural Affairs","London","5","[c]","[c]","[c]"
"New entrant CS","2023","Unknown","Communications","Department for Environment, Food and Rural Affairs","Outside London","[c]","[c]","[c]","[c]"
"New entrant CS","2023","Unknown","Communications","Department for International Trade","London","5","[c]","[c]","[c]"
"New entrant CS","2023","Unknown","Communications","Department for Levelling Up, Housing and Communities","London","[c]","[c]","[c]","[c]"
"New entrant CS","2023","Unknown","Communications","Department for Transport","London","10","[c]","[c]","[c]"
"New entrant CS","2023","Unknown","Communications","Department for Transport","Outside London","5","[c]","[c]","[c]"
"New entrant CS","2023","Unknown","Communications","Department for Work and Pensions","London","[c]","[c]","[c]","[c]"
"New entrant CS","2023","Unknown","Communications","Department for Work and Pensions","Outside London","[c]","[c]","[c]","[c]"
"New entrant CS","2023","Unknown","Communications","Department for Work and Pensions","Unknown","[c]","[c]","[c]","[c]"
"New entrant CS","2023","Unknown","Communications","Department of Health and Social Care","London","[c]","[c]","[c]","[c]"
"New entrant CS","2023","Unknown","Communications","Department of Health and Social Care","Outside London","[c]","[c]","[c]","[c]"
"New entrant CS","2023","Unknown","Communications","Food Standards Agency","London","[c]","[c]","[c]","[c]"
"New entrant CS","2023","Unknown","Communications","Food Standards Agency","Outside London","5","[c]","[c]","[c]"
"New entrant CS","2023","Unknown","Communications","HM Land Registry","Outside London","[c]","[c]","[c]","[c]"
"New entrant CS","2023","Unknown","Communications","HM Revenue and Customs","London","[c]","[c]","[c]","[c]"
"New entrant CS","2023","Unknown","Communications","HM Revenue and Customs","Outside London","5","[c]","[c]","[c]"
"New entrant CS","2023","Unknown","Communications","Home Office","London","10","[c]","[c]","[c]"
"New entrant CS","2023","Unknown","Communications","Home Office","Outside London","[c]","[c]","[c]","[c]"
"New entrant CS","2023","Unknown","Communications","Ministry of Defence","London","10","[c]","[c]","[c]"
"New entrant CS","2023","Unknown","Communications","Ministry of Defence","Outside London","10","[c]","[c]","[c]"
"New entrant CS","2023","Unknown","Communications","Ministry of Justice","London","10","[c]","[c]","[c]"
"New entrant CS","2023","Unknown","Communications","Ministry of Justice","Outside London","5","[c]","[c]","[c]"
"New entrant CS","2023","Unknown","Communications","Office of Gas and Electricity Markets","London","[c]","[c]","[c]","[c]"
"New entrant CS","2023","Unknown","Communications","Office of the Secretary of State for Scotland","London","[c]","[c]","[c]","[c]"
"New entrant CS","2023","Unknown","Communications","Office of the Secretary of State for Scotland","Outside London","[c]","[c]","[c]","[c]"
"New entrant CS","2023","Unknown","Communications","Office of the Secretary of State for Wales","Outside London","[c]","[c]","[c]","[c]"
"New entrant CS","2023","Unknown","Communications","Scottish Government","Outside London","[c]","[c]","[c]","[c]"
"New entrant CS","2023","Unknown","Communications","UK Statistics Authority","Outside London","[c]","[c]","[c]","[c]"
"New entrant CS","2023","Unknown","Counter Fraud","Cabinet Office","London","[c]","[c]","[c]","[c]"
"New entrant CS","2023","Unknown","Counter Fraud","Cabinet Office","Outside London","[c]","[c]","[c]","[c]"
"New entrant CS","2023","Unknown","Counter Fraud","Cabinet Office","Unknown","[c]","[c]","[c]","[c]"
"New entrant CS","2023","Unknown","Counter Fraud","Department for Business, Energy and Industrial Strategy","Outside London","15","[c]","[c]","[c]"
"New entrant CS","2023","Unknown","Counter Fraud","Department for Digital, Culture, Media and Sport","London","[c]","[c]","[c]","[c]"
"New entrant CS","2023","Unknown","Counter Fraud","Department for Digital, Culture, Media and Sport","Outside London","[c]","[c]","[c]","[c]"
"New entrant CS","2023","Unknown","Counter Fraud","Department for Transport","Outside London","[c]","[c]","[c]","[c]"
"New entrant CS","2023","Unknown","Counter Fraud","Department for Work and Pensions","London","[c]","[c]","[c]","[c]"
"New entrant CS","2023","Unknown","Counter Fraud","Department for Work and Pensions","Outside London","25","[c]","[c]","[c]"
"New entrant CS","2023","Unknown","Counter Fraud","Food Standards Agency","Outside London","[c]","[c]","[c]","[c]"
"New entrant CS","2023","Unknown","Counter Fraud","HM Revenue and Customs","London","20","[c]","[c]","[c]"
"New entrant CS","2023","Unknown","Counter Fraud","HM Revenue and Customs","Outside London","25","[c]","[c]","[c]"
"New entrant CS","2023","Unknown","Debt","Department for Work and Pensions","Outside London","75","[c]","21740","21690"
"New entrant CS","2023","Unknown","Debt","Department for Work and Pensions","Unknown","[c]","[c]","[c]","[c]"
"New entrant CS","2023","Unknown","Debt","HM Revenue and Customs","London","50","[c]","26920","26920"
"New entrant CS","2023","Unknown","Debt","HM Revenue and Customs","Outside London","410","[c]","22580","22520"
"New entrant CS","2023","Unknown","Digital, Data & Technology","Attorney General's Departments","London","[c]","[c]","[c]","[c]"
"New entrant CS","2023","Unknown","Digital, Data & Technology","Cabinet Office","London","25","[c]","[c]","[c]"
"New entrant CS","2023","Unknown","Digital, Data & Technology","Cabinet Office","Outside London","15","[c]","[c]","[c]"
"New entrant CS","2023","Unknown","Digital, Data & Technology","Cabinet Office","Unknown","[c]","[c]","[c]","[c]"
"New entrant CS","2023","Unknown","Digital, Data & Technology","Department for Business, Energy and Industrial Strategy","London","5","[c]","[c]","[c]"
"New entrant CS","2023","Unknown","Digital, Data & Technology","Department for Business, Energy and Industrial Strategy","Outside London","75","[c]","37850","37350"
"New entrant CS","2023","Unknown","Digital, Data & Technology","Department for Education","London","[c]","[c]","[c]","[c]"
"New entrant CS","2023","Unknown","Digital, Data & Technology","Department for Education","Outside London","5","[c]","[c]","[c]"
"New entrant CS","2023","Unknown","Digital, Data & Technology","Department for Environment, Food and Rural Affairs","London","15","[c]","[c]","[c]"
"New entrant CS","2023","Unknown","Digital, Data & Technology","Department for Environment, Food and Rural Affairs","Outside London","20","[c]","[c]","[c]"
"New entrant CS","2023","Unknown","Digital, Data & Technology","Department for International Trade","London","15","[c]","[c]","[c]"
"New entrant CS","2023","Unknown","Digital, Data & Technology","Department for International Trade","Outside London","[c]","[c]","[c]","[c]"
"New entrant CS","2023","Unknown","Digital, Data & Technology","Department for Levelling Up, Housing and Communities","London","[c]","[c]","[c]","[c]"
"New entrant CS","2023","Unknown","Digital, Data & Technology","Department for Levelling Up, Housing and Communities","Outside London","[c]","[c]","[c]","[c]"
"New entrant CS","2023","Unknown","Digital, Data & Technology","Department for Transport","London","[c]","[c]","[c]","[c]"
"New entrant CS","2023","Unknown","Digital, Data & Technology","Department for Transport","Outside London","20","[c]","[c]","[c]"
"New entrant CS","2023","Unknown","Digital, Data & Technology","Department for Work and Pensions","London","5","[c]","[c]","[c]"
"New entrant CS","2023","Unknown","Digital, Data & Technology","Department for Work and Pensions","Outside London","50","[c]","43280","38470"
"New entrant CS","2023","Unknown","Digital, Data & Technology","Department for Work and Pensions","Unknown","[c]","[c]","[c]","[c]"
"New entrant CS","2023","Unknown","Digital, Data & Technology","Department of Health and Social Care","London","25","[c]","[c]","[c]"
"New entrant CS","2023","Unknown","Digital, Data & Technology","Department of Health and Social Care","Outside London","20","[c]","[c]","[c]"
"New entrant CS","2023","Unknown","Digital, Data & Technology","HM Land Registry","London","5","[c]","[c]","[c]"
"New entrant CS","2023","Unknown","Digital, Data & Technology","HM Land Registry","Outside London","35","[c]","29960","28080"
"New entrant CS","2023","Unknown","Digital, Data & Technology","HM Revenue and Customs","London","10","[c]","[c]","[c]"
"New entrant CS","2023","Unknown","Digital, Data & Technology","HM Revenue and Customs","Outside London","130","[c]","38340","34400"
"New entrant CS","2023","Unknown","Digital, Data & Technology","Home Office","London","75","[c]","41780","36180"
"New entrant CS","2023","Unknown","Digital, Data & Technology","Home Office","Outside London","95","[c]","37390","32080"
"New entrant CS","2023","Unknown","Digital, Data & Technology","Ministry of Defence","London","10","[c]","[c]","[c]"
"New entrant CS","2023","Unknown","Digital, Data & Technology","Ministry of Defence","Outside London","100","[c]","34080","28990"
"New entrant CS","2023","Unknown","Digital, Data & Technology","Ministry of Defence","Overseas","[c]","[c]","[c]","[c]"
"New entrant CS","2023","Unknown","Digital, Data & Technology","Ministry of Justice","London","20","[c]","[c]","[c]"
"New entrant CS","2023","Unknown","Digital, Data & Technology","Ministry of Justice","Outside London","30","[c]","40220","37680"
"New entrant CS","2023","Unknown","Digital, Data & Technology","National Crime Agency","London","[c]","[c]","[c]","[c]"
"New entrant CS","2023","Unknown","Digital, Data & Technology","Office of Gas and Electricity Markets","London","[c]","[c]","[c]","[c]"
"New entrant CS","2023","Unknown","Digital, Data & Technology","Scottish Government","Outside London","10","[c]","[c]","[c]"
"New entrant CS","2023","Unknown","Digital, Data & Technology","The National Archives","London","[c]","[c]","[c]","[c]"
"New entrant CS","2023","Unknown","Digital, Data & Technology","UK Statistics Authority","London","[c]","[c]","[c]","[c]"
"New entrant CS","2023","Unknown","Digital, Data & Technology","UK Statistics Authority","Outside London","10","[c]","[c]","[c]"
"New entrant CS","2023","Unknown","Finance","Attorney General's Departments","London","[c]","[c]","[c]","[c]"
"New entrant CS","2023","Unknown","Finance","Cabinet Office","Outside London","[c]","[c]","[c]","[c]"
"New entrant CS","2023","Unknown","Finance","Charity Commission","Outside London","[c]","[c]","[c]","[c]"
"New entrant CS","2023","Unknown","Finance","Department for Business, Energy and Industrial Strategy","London","[c]","[c]","[c]","[c]"
"New entrant CS","2023","Unknown","Finance","Department for Business, Energy and Industrial Strategy","Outside London","10","[c]","[c]","[c]"
"New entrant CS","2023","Unknown","Finance","Department for Education","Outside London","[c]","[c]","[c]","[c]"
"New entrant CS","2023","Unknown","Finance","Department for Environment, Food and Rural Affairs","Outside London","[c]","[c]","[c]","[c]"
"New entrant CS","2023","Unknown","Finance","Department for International Trade","London","[c]","[c]","[c]","[c]"
"New entrant CS","2023","Unknown","Finance","Department for Transport","London","[c]","[c]","[c]","[c]"
"New entrant CS","2023","Unknown","Finance","Department for Transport","Outside London","[c]","[c]","[c]","[c]"
"New entrant CS","2023","Unknown","Finance","Department for Work and Pensions","London","5","[c]","[c]","[c]"
"New entrant CS","2023","Unknown","Finance","Department for Work and Pensions","Outside London","5","[c]","[c]","[c]"
"New entrant CS","2023","Unknown","Finance","Department for Work and Pensions","Unknown","[c]","[c]","[c]","[c]"
"New entrant CS","2023","Unknown","Finance","Department of Health and Social Care","London","15","[c]","[c]","[c]"
"New entrant CS","2023","Unknown","Finance","Department of Health and Social Care","Outside London","10","[c]","[c]","[c]"
"New entrant CS","2023","Unknown","Finance","Food Standards Agency","Outside London","[c]","[c]","[c]","[c]"
"New entrant CS","2023","Unknown","Finance","HM Revenue and Customs","London","[c]","[c]","[c]","[c]"
"New entrant CS","2023","Unknown","Finance","HM Revenue and Customs","Outside London","35","[c]","24830","22520"
"New entrant CS","2023","Unknown","Finance","Home Office","London","[c]","[c]","[c]","[c]"
"New entrant CS","2023","Unknown","Finance","Home Office","Outside London","10","[c]","[c]","[c]"
"New entrant CS","2023","Unknown","Finance","Ministry of Defence","London","5","[c]","[c]","[c]"
"New entrant CS","2023","Unknown","Finance","Ministry of Defence","Outside London","60","[c]","27990","27080"
"New entrant CS","2023","Unknown","Finance","Ministry of Defence","Overseas","[c]","[c]","[c]","[c]"
"New entrant CS","2023","Unknown","Finance","Ministry of Justice","London","5","[c]","[c]","[c]"
"New entrant CS","2023","Unknown","Finance","Ministry of Justice","Outside London","10","[c]","[c]","[c]"
"New entrant CS","2023","Unknown","Finance","National Crime Agency","Outside London","[c]","[c]","[c]","[c]"
"New entrant CS","2023","Unknown","Finance","Northern Ireland Office","Outside London","[c]","[c]","[c]","[c]"
"New entrant CS","2023","Unknown","Finance","Office of the Secretary of State for Scotland","London","[c]","[c]","[c]","[c]"
"New entrant CS","2023","Unknown","Finance","Scottish Government","Outside London","10","[c]","[c]","[c]"
"New entrant CS","2023","Unknown","Grants Management","Department for Environment, Food and Rural Affairs","Outside London","105","[c]","22530","22150"
"New entrant CS","2023","Unknown","Grants Management","Home Office","Outside London","[c]","[c]","[c]","[c]"
"New entrant CS","2023","Unknown","Human Resources","Attorney General's Departments","London","[c]","[c]","[c]","[c]"
"New entrant CS","2023","Unknown","Human Resources","Cabinet Office","Outside London","[c]","[c]","[c]","[c]"
"New entrant CS","2023","Unknown","Human Resources","Cabinet Office","Unknown","[c]","[c]","[c]","[c]"
"New entrant CS","2023","Unknown","Human Resources","Department for Business, Energy and Industrial Strategy","Outside London","[c]","[c]","[c]","[c]"
"New entrant CS","2023","Unknown","Human Resources","Department for Digital, Culture, Media and Sport","London","[c]","[c]","[c]","[c]"
"New entrant CS","2023","Unknown","Human Resources","Department for Digital, Culture, Media and Sport","Outside London","[c]","[c]","[c]","[c]"
"New entrant CS","2023","Unknown","Human Resources","Department for Education","Outside London","[c]","[c]","[c]","[c]"
"New entrant CS","2023","Unknown","Human Resources","Department for Environment, Food and Rural Affairs","London","[c]","[c]","[c]","[c]"
"New entrant CS","2023","Unknown","Human Resources","Department for Environment, Food and Rural Affairs","Outside London","5","[c]","[c]","[c]"
"New entrant CS","2023","Unknown","Human Resources","Department for International Trade","London","[c]","[c]","[c]","[c]"
"New entrant CS","2023","Unknown","Human Resources","Department for International Trade","Outside London","[c]","[c]","[c]","[c]"
"New entrant CS","2023","Unknown","Human Resources","Department for Transport","London","[c]","[c]","[c]","[c]"
"New entrant CS","2023","Unknown","Human Resources","Department for Transport","Outside London","10","[c]","[c]","[c]"
"New entrant CS","2023","Unknown","Human Resources","Department for Work and Pensions","London","[c]","[c]","[c]","[c]"
"New entrant CS","2023","Unknown","Human Resources","Department for Work and Pensions","Outside London","5","[c]","[c]","[c]"
"New entrant CS","2023","Unknown","Human Resources","Department of Health and Social Care","London","10","[c]","[c]","[c]"
"New entrant CS","2023","Unknown","Human Resources","Department of Health and Social Care","Outside London","10","[c]","[c]","[c]"
"New entrant CS","2023","Unknown","Human Resources","HM Land Registry","London","[c]","[c]","[c]","[c]"
"New entrant CS","2023","Unknown","Human Resources","HM Land Registry","Outside London","[c]","[c]","[c]","[c]"
"New entrant CS","2023","Unknown","Human Resources","HM Revenue and Customs","London","[c]","[c]","[c]","[c]"
"New entrant CS","2023","Unknown","Human Resources","HM Revenue and Customs","Outside London","25","[c]","[c]","[c]"
"New entrant CS","2023","Unknown","Human Resources","Home Office","London","10","[c]","[c]","[c]"
"New entrant CS","2023","Unknown","Human Resources","Home Office","Outside London","15","[c]","[c]","[c]"
"New entrant CS","2023","Unknown","Human Resources","Ministry of Defence","London","10","[c]","[c]","[c]"
"New entrant CS","2023","Unknown","Human Resources","Ministry of Defence","Outside London","130","[c]","29120","27110"
"New entrant CS","2023","Unknown","Human Resources","Ministry of Defence","Overseas","20","[c]","[c]","[c]"
"New entrant CS","2023","Unknown","Human Resources","Ministry of Justice","London","10","[c]","[c]","[c]"
"New entrant CS","2023","Unknown","Human Resources","Ministry of Justice","Outside London","20","[c]","[c]","[c]"
"New entrant CS","2023","Unknown","Human Resources","National Crime Agency","London","[c]","[c]","[c]","[c]"
"New entrant CS","2023","Unknown","Human Resources","National Crime Agency","Outside London","[c]","[c]","[c]","[c]"
"New entrant CS","2023","Unknown","Human Resources","Office for Standards in Education, Children's Services and Skills","Outside London","[c]","[c]","[c]","[c]"
"New entrant CS","2023","Unknown","Human Resources","Office of the Secretary of State for Scotland","London","[c]","[c]","[c]","[c]"
"New entrant CS","2023","Unknown","Human Resources","Scottish Government","Outside London","15","[c]","[c]","[c]"
"New entrant CS","2023","Unknown","Human Resources","UK Statistics Authority","Outside London","[c]","[c]","[c]","[c]"
"New entrant CS","2023","Unknown","Internal Audit","Ministry of Defence","London","[c]","[c]","[c]","[c]"
"New entrant CS","2023","Unknown","Internal Audit","Ministry of Defence","Outside London","[c]","[c]","[c]","[c]"
"New entrant CS","2023","Unknown","Internal Audit","Ministry of Defence","Overseas","[c]","[c]","[c]","[c]"
"New entrant CS","2023","Unknown","Legal","Attorney General's Departments","London","20","[c]","[c]","[c]"
"New entrant CS","2023","Unknown","Legal","Attorney General's Departments","Outside London","15","[c]","[c]","[c]"
"New entrant CS","2023","Unknown","Legal","Cabinet Office","London","[c]","[c]","[c]","[c]"
"New entrant CS","2023","Unknown","Legal","Charity Commission","London","[c]","[c]","[c]","[c]"
"New entrant CS","2023","Unknown","Legal","Competition and Markets Authority","Outside London","[c]","[c]","[c]","[c]"
"New entrant CS","2023","Unknown","Legal","Department for Business, Energy and Industrial Strategy","London","[c]","[c]","[c]","[c]"
"New entrant CS","2023","Unknown","Legal","Department for Business, Energy and Industrial Strategy","Outside London","[c]","[c]","[c]","[c]"
"New entrant CS","2023","Unknown","Legal","Department for Education","London","[c]","[c]","[c]","[c]"
"New entrant CS","2023","Unknown","Legal","Department for Work and Pensions","Outside London","[c]","[c]","[c]","[c]"
"New entrant CS","2023","Unknown","Legal","Department of Health and Social Care","Outside London","[c]","[c]","[c]","[c]"
"New entrant CS","2023","Unknown","Legal","Food Standards Agency","London","[c]","[c]","[c]","[c]"
"New entrant CS","2023","Unknown","Legal","Food Standards Agency","Outside London","[c]","[c]","[c]","[c]"
"New entrant CS","2023","Unknown","Legal","HM Land Registry","London","[c]","[c]","[c]","[c]"
"New entrant CS","2023","Unknown","Legal","HM Land Registry","Outside London","10","[c]","[c]","[c]"
"New entrant CS","2023","Unknown","Legal","HM Revenue and Customs","London","10","[c]","[c]","[c]"
"New entrant CS","2023","Unknown","Legal","HM Revenue and Customs","Outside London","30","[c]","[c]","[c]"
"New entrant CS","2023","Unknown","Legal","Ministry of Defence","London","[c]","[c]","[c]","[c]"
"New entrant CS","2023","Unknown","Legal","Ministry of Defence","Overseas","[c]","[c]","[c]","[c]"
"New entrant CS","2023","Unknown","Legal","Ministry of Justice","London","15","[c]","[c]","[c]"
"New entrant CS","2023","Unknown","Legal","Ministry of Justice","Outside London","30","[c]","[c]","[c]"
"New entrant CS","2023","Unknown","Legal","National Crime Agency","London","[c]","[c]","[c]","[c]"
"New entrant CS","2023","Unknown","Legal","Office for Standards in Education, Children's Services and Skills","London","[c]","[c]","[c]","[c]"
"New entrant CS","2023","Unknown","Legal","Office of Gas and Electricity Markets","Outside London","[c]","[c]","[c]","[c]"
"New entrant CS","2023","Unknown","Legal","Scottish Government","Outside London","[c]","[c]","[c]","[c]"
"New entrant CS","2023","Unknown","Legal","Welsh Government","London","[c]","[c]","[c]","[c]"
"New entrant CS","2023","Unknown","No function","Cabinet Office","London","40","[c]","39040","28050"
"New entrant CS","2023","Unknown","No function","Cabinet Office","Outside London","[c]","[c]","[c]","[c]"
"New entrant CS","2023","Unknown","No function","Cabinet Office","Unknown","[c]","[c]","[c]","[c]"
"New entrant CS","2023","Unknown","No function","Chancellor's other departments","London","[c]","[c]","[c]","[c]"
"New entrant CS","2023","Unknown","No function","Charity Commission","London","[c]","[c]","[c]","[c]"
"New entrant CS","2023","Unknown","No function","Charity Commission","Outside London","10","[c]","[c]","[c]"
"New entrant CS","2023","Unknown","No function","Department for Business, Energy and Industrial Strategy","London","50","[c]","44040","34410"
"New entrant CS","2023","Unknown","No function","Department for Business, Energy and Industrial Strategy","Outside London","130","[c]","28690","25310"
"New entrant CS","2023","Unknown","No function","Department for Digital, Culture, Media and Sport","London","25","[c]","[c]","[c]"
"New entrant CS","2023","Unknown","No function","Department for Digital, Culture, Media and Sport","Outside London","[c]","[c]","[c]","[c]"
"New entrant CS","2023","Unknown","No function","Department for Education","London","15","[c]","[c]","[c]"
"New entrant CS","2023","Unknown","No function","Department for Education","Outside London","20","[c]","[c]","[c]"
"New entrant CS","2023","Unknown","No function","Department for Environment, Food and Rural Affairs","London","85","[c]","43520","40260"
"New entrant CS","2023","Unknown","No function","Department for Environment, Food and Rural Affairs","Outside London","125","[c]","28560","25340"
"New entrant CS","2023","Unknown","No function","Department for Environment, Food and Rural Affairs","Unknown","[c]","[c]","[c]","[c]"
"New entrant CS","2023","Unknown","No function","Department for International Trade","London","55","[c]","42590","35010"
"New entrant CS","2023","Unknown","No function","Department for International Trade","Outside London","80","[c]","41330","42170"
"New entrant CS","2023","Unknown","No function","Department for Levelling Up, Housing and Communities","London","25","[c]","[c]","[c]"
"New entrant CS","2023","Unknown","No function","Department for Levelling Up, Housing and Communities","Outside London","50","[c]","32500","26590"
"New entrant CS","2023","Unknown","No function","Department for Transport","London","65","[c]","35480","34390"
"New entrant CS","2023","Unknown","No function","Department for Transport","Outside London","475","[c]","25580","26780"
"New entrant CS","2023","Unknown","No function","Department for Work and Pensions","London","10","[c]","[c]","[c]"
"New entrant CS","2023","Unknown","No function","Department for Work and Pensions","Outside London","255","[c]","25490","21690"
"New entrant CS","2023","Unknown","No function","Department for Work and Pensions","Unknown","10","[c]","[c]","[c]"
"New entrant CS","2023","Unknown","No function","Department of Health and Social Care","London","255","[c]","42400","34190"
"New entrant CS","2023","Unknown","No function","Department of Health and Social Care","Outside London","300","[c]","38350","31920"
"New entrant CS","2023","Unknown","No function","Food Standards Agency","London","10","[c]","[c]","[c]"
"New entrant CS","2023","Unknown","No function","Food Standards Agency","Outside London","60","[c]","30440","30960"
"New entrant CS","2023","Unknown","No function","HM Land Registry","London","10","[c]","[c]","[c]"
"New entrant CS","2023","Unknown","No function","HM Land Registry","Outside London","140","[c]","24570","23390"
"New entrant CS","2023","Unknown","No function","HM Revenue and Customs","London","30","[c]","[c]","[c]"
"New entrant CS","2023","Unknown","No function","HM Revenue and Customs","Outside London","770","[c]","23520","22520"
"New entrant CS","2023","Unknown","No function","Home Office","London","1260","[c]","29950","29750"
"New entrant CS","2023","Unknown","No function","Home Office","Outside London","4400","[c]","24360","22400"
"New entrant CS","2023","Unknown","No function","Home Office","Overseas","[c]","[c]","[c]","[c]"
"New entrant CS","2023","Unknown","No function","Home Office","Unknown","45","[c]","26010","25750"
"New entrant CS","2023","Unknown","No function","Ministry of Defence","London","90","[c]","38650","30950"
"New entrant CS","2023","Unknown","No function","Ministry of Defence","Outside London","775","[c]","29320","22220"
"New entrant CS","2023","Unknown","No function","Ministry of Defence","Overseas","15","[c]","[c]","[c]"
"New entrant CS","2023","Unknown","No function","Ministry of Justice","London","715","[c]","29800","28400"
"New entrant CS","2023","Unknown","No function","Ministry of Justice","Outside London","3850","[c]","25210","23640"
"New entrant CS","2023","Unknown","No function","Ministry of Justice","Unknown","25","[c]","[c]","[c]"
"New entrant CS","2023","Unknown","No function","National Crime Agency","London","5","[c]","[c]","[c]"
"New entrant CS","2023","Unknown","No function","National Crime Agency","Outside London","20","[c]","[c]","[c]"
"New entrant CS","2023","Unknown","No function","Office for Standards in Education, Children's Services and Skills","London","5","[c]","[c]","[c]"
"New entrant CS","2023","Unknown","No function","Office for Standards in Education, Children's Services and Skills","Outside London","25","[c]","[c]","[c]"
"New entrant CS","2023","Unknown","No function","Office of Gas and Electricity Markets","London","[c]","[c]","[c]","[c]"
"New entrant CS","2023","Unknown","No function","Office of Gas and Electricity Markets","Outside London","[c]","[c]","[c]","[c]"
"New entrant CS","2023","Unknown","No function","Office of the Secretary of State for Scotland","London","[c]","[c]","[c]","[c]"
"New entrant CS","2023","Unknown","No function","Office of the Secretary of State for Wales","London","[c]","[c]","[c]","[c]"
"New entrant CS","2023","Unknown","No function","Office of the Secretary of State for Wales","Outside London","[c]","[c]","[c]","[c]"
"New entrant CS","2023","Unknown","No function","Scottish Government","Outside London","435","[c]","25970","24710"
"New entrant CS","2023","Unknown","No function","The National Archives","London","[c]","[c]","[c]","[c]"
"New entrant CS","2023","Unknown","No function","UK Statistics Authority","London","[c]","[c]","[c]","[c]"
"New entrant CS","2023","Unknown","No function","UK Statistics Authority","Outside London","100","[c]","23240","21200"
"New entrant CS","2023","Unknown","Project Delivery","Cabinet Office","London","[c]","[c]","[c]","[c]"
"New entrant CS","2023","Unknown","Project Delivery","Cabinet Office","Outside London","[c]","[c]","[c]","[c]"
"New entrant CS","2023","Unknown","Project Delivery","Department for Business, Energy and Industrial Strategy","London","[c]","[c]","[c]","[c]"
"New entrant CS","2023","Unknown","Project Delivery","Department for Business, Energy and Industrial Strategy","Outside London","20","[c]","[c]","[c]"
"New entrant CS","2023","Unknown","Project Delivery","Department for Digital, Culture, Media and Sport","London","[c]","[c]","[c]","[c]"
"New entrant CS","2023","Unknown","Project Delivery","Department for Digital, Culture, Media and Sport","Outside London","5","[c]","[c]","[c]"
"New entrant CS","2023","Unknown","Project Delivery","Department for Education","London","5","[c]","[c]","[c]"
"New entrant CS","2023","Unknown","Project Delivery","Department for Education","Outside London","5","[c]","[c]","[c]"
"New entrant CS","2023","Unknown","Project Delivery","Department for Environment, Food and Rural Affairs","Outside London","10","[c]","[c]","[c]"
"New entrant CS","2023","Unknown","Project Delivery","Department for International Trade","London","[c]","[c]","[c]","[c]"
"New entrant CS","2023","Unknown","Project Delivery","Department for International Trade","Outside London","[c]","[c]","[c]","[c]"
"New entrant CS","2023","Unknown","Project Delivery","Department for Transport","London","[c]","[c]","[c]","[c]"
"New entrant CS","2023","Unknown","Project Delivery","Department for Transport","Outside London","[c]","[c]","[c]","[c]"
"New entrant CS","2023","Unknown","Project Delivery","Department for Work and Pensions","London","[c]","[c]","[c]","[c]"
"New entrant CS","2023","Unknown","Project Delivery","Department for Work and Pensions","Outside London","5","[c]","[c]","[c]"
"New entrant CS","2023","Unknown","Project Delivery","Food Standards Agency","Outside London","[c]","[c]","[c]","[c]"
"New entrant CS","2023","Unknown","Project Delivery","HM Land Registry","London","[c]","[c]","[c]","[c]"
"New entrant CS","2023","Unknown","Project Delivery","HM Land Registry","Outside London","15","[c]","[c]","[c]"
"New entrant CS","2023","Unknown","Project Delivery","HM Revenue and Customs","London","10","[c]","[c]","[c]"
"New entrant CS","2023","Unknown","Project Delivery","HM Revenue and Customs","Outside London","15","[c]","[c]","[c]"
"New entrant CS","2023","Unknown","Project Delivery","Home Office","London","5","[c]","[c]","[c]"
"New entrant CS","2023","Unknown","Project Delivery","Ministry of Defence","London","10","[c]","[c]","[c]"
"New entrant CS","2023","Unknown","Project Delivery","Ministry of Defence","Outside London","205","[c]","33220","30650"
"New entrant CS","2023","Unknown","Project Delivery","Ministry of Justice","London","5","[c]","[c]","[c]"
"New entrant CS","2023","Unknown","Project Delivery","Ministry of Justice","Outside London","10","[c]","[c]","[c]"
"New entrant CS","2023","Unknown","Project Delivery","National Crime Agency","Outside London","[c]","[c]","[c]","[c]"
"New entrant CS","2023","Unknown","Project Delivery","Scottish Government","Outside London","[c]","[c]","[c]","[c]"
"New entrant CS","2023","Unknown","Project Delivery","UK Statistics Authority","Outside London","[c]","[c]","[c]","[c]"
"New entrant CS","2023","Unknown","Property","Cabinet Office","London","[c]","[c]","[c]","[c]"
"New entrant CS","2023","Unknown","Property","Cabinet Office","Outside London","10","[c]","[c]","[c]"
"New entrant CS","2023","Unknown","Property","Department for Business, Energy and Industrial Strategy","Outside London","5","[c]","[c]","[c]"
"New entrant CS","2023","Unknown","Property","Department for Environment, Food and Rural Affairs","London","[c]","[c]","[c]","[c]"
"New entrant CS","2023","Unknown","Property","Department for Environment, Food and Rural Affairs","Outside London","15","[c]","[c]","[c]"
"New entrant CS","2023","Unknown","Property","Department for Transport","Outside London","[c]","[c]","[c]","[c]"
"New entrant CS","2023","Unknown","Property","Department for Work and Pensions","Outside London","[c]","[c]","[c]","[c]"
"New entrant CS","2023","Unknown","Property","Department of Health and Social Care","Outside London","[c]","[c]","[c]","[c]"
"New entrant CS","2023","Unknown","Property","HM Revenue and Customs","London","20","[c]","[c]","[c]"
"New entrant CS","2023","Unknown","Property","HM Revenue and Customs","Outside London","135","[c]","24790","22520"
"New entrant CS","2023","Unknown","Property","Home Office","London","[c]","[c]","[c]","[c]"
"New entrant CS","2023","Unknown","Property","Home Office","Outside London","[c]","[c]","[c]","[c]"
"New entrant CS","2023","Unknown","Property","Ministry of Defence","London","[c]","[c]","[c]","[c]"
"New entrant CS","2023","Unknown","Property","Ministry of Defence","Outside London","75","[c]","28790","27080"
"New entrant CS","2023","Unknown","Property","Ministry of Defence","Overseas","[c]","[c]","[c]","[c]"
"New entrant CS","2023","Unknown","Property","Ministry of Justice","London","5","[c]","[c]","[c]"
"New entrant CS","2023","Unknown","Property","Ministry of Justice","Outside London","10","[c]","[c]","[c]"
"New entrant CS","2023","Unknown","Property","National Crime Agency","London","[c]","[c]","[c]","[c]"
"New entrant CS","2023","Unknown","Property","Scottish Government","Outside London","30","[c]","28130","24350"
"New entrant CS","2023","Unknown","Security","Cabinet Office","London","5","[c]","[c]","[c]"
"New entrant CS","2023","Unknown","Security","Cabinet Office","Outside London","20","[c]","[c]","[c]"
"New entrant CS","2023","Unknown","Security","Cabinet Office","Unknown","15","[c]","[c]","[c]"
"New entrant CS","2023","Unknown","Security","Department for Transport","London","[c]","[c]","[c]","[c]"
"New entrant CS","2023","Unknown","Security","Department for Transport","Outside London","[c]","[c]","[c]","[c]"
"New entrant CS","2023","Unknown","Security","Department for Work and Pensions","Outside London","[c]","[c]","[c]","[c]"
"New entrant CS","2023","Unknown","Security","Department of Health and Social Care","Outside London","[c]","[c]","[c]","[c]"
"New entrant CS","2023","Unknown","Security","Food Standards Agency","Outside London","[c]","[c]","[c]","[c]"
"New entrant CS","2023","Unknown","Security","HM Revenue and Customs","Outside London","[c]","[c]","[c]","[c]"
"New entrant CS","2023","Unknown","Security","Home Office","London","5","[c]","[c]","[c]"
"New entrant CS","2023","Unknown","Security","Home Office","Outside London","5","[c]","[c]","[c]"
"New entrant CS","2023","Unknown","Security","Ministry of Defence","London","15","[c]","[c]","[c]"
"New entrant CS","2023","Unknown","Security","Ministry of Defence","Outside London","375","[c]","29510","27480"
"New entrant CS","2023","Unknown","Security","Ministry of Defence","Overseas","[c]","[c]","[c]","[c]"
"New entrant CS","2023","Unknown","Security","Ministry of Justice","London","[c]","[c]","[c]","[c]"
"New entrant CS","2023","Unknown","Security","UK Statistics Authority","London","[c]","[c]","[c]","[c]"
"New entrant CS","2023","Unknown","Security","UK Statistics Authority","Outside London","[c]","[c]","[c]","[c]"
"New entrant CS","2023","Unknown","Unknown","Attorney General's Departments","Outside London","[c]","[c]","[c]","[c]"
"New entrant CS","2023","Unknown","Unknown","Cabinet Office","London","10","[c]","[c]","[c]"
"New entrant CS","2023","Unknown","Unknown","Cabinet Office","Unknown","[c]","[c]","[c]","[c]"
"New entrant CS","2023","Unknown","Unknown","Department for Education","London","[c]","[c]","[c]","[c]"
"New entrant CS","2023","Unknown","Unknown","Department for Education","Outside London","5","[c]","[c]","[c]"
"New entrant CS","2023","Unknown","Unknown","Department for Environment, Food and Rural Affairs","Outside London","[c]","[c]","[c]","[c]"
"New entrant CS","2023","Unknown","Unknown","Department for International Trade","London","30","[c]","[c]","[c]"
"New entrant CS","2023","Unknown","Unknown","Department for International Trade","Outside London","[c]","[c]","[c]","[c]"
"New entrant CS","2023","Unknown","Unknown","Department for Work and Pensions","London","10","[c]","[c]","[c]"
"New entrant CS","2023","Unknown","Unknown","Department for Work and Pensions","Outside London","35","[c]","33630","28120"
"New entrant CS","2023","Unknown","Unknown","Department for Work and Pensions","Unknown","[c]","[c]","[c]","[c]"
"New entrant CS","2023","Unknown","Unknown","Ministry of Defence","London","[c]","[c]","[c]","[c]"
"New entrant CS","2023","Unknown","Unknown","Ministry of Defence","Outside London","100","[c]","30670","29940"
"New entrant CS","2023","Unknown","Unknown","Ministry of Defence","Unknown","150","[c]","22470","17530"
"New entrant CS","2023","Unknown","Unknown","Northern Ireland Office","London","[c]","[c]","[c]","[c]"
"New entrant CS","2023","Unknown","Unknown","Office of Gas and Electricity Markets","London","[c]","[c]","[c]","[c]"
"New entrant CS","2023","Unknown","Unknown","Office of the Secretary of State for Scotland","London","[c]","[c]","[c]","[c]"
"New entrant CS","2023","Unknown","Unknown","Office of the Secretary of State for Scotland","Outside London","15","[c]","[c]","[c]"
"New entrant CS","2023","Unknown","Unknown","Scottish Government","London","[c]","[c]","[c]","[c]"
"New entrant CS","2023","Unknown","Unknown","Scottish Government","Outside London","2030","[c]","31140","29100"
"New entrant CS","2023","Unknown","Unknown","Scottish Government","Overseas","5","[c]","[c]","[c]"
"New entrant CS","2023","Unknown","Unknown","Welsh Government","Outside London","30","[c]","[c]","[c]"
"New entrant CS","2023","White","Analysis","Cabinet Office","London","15","[c]","[c]","[c]"
"New entrant CS","2023","White","Analysis","Cabinet Office","Outside London","10","[c]","[c]","[c]"
"New entrant CS","2023","White","Analysis","Cabinet Office","Unknown","[c]","[c]","[c]","[c]"
"New entrant CS","2023","White","Analysis","Chancellor's other departments","London","15","[c]","[c]","[c]"
"New entrant CS","2023","White","Analysis","Chancellor's other departments","Outside London","[c]","[c]","[c]","[c]"
"New entrant CS","2023","White","Analysis","Charity Commission","Outside London","[c]","[c]","[c]","[c]"
"New entrant CS","2023","White","Analysis","Competition and Markets Authority","London","10","[c]","[c]","[c]"
"New entrant CS","2023","White","Analysis","Competition and Markets Authority","Outside London","5","[c]","[c]","[c]"
"New entrant CS","2023","White","Analysis","Department for Business, Energy and Industrial Strategy","London","20","[c]","[c]","[c]"
"New entrant CS","2023","White","Analysis","Department for Business, Energy and Industrial Strategy","Outside London","15","[c]","[c]","[c]"
"New entrant CS","2023","White","Analysis","Department for Digital, Culture, Media and Sport","London","5","[c]","[c]","[c]"
"New entrant CS","2023","White","Analysis","Department for Digital, Culture, Media and Sport","Outside London","[c]","[c]","[c]","[c]"
"New entrant CS","2023","White","Analysis","Department for Education","London","[c]","[c]","[c]","[c]"
"New entrant CS","2023","White","Analysis","Department for Education","Outside London","15","[c]","[c]","[c]"
"New entrant CS","2023","White","Analysis","Department for Environment, Food and Rural Affairs","Outside London","45","[c]","28440","26190"
"New entrant CS","2023","White","Analysis","Department for International Trade","London","25","[c]","[c]","[c]"
"New entrant CS","2023","White","Analysis","Department for International Trade","Outside London","[c]","[c]","[c]","[c]"
"New entrant CS","2023","White","Analysis","Department for Levelling Up, Housing and Communities","London","35","[c]","32310","33880"
"New entrant CS","2023","White","Analysis","Department for Levelling Up, Housing and Communities","Outside London","5","[c]","[c]","[c]"
"New entrant CS","2023","White","Analysis","Department for Transport","London","20","[c]","[c]","[c]"
"New entrant CS","2023","White","Analysis","Department for Transport","Outside London","10","[c]","[c]","[c]"
"New entrant CS","2023","White","Analysis","Department for Work and Pensions","London","20","[c]","[c]","[c]"
"New entrant CS","2023","White","Analysis","Department for Work and Pensions","Outside London","30","[c]","[c]","[c]"
"New entrant CS","2023","White","Analysis","Department for Work and Pensions","Unknown","[c]","[c]","[c]","[c]"
"New entrant CS","2023","White","Analysis","Department of Health and Social Care","London","10","[c]","[c]","[c]"
"New entrant CS","2023","White","Analysis","Department of Health and Social Care","Outside London","[c]","[c]","[c]","[c]"
"New entrant CS","2023","White","Analysis","Estyn","Outside London","[c]","[c]","[c]","[c]"
"New entrant CS","2023","White","Analysis","Food Standards Agency","London","[c]","[c]","[c]","[c]"
"New entrant CS","2023","White","Analysis","Food Standards Agency","Outside London","[c]","[c]","[c]","[c]"
"New entrant CS","2023","White","Analysis","HM Land Registry","London","[c]","[c]","[c]","[c]"
"New entrant CS","2023","White","Analysis","HM Land Registry","Outside London","[c]","[c]","[c]","[c]"
"New entrant CS","2023","White","Analysis","HM Revenue and Customs","London","25","[c]","[c]","[c]"
"New entrant CS","2023","White","Analysis","HM Revenue and Customs","Outside London","35","[c]","31800","34400"
"New entrant CS","2023","White","Analysis","HM Treasury","London","20","[c]","[c]","[c]"
"New entrant CS","2023","White","Analysis","HM Treasury","Outside London","[c]","[c]","[c]","[c]"
"New entrant CS","2023","White","Analysis","Home Office","London","20","[c]","[c]","[c]"
"New entrant CS","2023","White","Analysis","Home Office","Outside London","10","[c]","[c]","[c]"
"New entrant CS","2023","White","Analysis","Ministry of Defence","London","10","[c]","[c]","[c]"
"New entrant CS","2023","White","Analysis","Ministry of Defence","Outside London","140","[c]","31410","29580"
"New entrant CS","2023","White","Analysis","Ministry of Justice","London","30","[c]","38680","35410"
"New entrant CS","2023","White","Analysis","Ministry of Justice","Outside London","50","[c]","34400","31270"
"New entrant CS","2023","White","Analysis","Ministry of Justice","Unknown","[c]","[c]","[c]","[c]"
"New entrant CS","2023","White","Analysis","Office for Standards in Education, Children's Services and Skills","London","[c]","[c]","[c]","[c]"
"New entrant CS","2023","White","Analysis","Office for Standards in Education, Children's Services and Skills","Outside London","20","[c]","[c]","[c]"
"New entrant CS","2023","White","Analysis","Office of Gas and Electricity Markets","London","15","[c]","[c]","[c]"
"New entrant CS","2023","White","Analysis","Office of Gas and Electricity Markets","Outside London","10","[c]","[c]","[c]"
"New entrant CS","2023","White","Analysis","Office of Rail and Road","London","[c]","[c]","[c]","[c]"
"New entrant CS","2023","White","Analysis","Office of Rail and Road","Outside London","[c]","[c]","[c]","[c]"
"New entrant CS","2023","White","Analysis","UK Export Finance","London","[c]","[c]","[c]","[c]"
"New entrant CS","2023","White","Analysis","UK Statistics Authority","London","[c]","[c]","[c]","[c]"
"New entrant CS","2023","White","Analysis","UK Statistics Authority","Outside London","175","[c]","31670","31560"
"New entrant CS","2023","White","Analysis","Water Services Regulation Authority","London","[c]","[c]","[c]","[c]"
"New entrant CS","2023","White","Analysis","Water Services Regulation Authority","Outside London","[c]","[c]","[c]","[c]"
"New entrant CS","2023","White","Commercial","Attorney General's Departments","London","[c]","[c]","[c]","[c]"
"New entrant CS","2023","White","Commercial","Attorney General's Departments","Outside London","[c]","[c]","[c]","[c]"
"New entrant CS","2023","White","Commercial","Cabinet Office","London","30","[c]","58380","34780"
"New entrant CS","2023","White","Commercial","Cabinet Office","Outside London","95","[c]","61720","65500"
"New entrant CS","2023","White","Commercial","Cabinet Office","Unknown","[c]","[c]","[c]","[c]"
"New entrant CS","2023","White","Commercial","Chancellor's other departments","London","[c]","[c]","[c]","[c]"
"New entrant CS","2023","White","Commercial","Chancellor's other departments","Outside London","[c]","[c]","[c]","[c]"
"New entrant CS","2023","White","Commercial","Competition and Markets Authority","Outside London","[c]","[c]","[c]","[c]"
"New entrant CS","2023","White","Commercial","Department for Business, Energy and Industrial Strategy","Outside London","15","[c]","[c]","[c]"
"New entrant CS","2023","White","Commercial","Department for Digital, Culture, Media and Sport","London","[c]","[c]","[c]","[c]"
"New entrant CS","2023","White","Commercial","Department for Digital, Culture, Media and Sport","Outside London","[c]","[c]","[c]","[c]"
"New entrant CS","2023","White","Commercial","Department for Education","London","[c]","[c]","[c]","[c]"
"New entrant CS","2023","White","Commercial","Department for Education","Outside London","10","[c]","[c]","[c]"
"New entrant CS","2023","White","Commercial","Department for Environment, Food and Rural Affairs","London","[c]","[c]","[c]","[c]"
"New entrant CS","2023","White","Commercial","Department for Environment, Food and Rural Affairs","Outside London","35","[c]","34480","32160"
"New entrant CS","2023","White","Commercial","Department for International Trade","London","5","[c]","[c]","[c]"
"New entrant CS","2023","White","Commercial","Department for International Trade","Outside London","[c]","[c]","[c]","[c]"
"New entrant CS","2023","White","Commercial","Department for Levelling Up, Housing and Communities","London","[c]","[c]","[c]","[c]"
"New entrant CS","2023","White","Commercial","Department for Levelling Up, Housing and Communities","Outside London","[c]","[c]","[c]","[c]"
"New entrant CS","2023","White","Commercial","Department for Transport","London","[c]","[c]","[c]","[c]"
"New entrant CS","2023","White","Commercial","Department for Transport","Outside London","10","[c]","[c]","[c]"
"New entrant CS","2023","White","Commercial","Department for Work and Pensions","Outside London","5","[c]","[c]","[c]"
"New entrant CS","2023","White","Commercial","Department of Health and Social Care","London","[c]","[c]","[c]","[c]"
"New entrant CS","2023","White","Commercial","Department of Health and Social Care","Outside London","15","[c]","[c]","[c]"
"New entrant CS","2023","White","Commercial","Food Standards Agency","London","[c]","[c]","[c]","[c]"
"New entrant CS","2023","White","Commercial","HM Revenue and Customs","Outside London","[c]","[c]","[c]","[c]"
"New entrant CS","2023","White","Commercial","Home Office","London","[c]","[c]","[c]","[c]"
"New entrant CS","2023","White","Commercial","Home Office","Outside London","[c]","[c]","[c]","[c]"
"New entrant CS","2023","White","Commercial","Ministry of Defence","London","[c]","[c]","[c]","[c]"
"New entrant CS","2023","White","Commercial","Ministry of Defence","Outside London","170","[c]","31040","31530"
"New entrant CS","2023","White","Commercial","Ministry of Justice","London","[c]","[c]","[c]","[c]"
"New entrant CS","2023","White","Commercial","Ministry of Justice","Outside London","10","[c]","[c]","[c]"
"New entrant CS","2023","White","Commercial","National Crime Agency","London","[c]","[c]","[c]","[c]"
"New entrant CS","2023","White","Commercial","National Crime Agency","Outside London","5","[c]","[c]","[c]"
"New entrant CS","2023","White","Commercial","Office for Standards in Education, Children's Services and Skills","Outside London","[c]","[c]","[c]","[c]"
"New entrant CS","2023","White","Commercial","Office of Rail and Road","London","[c]","[c]","[c]","[c]"
"New entrant CS","2023","White","Commercial","Scottish Government","Outside London","[c]","[c]","[c]","[c]"
"New entrant CS","2023","White","Commercial","The National Archives","London","[c]","[c]","[c]","[c]"
"New entrant CS","2023","White","Commercial","UK Export Finance","London","15","[c]","[c]","[c]"
"New entrant CS","2023","White","Commercial","Water Services Regulation Authority","Outside London","[c]","[c]","[c]","[c]"
"New entrant CS","2023","White","Communications","Attorney General's Departments","London","5","[c]","[c]","[c]"
"New entrant CS","2023","White","Communications","Attorney General's Departments","Outside London","[c]","[c]","[c]","[c]"
"New entrant CS","2023","White","Communications","Cabinet Office","London","[c]","[c]","[c]","[c]"
"New entrant CS","2023","White","Communications","Cabinet Office","Outside London","5","[c]","[c]","[c]"
"New entrant CS","2023","White","Communications","Chancellor's other departments","London","[c]","[c]","[c]","[c]"
"New entrant CS","2023","White","Communications","Chancellor's other departments","Outside London","[c]","[c]","[c]","[c]"
"New entrant CS","2023","White","Communications","Charity Commission","London","[c]","[c]","[c]","[c]"
"New entrant CS","2023","White","Communications","Charity Commission","Outside London","5","[c]","[c]","[c]"
"New entrant CS","2023","White","Communications","Competition and Markets Authority","London","[c]","[c]","[c]","[c]"
"New entrant CS","2023","White","Communications","Competition and Markets Authority","Outside London","[c]","[c]","[c]","[c]"
"New entrant CS","2023","White","Communications","Department for Business, Energy and Industrial Strategy","London","[c]","[c]","[c]","[c]"
"New entrant CS","2023","White","Communications","Department for Business, Energy and Industrial Strategy","Outside London","15","[c]","[c]","[c]"
"New entrant CS","2023","White","Communications","Department for Digital, Culture, Media and Sport","London","5","[c]","[c]","[c]"
"New entrant CS","2023","White","Communications","Department for Digital, Culture, Media and Sport","Outside London","[c]","[c]","[c]","[c]"
"New entrant CS","2023","White","Communications","Department for Education","London","25","[c]","[c]","[c]"
"New entrant CS","2023","White","Communications","Department for Education","Outside London","10","[c]","[c]","[c]"
"New entrant CS","2023","White","Communications","Department for Environment, Food and Rural Affairs","London","10","[c]","[c]","[c]"
"New entrant CS","2023","White","Communications","Department for Environment, Food and Rural Affairs","Outside London","20","[c]","[c]","[c]"
"New entrant CS","2023","White","Communications","Department for International Trade","London","5","[c]","[c]","[c]"
"New entrant CS","2023","White","Communications","Department for International Trade","Outside London","[c]","[c]","[c]","[c]"
"New entrant CS","2023","White","Communications","Department for Levelling Up, Housing and Communities","London","[c]","[c]","[c]","[c]"
"New entrant CS","2023","White","Communications","Department for Transport","London","[c]","[c]","[c]","[c]"
"New entrant CS","2023","White","Communications","Department for Transport","Outside London","10","[c]","[c]","[c]"
"New entrant CS","2023","White","Communications","Department for Work and Pensions","London","[c]","[c]","[c]","[c]"
"New entrant CS","2023","White","Communications","Department for Work and Pensions","Outside London","10","[c]","[c]","[c]"
"New entrant CS","2023","White","Communications","Department for Work and Pensions","Unknown","[c]","[c]","[c]","[c]"
"New entrant CS","2023","White","Communications","Department of Health and Social Care","London","25","[c]","[c]","[c]"
"New entrant CS","2023","White","Communications","Department of Health and Social Care","Outside London","[c]","[c]","[c]","[c]"
"New entrant CS","2023","White","Communications","Estyn","Outside London","5","[c]","[c]","[c]"
"New entrant CS","2023","White","Communications","Food Standards Agency","London","[c]","[c]","[c]","[c]"
"New entrant CS","2023","White","Communications","Food Standards Agency","Outside London","[c]","[c]","[c]","[c]"
"New entrant CS","2023","White","Communications","Foreign, Commonwealth and Development Office","Outside London","[c]","[c]","[c]","[c]"
"New entrant CS","2023","White","Communications","HM Land Registry","Outside London","[c]","[c]","[c]","[c]"
"New entrant CS","2023","White","Communications","HM Revenue and Customs","London","[c]","[c]","[c]","[c]"
"New entrant CS","2023","White","Communications","HM Revenue and Customs","Outside London","10","[c]","[c]","[c]"
"New entrant CS","2023","White","Communications","HM Treasury","London","5","[c]","[c]","[c]"
"New entrant CS","2023","White","Communications","HM Treasury","Outside London","[c]","[c]","[c]","[c]"
"New entrant CS","2023","White","Communications","Home Office","London","[c]","[c]","[c]","[c]"
"New entrant CS","2023","White","Communications","Home Office","Outside London","[c]","[c]","[c]","[c]"
"New entrant CS","2023","White","Communications","Ministry of Defence","London","5","[c]","[c]","[c]"
"New entrant CS","2023","White","Communications","Ministry of Defence","Outside London","25","[c]","[c]","[c]"
"New entrant CS","2023","White","Communications","Ministry of Justice","London","10","[c]","[c]","[c]"
"New entrant CS","2023","White","Communications","Ministry of Justice","Outside London","10","[c]","[c]","[c]"
"New entrant CS","2023","White","Communications","National Crime Agency","London","5","[c]","[c]","[c]"
"New entrant CS","2023","White","Communications","Northern Ireland Office","Outside London","[c]","[c]","[c]","[c]"
"New entrant CS","2023","White","Communications","Office for Standards in Education, Children's Services and Skills","London","5","[c]","[c]","[c]"
"New entrant CS","2023","White","Communications","Office for Standards in Education, Children's Services and Skills","Outside London","[c]","[c]","[c]","[c]"
"New entrant CS","2023","White","Communications","Office of Gas and Electricity Markets","London","10","[c]","[c]","[c]"
"New entrant CS","2023","White","Communications","Office of Gas and Electricity Markets","Outside London","10","[c]","[c]","[c]"
"New entrant CS","2023","White","Communications","Office of Qualifications and Examinations Regulation","Outside London","[c]","[c]","[c]","[c]"
"New entrant CS","2023","White","Communications","Office of Rail and Road","London","[c]","[c]","[c]","[c]"
"New entrant CS","2023","White","Communications","Office of Rail and Road","Outside London","[c]","[c]","[c]","[c]"
"New entrant CS","2023","White","Communications","Office of the Secretary of State for Scotland","London","[c]","[c]","[c]","[c]"
"New entrant CS","2023","White","Communications","Office of the Secretary of State for Scotland","Outside London","[c]","[c]","[c]","[c]"
"New entrant CS","2023","White","Communications","Office of the Secretary of State for Wales","Outside London","[c]","[c]","[c]","[c]"
"New entrant CS","2023","White","Communications","Scottish Government","Outside London","5","[c]","[c]","[c]"
"New entrant CS","2023","White","Communications","The National Archives","London","[c]","[c]","[c]","[c]"
"New entrant CS","2023","White","Communications","UK Export Finance","London","15","[c]","[c]","[c]"
"New entrant CS","2023","White","Communications","UK Statistics Authority","London","[c]","[c]","[c]","[c]"
"New entrant CS","2023","White","Communications","UK Statistics Authority","Outside London","10","[c]","[c]","[c]"
"New entrant CS","2023","White","Communications","UK Supreme Court","London","[c]","[c]","[c]","[c]"
"New entrant CS","2023","White","Communications","Water Services Regulation Authority","London","[c]","[c]","[c]","[c]"
"New entrant CS","2023","White","Counter Fraud","Attorney General's Departments","London","20","[c]","[c]","[c]"
"New entrant CS","2023","White","Counter Fraud","Cabinet Office","London","[c]","[c]","[c]","[c]"
"New entrant CS","2023","White","Counter Fraud","Cabinet Office","Outside London","5","[c]","[c]","[c]"
"New entrant CS","2023","White","Counter Fraud","Cabinet Office","Unknown","[c]","[c]","[c]","[c]"
"New entrant CS","2023","White","Counter Fraud","Department for Business, Energy and Industrial Strategy","Outside London","40","[c]","24770","22330"
"New entrant CS","2023","White","Counter Fraud","Department for Digital, Culture, Media and Sport","London","[c]","[c]","[c]","[c]"
"New entrant CS","2023","White","Counter Fraud","Department for Digital, Culture, Media and Sport","Outside London","[c]","[c]","[c]","[c]"
"New entrant CS","2023","White","Counter Fraud","Department for Transport","London","[c]","[c]","[c]","[c]"
"New entrant CS","2023","White","Counter Fraud","Department for Transport","Outside London","[c]","[c]","[c]","[c]"
"New entrant CS","2023","White","Counter Fraud","Department for Work and Pensions","London","10","[c]","[c]","[c]"
"New entrant CS","2023","White","Counter Fraud","Department for Work and Pensions","Outside London","190","[c]","26520","25610"
"New entrant CS","2023","White","Counter Fraud","Food Standards Agency","Outside London","[c]","[c]","[c]","[c]"
"New entrant CS","2023","White","Counter Fraud","HM Revenue and Customs","London","25","[c]","[c]","[c]"
"New entrant CS","2023","White","Counter Fraud","HM Revenue and Customs","Outside London","125","[c]","30030","27890"
"New entrant CS","2023","White","Counter Fraud","Ministry of Defence","Outside London","[c]","[c]","[c]","[c]"
"New entrant CS","2023","White","Debt","Department for Work and Pensions","Outside London","200","[c]","21790","21690"
"New entrant CS","2023","White","Debt","Department for Work and Pensions","Unknown","[c]","[c]","[c]","[c]"
"New entrant CS","2023","White","Debt","HM Revenue and Customs","London","15","[c]","[c]","[c]"
"New entrant CS","2023","White","Debt","HM Revenue and Customs","Outside London","430","[c]","22700","22520"
"New entrant CS","2023","White","Digital, Data & Technology","Attorney General's Departments","London","15","[c]","[c]","[c]"
"New entrant CS","2023","White","Digital, Data & Technology","Attorney General's Departments","Outside London","15","[c]","[c]","[c]"
"New entrant CS","2023","White","Digital, Data & Technology","Cabinet Office","London","40","[c]","43070","35650"
"New entrant CS","2023","White","Digital, Data & Technology","Cabinet Office","Outside London","45","[c]","39820","38050"
"New entrant CS","2023","White","Digital, Data & Technology","Cabinet Office","Unknown","[c]","[c]","[c]","[c]"
"New entrant CS","2023","White","Digital, Data & Technology","Chancellor's other departments","London","[c]","[c]","[c]","[c]"
"New entrant CS","2023","White","Digital, Data & Technology","Charity Commission","Outside London","5","[c]","[c]","[c]"
"New entrant CS","2023","White","Digital, Data & Technology","Competition and Markets Authority","London","10","[c]","[c]","[c]"
"New entrant CS","2023","White","Digital, Data & Technology","Competition and Markets Authority","Outside London","[c]","[c]","[c]","[c]"
"New entrant CS","2023","White","Digital, Data & Technology","Department for Business, Energy and Industrial Strategy","London","[c]","[c]","[c]","[c]"
"New entrant CS","2023","White","Digital, Data & Technology","Department for Business, Energy and Industrial Strategy","Outside London","155","[c]","30830","26650"
"New entrant CS","2023","White","Digital, Data & Technology","Department for Business, Energy and Industrial Strategy","Overseas","[c]","[c]","[c]","[c]"
"New entrant CS","2023","White","Digital, Data & Technology","Department for Digital, Culture, Media and Sport","London","5","[c]","[c]","[c]"
"New entrant CS","2023","White","Digital, Data & Technology","Department for Digital, Culture, Media and Sport","Outside London","[c]","[c]","[c]","[c]"
"New entrant CS","2023","White","Digital, Data & Technology","Department for Education","London","[c]","[c]","[c]","[c]"
"New entrant CS","2023","White","Digital, Data & Technology","Department for Education","Outside London","50","[c]","36480","30330"
"New entrant CS","2023","White","Digital, Data & Technology","Department for Environment, Food and Rural Affairs","London","15","[c]","[c]","[c]"
"New entrant CS","2023","White","Digital, Data & Technology","Department for Environment, Food and Rural Affairs","Outside London","95","[c]","41400","37300"
"New entrant CS","2023","White","Digital, Data & Technology","Department for International Trade","London","10","[c]","[c]","[c]"
"New entrant CS","2023","White","Digital, Data & Technology","Department for International Trade","Outside London","20","[c]","[c]","[c]"
"New entrant CS","2023","White","Digital, Data & Technology","Department for Levelling Up, Housing and Communities","London","5","[c]","[c]","[c]"
"New entrant CS","2023","White","Digital, Data & Technology","Department for Levelling Up, Housing and Communities","Outside London","10","[c]","[c]","[c]"
"New entrant CS","2023","White","Digital, Data & Technology","Department for Transport","London","[c]","[c]","[c]","[c]"
"New entrant CS","2023","White","Digital, Data & Technology","Department for Transport","Outside London","35","[c]","37480","31510"
"New entrant CS","2023","White","Digital, Data & Technology","Department for Work and Pensions","London","5","[c]","[c]","[c]"
"New entrant CS","2023","White","Digital, Data & Technology","Department for Work and Pensions","Outside London","260","[c]","41440","38470"
"New entrant CS","2023","White","Digital, Data & Technology","Department for Work and Pensions","Unknown","[c]","[c]","[c]","[c]"
"New entrant CS","2023","White","Digital, Data & Technology","Department of Health and Social Care","London","15","[c]","[c]","[c]"
"New entrant CS","2023","White","Digital, Data & Technology","Department of Health and Social Care","Outside London","25","[c]","[c]","[c]"
"New entrant CS","2023","White","Digital, Data & Technology","Food Standards Agency","London","[c]","[c]","[c]","[c]"
"New entrant CS","2023","White","Digital, Data & Technology","Food Standards Agency","Outside London","[c]","[c]","[c]","[c]"
"New entrant CS","2023","White","Digital, Data & Technology","HM Land Registry","London","[c]","[c]","[c]","[c]"
"New entrant CS","2023","White","Digital, Data & Technology","HM Land Registry","Outside London","10","[c]","[c]","[c]"
"New entrant CS","2023","White","Digital, Data & Technology","HM Revenue and Customs","London","15","[c]","[c]","[c]"
"New entrant CS","2023","White","Digital, Data & Technology","HM Revenue and Customs","Outside London","275","[c]","40770","41780"
"New entrant CS","2023","White","Digital, Data & Technology","HM Treasury","London","[c]","[c]","[c]","[c]"
"New entrant CS","2023","White","Digital, Data & Technology","HM Treasury","Outside London","[c]","[c]","[c]","[c]"
"New entrant CS","2023","White","Digital, Data & Technology","Home Office","London","10","[c]","[c]","[c]"
"New entrant CS","2023","White","Digital, Data & Technology","Home Office","Outside London","20","[c]","[c]","[c]"
"New entrant CS","2023","White","Digital, Data & Technology","Ministry of Defence","London","10","[c]","[c]","[c]"
"New entrant CS","2023","White","Digital, Data & Technology","Ministry of Defence","Outside London","165","[c]","32480","27950"
"New entrant CS","2023","White","Digital, Data & Technology","Ministry of Defence","Overseas","[c]","[c]","[c]","[c]"
"New entrant CS","2023","White","Digital, Data & Technology","Ministry of Justice","London","20","[c]","[c]","[c]"
"New entrant CS","2023","White","Digital, Data & Technology","Ministry of Justice","Outside London","50","[c]","40080","37680"
"New entrant CS","2023","White","Digital, Data & Technology","National Crime Agency","London","[c]","[c]","[c]","[c]"
"New entrant CS","2023","White","Digital, Data & Technology","National Crime Agency","Outside London","15","[c]","[c]","[c]"
"New entrant CS","2023","White","Digital, Data & Technology","Office for Standards in Education, Children's Services and Skills","London","[c]","[c]","[c]","[c]"
"New entrant CS","2023","White","Digital, Data & Technology","Office for Standards in Education, Children's Services and Skills","Outside London","10","[c]","[c]","[c]"
"New entrant CS","2023","White","Digital, Data & Technology","Office of Gas and Electricity Markets","London","15","[c]","[c]","[c]"
"New entrant CS","2023","White","Digital, Data & Technology","Office of Gas and Electricity Markets","Outside London","15","[c]","[c]","[c]"
"New entrant CS","2023","White","Digital, Data & Technology","Office of Qualifications and Examinations Regulation","Outside London","[c]","[c]","[c]","[c]"
"New entrant CS","2023","White","Digital, Data & Technology","Office of Rail and Road","London","[c]","[c]","[c]","[c]"
"New entrant CS","2023","White","Digital, Data & Technology","Office of Rail and Road","Outside London","[c]","[c]","[c]","[c]"
"New entrant CS","2023","White","Digital, Data & Technology","Scottish Government","Outside London","5","[c]","[c]","[c]"
"New entrant CS","2023","White","Digital, Data & Technology","The National Archives","London","20","[c]","[c]","[c]"
"New entrant CS","2023","White","Digital, Data & Technology","UK Export Finance","London","5","[c]","[c]","[c]"
"New entrant CS","2023","White","Digital, Data & Technology","UK Statistics Authority","London","10","[c]","[c]","[c]"
"New entrant CS","2023","White","Digital, Data & Technology","UK Statistics Authority","Outside London","110","[c]","35480","33930"
"New entrant CS","2023","White","Digital, Data & Technology","UK Supreme Court","London","[c]","[c]","[c]","[c]"
"New entrant CS","2023","White","Digital, Data & Technology","Water Services Regulation Authority","London","[c]","[c]","[c]","[c]"
"New entrant CS","2023","White","Digital, Data & Technology","Water Services Regulation Authority","Outside London","[c]","[c]","[c]","[c]"
"New entrant CS","2023","White","Finance","Attorney General's Departments","London","5","[c]","[c]","[c]"
"New entrant CS","2023","White","Finance","Attorney General's Departments","Outside London","[c]","[c]","[c]","[c]"
"New entrant CS","2023","White","Finance","Cabinet Office","London","15","[c]","[c]","[c]"
"New entrant CS","2023","White","Finance","Cabinet Office","Outside London","10","[c]","[c]","[c]"
"New entrant CS","2023","White","Finance","Chancellor's other departments","London","[c]","[c]","[c]","[c]"
"New entrant CS","2023","White","Finance","Charity Commission","Outside London","[c]","[c]","[c]","[c]"
"New entrant CS","2023","White","Finance","Competition and Markets Authority","London","[c]","[c]","[c]","[c]"
"New entrant CS","2023","White","Finance","Competition and Markets Authority","Outside London","[c]","[c]","[c]","[c]"
"New entrant CS","2023","White","Finance","Department for Business, Energy and Industrial Strategy","London","[c]","[c]","[c]","[c]"
"New entrant CS","2023","White","Finance","Department for Business, Energy and Industrial Strategy","Outside London","25","[c]","[c]","[c]"
"New entrant CS","2023","White","Finance","Department for Digital, Culture, Media and Sport","London","[c]","[c]","[c]","[c]"
"New entrant CS","2023","White","Finance","Department for Digital, Culture, Media and Sport","Outside London","[c]","[c]","[c]","[c]"
"New entrant CS","2023","White","Finance","Department for Education","London","[c]","[c]","[c]","[c]"
"New entrant CS","2023","White","Finance","Department for Education","Outside London","10","[c]","[c]","[c]"
"New entrant CS","2023","White","Finance","Department for Environment, Food and Rural Affairs","London","[c]","[c]","[c]","[c]"
"New entrant CS","2023","White","Finance","Department for Environment, Food and Rural Affairs","Outside London","15","[c]","[c]","[c]"
"New entrant CS","2023","White","Finance","Department for International Trade","London","[c]","[c]","[c]","[c]"
"New entrant CS","2023","White","Finance","Department for International Trade","Outside London","[c]","[c]","[c]","[c]"
"New entrant CS","2023","White","Finance","Department for Levelling Up, Housing and Communities","London","[c]","[c]","[c]","[c]"
"New entrant CS","2023","White","Finance","Department for Levelling Up, Housing and Communities","Outside London","[c]","[c]","[c]","[c]"
"New entrant CS","2023","White","Finance","Department for Transport","London","[c]","[c]","[c]","[c]"
"New entrant CS","2023","White","Finance","Department for Transport","Outside London","10","[c]","[c]","[c]"
"New entrant CS","2023","White","Finance","Department for Work and Pensions","London","10","[c]","[c]","[c]"
"New entrant CS","2023","White","Finance","Department for Work and Pensions","Outside London","50","[c]","33760","34170"
"New entrant CS","2023","White","Finance","Department for Work and Pensions","Unknown","[c]","[c]","[c]","[c]"
"New entrant CS","2023","White","Finance","Department of Health and Social Care","London","[c]","[c]","[c]","[c]"
"New entrant CS","2023","White","Finance","Department of Health and Social Care","Outside London","5","[c]","[c]","[c]"
"New entrant CS","2023","White","Finance","Estyn","Outside London","[c]","[c]","[c]","[c]"
"New entrant CS","2023","White","Finance","Food Standards Agency","Outside London","[c]","[c]","[c]","[c]"
"New entrant CS","2023","White","Finance","HM Land Registry","Outside London","[c]","[c]","[c]","[c]"
"New entrant CS","2023","White","Finance","HM Revenue and Customs","London","[c]","[c]","[c]","[c]"
"New entrant CS","2023","White","Finance","HM Revenue and Customs","Outside London","80","[c]","28640","22520"
"New entrant CS","2023","White","Finance","HM Treasury","London","[c]","[c]","[c]","[c]"
"New entrant CS","2023","White","Finance","HM Treasury","Outside London","[c]","[c]","[c]","[c]"
"New entrant CS","2023","White","Finance","Home Office","London","[c]","[c]","[c]","[c]"
"New entrant CS","2023","White","Finance","Home Office","Outside London","[c]","[c]","[c]","[c]"
"New entrant CS","2023","White","Finance","Ministry of Defence","London","5","[c]","[c]","[c]"
"New entrant CS","2023","White","Finance","Ministry of Defence","Outside London","90","[c]","30180","27080"
"New entrant CS","2023","White","Finance","Ministry of Defence","Overseas","[c]","[c]","[c]","[c]"
"New entrant CS","2023","White","Finance","Ministry of Justice","London","5","[c]","[c]","[c]"
"New entrant CS","2023","White","Finance","Ministry of Justice","Outside London","15","[c]","[c]","[c]"
"New entrant CS","2023","White","Finance","Ministry of Justice","Unknown","[c]","[c]","[c]","[c]"
"New entrant CS","2023","White","Finance","National Crime Agency","London","[c]","[c]","[c]","[c]"
"New entrant CS","2023","White","Finance","National Crime Agency","Outside London","10","[c]","[c]","[c]"
"New entrant CS","2023","White","Finance","Northern Ireland Office","Outside London","[c]","[c]","[c]","[c]"
"New entrant CS","2023","White","Finance","Office for Standards in Education, Children's Services and Skills","Outside London","[c]","[c]","[c]","[c]"
"New entrant CS","2023","White","Finance","Office of Gas and Electricity Markets","London","[c]","[c]","[c]","[c]"
"New entrant CS","2023","White","Finance","Office of Gas and Electricity Markets","Outside London","5","[c]","[c]","[c]"
"New entrant CS","2023","White","Finance","Office of Qualifications and Examinations Regulation","Outside London","[c]","[c]","[c]","[c]"
"New entrant CS","2023","White","Finance","Office of Rail and Road","London","[c]","[c]","[c]","[c]"
"New entrant CS","2023","White","Finance","Office of Rail and Road","Outside London","[c]","[c]","[c]","[c]"
"New entrant CS","2023","White","Finance","Office of the Secretary of State for Scotland","London","[c]","[c]","[c]","[c]"
"New entrant CS","2023","White","Finance","Scottish Government","Outside London","10","[c]","[c]","[c]"
"New entrant CS","2023","White","Finance","UK Export Finance","London","5","[c]","[c]","[c]"
"New entrant CS","2023","White","Finance","UK Statistics Authority","Outside London","5","[c]","[c]","[c]"
"New entrant CS","2023","White","Finance","Water Services Regulation Authority","London","[c]","[c]","[c]","[c]"
"New entrant CS","2023","White","Finance","Water Services Regulation Authority","Outside London","[c]","[c]","[c]","[c]"
"New entrant CS","2023","White","Grants Management","Department for Environment, Food and Rural Affairs","London","[c]","[c]","[c]","[c]"
"New entrant CS","2023","White","Grants Management","Department for Environment, Food and Rural Affairs","Outside London","250","[c]","22960","22150"
"New entrant CS","2023","White","Grants Management","Department of Health and Social Care","London","[c]","[c]","[c]","[c]"
"New entrant CS","2023","White","Grants Management","Home Office","Outside London","[c]","[c]","[c]","[c]"
"New entrant CS","2023","White","Grants Management","The National Archives","London","[c]","[c]","[c]","[c]"
"New entrant CS","2023","White","Human Resources","Attorney General's Departments","London","[c]","[c]","[c]","[c]"
"New entrant CS","2023","White","Human Resources","Attorney General's Departments","Outside London","[c]","[c]","[c]","[c]"
"New entrant CS","2023","White","Human Resources","Cabinet Office","London","5","[c]","[c]","[c]"
"New entrant CS","2023","White","Human Resources","Cabinet Office","Outside London","15","[c]","[c]","[c]"
"New entrant CS","2023","White","Human Resources","Cabinet Office","Unknown","[c]","[c]","[c]","[c]"
"New entrant CS","2023","White","Human Resources","Chancellor's other departments","London","[c]","[c]","[c]","[c]"
"New entrant CS","2023","White","Human Resources","Charity Commission","Outside London","5","[c]","[c]","[c]"
"New entrant CS","2023","White","Human Resources","Competition and Markets Authority","London","[c]","[c]","[c]","[c]"
"New entrant CS","2023","White","Human Resources","Competition and Markets Authority","Outside London","[c]","[c]","[c]","[c]"
"New entrant CS","2023","White","Human Resources","Department for Business, Energy and Industrial Strategy","London","[c]","[c]","[c]","[c]"
"New entrant CS","2023","White","Human Resources","Department for Business, Energy and Industrial Strategy","Outside London","25","[c]","[c]","[c]"
"New entrant CS","2023","White","Human Resources","Department for Digital, Culture, Media and Sport","London","[c]","[c]","[c]","[c]"
"New entrant CS","2023","White","Human Resources","Department for Digital, Culture, Media and Sport","Outside London","[c]","[c]","[c]","[c]"
"New entrant CS","2023","White","Human Resources","Department for Education","London","[c]","[c]","[c]","[c]"
"New entrant CS","2023","White","Human Resources","Department for Education","Outside London","10","[c]","[c]","[c]"
"New entrant CS","2023","White","Human Resources","Department for Environment, Food and Rural Affairs","London","[c]","[c]","[c]","[c]"
"New entrant CS","2023","White","Human Resources","Department for Environment, Food and Rural Affairs","Outside London","30","[c]","[c]","[c]"
"New entrant CS","2023","White","Human Resources","Department for International Trade","London","[c]","[c]","[c]","[c]"
"New entrant CS","2023","White","Human Resources","Department for International Trade","Outside London","5","[c]","[c]","[c]"
"New entrant CS","2023","White","Human Resources","Department for Levelling Up, Housing and Communities","London","[c]","[c]","[c]","[c]"
"New entrant CS","2023","White","Human Resources","Department for Levelling Up, Housing and Communities","Outside London","5","[c]","[c]","[c]"
"New entrant CS","2023","White","Human Resources","Department for Transport","London","[c]","[c]","[c]","[c]"
"New entrant CS","2023","White","Human Resources","Department for Transport","Outside London","20","[c]","[c]","[c]"
"New entrant CS","2023","White","Human Resources","Department for Work and Pensions","London","[c]","[c]","[c]","[c]"
"New entrant CS","2023","White","Human Resources","Department for Work and Pensions","Outside London","35","[c]","38730","34170"
"New entrant CS","2023","White","Human Resources","Department for Work and Pensions","Unknown","[c]","[c]","[c]","[c]"
"New entrant CS","2023","White","Human Resources","Department of Health and Social Care","London","10","[c]","[c]","[c]"
"New entrant CS","2023","White","Human Resources","Department of Health and Social Care","Outside London","10","[c]","[c]","[c]"
"New entrant CS","2023","White","Human Resources","Food Standards Agency","Outside London","[c]","[c]","[c]","[c]"
"New entrant CS","2023","White","Human Resources","HM Land Registry","London","[c]","[c]","[c]","[c]"
"New entrant CS","2023","White","Human Resources","HM Land Registry","Outside London","[c]","[c]","[c]","[c]"
"New entrant CS","2023","White","Human Resources","HM Revenue and Customs","London","[c]","[c]","[c]","[c]"
"New entrant CS","2023","White","Human Resources","HM Revenue and Customs","Outside London","65","[c]","33050","27890"
"New entrant CS","2023","White","Human Resources","HM Treasury","London","[c]","[c]","[c]","[c]"
"New entrant CS","2023","White","Human Resources","HM Treasury","Outside London","10","[c]","[c]","[c]"
"New entrant CS","2023","White","Human Resources","Home Office","London","[c]","[c]","[c]","[c]"
"New entrant CS","2023","White","Human Resources","Home Office","Outside London","[c]","[c]","[c]","[c]"
"New entrant CS","2023","White","Human Resources","Ministry of Defence","London","10","[c]","[c]","[c]"
"New entrant CS","2023","White","Human Resources","Ministry of Defence","Outside London","210","[c]","30110","27140"
"New entrant CS","2023","White","Human Resources","Ministry of Defence","Overseas","[c]","[c]","[c]","[c]"
"New entrant CS","2023","White","Human Resources","Ministry of Defence","Unknown","[c]","[c]","[c]","[c]"
"New entrant CS","2023","White","Human Resources","Ministry of Justice","London","5","[c]","[c]","[c]"
"New entrant CS","2023","White","Human Resources","Ministry of Justice","Outside London","40","[c]","31180","31270"
"New entrant CS","2023","White","Human Resources","National Crime Agency","London","[c]","[c]","[c]","[c]"
"New entrant CS","2023","White","Human Resources","National Crime Agency","Outside London","20","[c]","[c]","[c]"
"New entrant CS","2023","White","Human Resources","Office for Standards in Education, Children's Services and Skills","Outside London","15","[c]","[c]","[c]"
"New entrant CS","2023","White","Human Resources","Office of Gas and Electricity Markets","London","[c]","[c]","[c]","[c]"
"New entrant CS","2023","White","Human Resources","Office of Gas and Electricity Markets","Outside London","10","[c]","[c]","[c]"
"New entrant CS","2023","White","Human Resources","Office of Qualifications and Examinations Regulation","Outside London","[c]","[c]","[c]","[c]"
"New entrant CS","2023","White","Human Resources","Office of Rail and Road","Outside London","[c]","[c]","[c]","[c]"
"New entrant CS","2023","White","Human Resources","Office of the Secretary of State for Scotland","London","[c]","[c]","[c]","[c]"
"New entrant CS","2023","White","Human Resources","Office of the Secretary of State for Wales","Outside London","[c]","[c]","[c]","[c]"
"New entrant CS","2023","White","Human Resources","Scottish Government","Outside London","20","[c]","[c]","[c]"
"New entrant CS","2023","White","Human Resources","The National Archives","London","[c]","[c]","[c]","[c]"
"New entrant CS","2023","White","Human Resources","UK Statistics Authority","London","[c]","[c]","[c]","[c]"
"New entrant CS","2023","White","Human Resources","UK Statistics Authority","Outside London","30","[c]","31950","31060"
"New entrant CS","2023","White","Human Resources","UK Supreme Court","London","[c]","[c]","[c]","[c]"
"New entrant CS","2023","White","Human Resources","Water Services Regulation Authority","Outside London","[c]","[c]","[c]","[c]"
"New entrant CS","2023","White","Internal Audit","Department for Business, Energy and Industrial Strategy","Outside London","[c]","[c]","[c]","[c]"
"New entrant CS","2023","White","Internal Audit","HM Revenue and Customs","London","[c]","[c]","[c]","[c]"
"New entrant CS","2023","White","Internal Audit","HM Revenue and Customs","Outside London","[c]","[c]","[c]","[c]"
"New entrant CS","2023","White","Internal Audit","HM Treasury","London","[c]","[c]","[c]","[c]"
"New entrant CS","2023","White","Internal Audit","HM Treasury","Outside London","5","[c]","[c]","[c]"
"New entrant CS","2023","White","Internal Audit","HM Treasury","Unknown","[c]","[c]","[c]","[c]"
"New entrant CS","2023","White","Internal Audit","Ministry of Defence","London","[c]","[c]","[c]","[c]"
"New entrant CS","2023","White","Internal Audit","Ministry of Defence","Outside London","10","[c]","[c]","[c]"
"New entrant CS","2023","White","Internal Audit","Ministry of Defence","Overseas","[c]","[c]","[c]","[c]"
"New entrant CS","2023","White","Internal Audit","UK Export Finance","London","[c]","[c]","[c]","[c]"
"New entrant CS","2023","White","Internal Audit","UK Statistics Authority","Outside London","[c]","[c]","[c]","[c]"
"New entrant CS","2023","White","Legal","Attorney General's Departments","London","225","[c]","38370","32660"
"New entrant CS","2023","White","Legal","Attorney General's Departments","Outside London","495","[c]","30030","25420"
"New entrant CS","2023","White","Legal","Cabinet Office","London","[c]","[c]","[c]","[c]"
"New entrant CS","2023","White","Legal","Charity Commission","London","[c]","[c]","[c]","[c]"
"New entrant CS","2023","White","Legal","Competition and Markets Authority","London","15","[c]","[c]","[c]"
"New entrant CS","2023","White","Legal","Competition and Markets Authority","Outside London","[c]","[c]","[c]","[c]"
"New entrant CS","2023","White","Legal","Department for Business, Energy and Industrial Strategy","London","[c]","[c]","[c]","[c]"
"New entrant CS","2023","White","Legal","Department for Business, Energy and Industrial Strategy","Outside London","10","[c]","[c]","[c]"
"New entrant CS","2023","White","Legal","Department for Education","London","[c]","[c]","[c]","[c]"
"New entrant CS","2023","White","Legal","Department for Education","Outside London","5","[c]","[c]","[c]"
"New entrant CS","2023","White","Legal","Department for Work and Pensions","Outside London","[c]","[c]","[c]","[c]"
"New entrant CS","2023","White","Legal","Department of Health and Social Care","London","[c]","[c]","[c]","[c]"
"New entrant CS","2023","White","Legal","Department of Health and Social Care","Outside London","10","[c]","[c]","[c]"
"New entrant CS","2023","White","Legal","Food Standards Agency","London","[c]","[c]","[c]","[c]"
"New entrant CS","2023","White","Legal","Food Standards Agency","Outside London","[c]","[c]","[c]","[c]"
"New entrant CS","2023","White","Legal","HM Land Registry","London","[c]","[c]","[c]","[c]"
"New entrant CS","2023","White","Legal","HM Land Registry","Outside London","10","[c]","[c]","[c]"
"New entrant CS","2023","White","Legal","HM Revenue and Customs","London","10","[c]","[c]","[c]"
"New entrant CS","2023","White","Legal","HM Revenue and Customs","Outside London","35","[c]","39060","52600"
"New entrant CS","2023","White","Legal","HM Treasury","London","[c]","[c]","[c]","[c]"
"New entrant CS","2023","White","Legal","Ministry of Defence","London","[c]","[c]","[c]","[c]"
"New entrant CS","2023","White","Legal","Ministry of Defence","Overseas","[c]","[c]","[c]","[c]"
"New entrant CS","2023","White","Legal","Ministry of Justice","London","10","[c]","[c]","[c]"
"New entrant CS","2023","White","Legal","Ministry of Justice","Outside London","30","[c]","[c]","[c]"
"New entrant CS","2023","White","Legal","Ministry of Justice","Unknown","[c]","[c]","[c]","[c]"
"New entrant CS","2023","White","Legal","National Crime Agency","London","[c]","[c]","[c]","[c]"
"New entrant CS","2023","White","Legal","Office for Standards in Education, Children's Services and Skills","London","[c]","[c]","[c]","[c]"
"New entrant CS","2023","White","Legal","Office of Gas and Electricity Markets","London","10","[c]","[c]","[c]"
"New entrant CS","2023","White","Legal","Office of Gas and Electricity Markets","Outside London","[c]","[c]","[c]","[c]"
"New entrant CS","2023","White","Legal","Office of Qualifications and Examinations Regulation","Outside London","[c]","[c]","[c]","[c]"
"New entrant CS","2023","White","Legal","Office of Rail and Road","London","[c]","[c]","[c]","[c]"
"New entrant CS","2023","White","Legal","Office of Rail and Road","Outside London","[c]","[c]","[c]","[c]"
"New entrant CS","2023","White","Legal","Scottish Government","Outside London","35","[c]","52200","52360"
"New entrant CS","2023","White","Legal","UK Export Finance","London","[c]","[c]","[c]","[c]"
"New entrant CS","2023","White","Legal","UK Supreme Court","London","10","[c]","[c]","[c]"
"New entrant CS","2023","White","Legal","Water Services Regulation Authority","London","[c]","[c]","[c]","[c]"
"New entrant CS","2023","White","Legal","Water Services Regulation Authority","Outside London","[c]","[c]","[c]","[c]"
"New entrant CS","2023","White","Legal","Welsh Government","London","[c]","[c]","[c]","[c]"
"New entrant CS","2023","White","No function","Attorney General's Departments","London","5","[c]","[c]","[c]"
"New entrant CS","2023","White","No function","Cabinet Office","London","55","[c]","39320","35240"
"New entrant CS","2023","White","No function","Cabinet Office","Outside London","15","[c]","[c]","[c]"
"New entrant CS","2023","White","No function","Cabinet Office","Unknown","[c]","[c]","[c]","[c]"
"New entrant CS","2023","White","No function","Chancellor's other departments","London","[c]","[c]","[c]","[c]"
"New entrant CS","2023","White","No function","Chancellor's other departments","Outside London","[c]","[c]","[c]","[c]"
"New entrant CS","2023","White","No function","Charity Commission","London","[c]","[c]","[c]","[c]"
"New entrant CS","2023","White","No function","Charity Commission","Outside London","25","[c]","[c]","[c]"
"New entrant CS","2023","White","No function","Department for Business, Energy and Industrial Strategy","London","90","[c]","37150","34410"
"New entrant CS","2023","White","No function","Department for Business, Energy and Industrial Strategy","Outside London","215","[c]","31330","26890"
"New entrant CS","2023","White","No function","Department for Digital, Culture, Media and Sport","London","50","[c]","35550","35040"
"New entrant CS","2023","White","No function","Department for Digital, Culture, Media and Sport","Outside London","15","[c]","[c]","[c]"
"New entrant CS","2023","White","No function","Department for Education","London","20","[c]","[c]","[c]"
"New entrant CS","2023","White","No function","Department for Education","Outside London","85","[c]","33200","30330"
"New entrant CS","2023","White","No function","Department for Environment, Food and Rural Affairs","London","180","[c]","40440","35760"
"New entrant CS","2023","White","No function","Department for Environment, Food and Rural Affairs","Outside London","510","[c]","30770","25920"
"New entrant CS","2023","White","No function","Department for Environment, Food and Rural Affairs","Unknown","[c]","[c]","[c]","[c]"
"New entrant CS","2023","White","No function","Department for International Trade","London","100","[c]","40000","35010"
"New entrant CS","2023","White","No function","Department for International Trade","Outside London","245","[c]","41190","39760"
"New entrant CS","2023","White","No function","Department for Levelling Up, Housing and Communities","London","45","[c]","40910","35380"
"New entrant CS","2023","White","No function","Department for Levelling Up, Housing and Communities","Outside London","115","[c]","39950","41840"
"New entrant CS","2023","White","No function","Department for Transport","London","75","[c]","39050","35400"
"New entrant CS","2023","White","No function","Department for Transport","Outside London","700","[c]","25160","22500"
"New entrant CS","2023","White","No function","Department for Work and Pensions","London","[c]","[c]","[c]","[c]"
"New entrant CS","2023","White","No function","Department for Work and Pensions","Outside London","1230","[c]","26050","21690"
"New entrant CS","2023","White","No function","Department for Work and Pensions","Unknown","[c]","[c]","[c]","[c]"
"New entrant CS","2023","White","No function","Department of Health and Social Care","London","120","[c]","45440","40510"
"New entrant CS","2023","White","No function","Department of Health and Social Care","Outside London","210","[c]","40360","33000"
"New entrant CS","2023","White","No function","Food Standards Agency","London","[c]","[c]","[c]","[c]"
"New entrant CS","2023","White","No function","Food Standards Agency","Outside London","45","[c]","32630","31110"
"New entrant CS","2023","White","No function","HM Land Registry","London","[c]","[c]","[c]","[c]"
"New entrant CS","2023","White","No function","HM Land Registry","Outside London","80","[c]","24520","23390"
"New entrant CS","2023","White","No function","HM Revenue and Customs","London","25","[c]","[c]","[c]"
"New entrant CS","2023","White","No function","HM Revenue and Customs","Outside London","885","[c]","24770","22520"
"New entrant CS","2023","White","No function","HM Treasury","London","85","[c]","34770","28500"
"New entrant CS","2023","White","No function","HM Treasury","Outside London","50","[c]","30760","28500"
"New entrant CS","2023","White","No function","Home Office","London","150","[c]","32820","29750"
"New entrant CS","2023","White","No function","Home Office","Outside London","1110","[c]","24900","25750"
"New entrant CS","2023","White","No function","Home Office","Overseas","[c]","[c]","[c]","[c]"
"New entrant CS","2023","White","No function","Home Office","Unknown","5","[c]","[c]","[c]"
"New entrant CS","2023","White","No function","Ministry of Defence","London","65","[c]","38840","34850"
"New entrant CS","2023","White","No function","Ministry of Defence","Outside London","1235","[c]","30900","27080"
"New entrant CS","2023","White","No function","Ministry of Defence","Overseas","5","[c]","[c]","[c]"
"New entrant CS","2023","White","No function","Ministry of Justice","London","375","[c]","31370","29660"
"New entrant CS","2023","White","No function","Ministry of Justice","Outside London","6980","[c]","25470","23640"
"New entrant CS","2023","White","No function","Ministry of Justice","Unknown","35","[c]","26390","27750"
"New entrant CS","2023","White","No function","National Crime Agency","London","70","[c]","42040","39630"
"New entrant CS","2023","White","No function","National Crime Agency","Outside London","230","[c]","36110","36040"
"New entrant CS","2023","White","No function","National Crime Agency","Overseas","[c]","[c]","[c]","[c]"
"New entrant CS","2023","White","No function","National Crime Agency","Unknown","[c]","[c]","[c]","[c]"
"New entrant CS","2023","White","No function","Office for Standards in Education, Children's Services and Skills","London","35","[c]","56110","52750"
"New entrant CS","2023","White","No function","Office for Standards in Education, Children's Services and Skills","Outside London","245","[c]","55550","52750"
"New entrant CS","2023","White","No function","Office of Gas and Electricity Markets","London","50","[c]","42990","33400"
"New entrant CS","2023","White","No function","Office of Gas and Electricity Markets","Outside London","85","[c]","29460","24450"
"New entrant CS","2023","White","No function","Office of Qualifications and Examinations Regulation","Outside London","45","[c]","40340","34000"
"New entrant CS","2023","White","No function","Office of Rail and Road","London","5","[c]","[c]","[c]"
"New entrant CS","2023","White","No function","Office of Rail and Road","Outside London","10","[c]","[c]","[c]"
"New entrant CS","2023","White","No function","Office of the Secretary of State for Scotland","London","[c]","[c]","[c]","[c]"
"New entrant CS","2023","White","No function","Office of the Secretary of State for Scotland","Outside London","[c]","[c]","[c]","[c]"
"New entrant CS","2023","White","No function","Office of the Secretary of State for Wales","London","[c]","[c]","[c]","[c]"
"New entrant CS","2023","White","No function","Office of the Secretary of State for Wales","Outside London","[c]","[c]","[c]","[c]"
"New entrant CS","2023","White","No function","Scottish Government","Outside London","270","[c]","25010","23190"
"New entrant CS","2023","White","No function","The National Archives","London","45","[c]","28850","29840"
"New entrant CS","2023","White","No function","The National Archives","Outside London","[c]","[c]","[c]","[c]"
"New entrant CS","2023","White","No function","UK Statistics Authority","London","[c]","[c]","[c]","[c]"
"New entrant CS","2023","White","No function","UK Statistics Authority","Outside London","360","[c]","23920","21200"
"New entrant CS","2023","White","No function","Water Services Regulation Authority","London","5","[c]","[c]","[c]"
"New entrant CS","2023","White","No function","Water Services Regulation Authority","Outside London","10","[c]","[c]","[c]"
"New entrant CS","2023","White","Project Delivery","Attorney General's Departments","London","[c]","[c]","[c]","[c]"
"New entrant CS","2023","White","Project Delivery","Cabinet Office","London","45","[c]","28750","28840"
"New entrant CS","2023","White","Project Delivery","Cabinet Office","Outside London","35","[c]","32390","28840"
"New entrant CS","2023","White","Project Delivery","Chancellor's other departments","London","[c]","[c]","[c]","[c]"
"New entrant CS","2023","White","Project Delivery","Chancellor's other departments","Outside London","[c]","[c]","[c]","[c]"
"New entrant CS","2023","White","Project Delivery","Charity Commission","London","[c]","[c]","[c]","[c]"
"New entrant CS","2023","White","Project Delivery","Charity Commission","Outside London","[c]","[c]","[c]","[c]"
"New entrant CS","2023","White","Project Delivery","Competition and Markets Authority","London","30","[c]","49760","37290"
"New entrant CS","2023","White","Project Delivery","Competition and Markets Authority","Outside London","10","[c]","[c]","[c]"
"New entrant CS","2023","White","Project Delivery","Department for Business, Energy and Industrial Strategy","London","[c]","[c]","[c]","[c]"
"New entrant CS","2023","White","Project Delivery","Department for Business, Energy and Industrial Strategy","Outside London","75","[c]","35120","37420"
"New entrant CS","2023","White","Project Delivery","Department for Digital, Culture, Media and Sport","London","5","[c]","[c]","[c]"
"New entrant CS","2023","White","Project Delivery","Department for Digital, Culture, Media and Sport","Outside London","[c]","[c]","[c]","[c]"
"New entrant CS","2023","White","Project Delivery","Department for Education","London","10","[c]","[c]","[c]"
"New entrant CS","2023","White","Project Delivery","Department for Education","Outside London","40","[c]","43780","43250"
"New entrant CS","2023","White","Project Delivery","Department for Environment, Food and Rural Affairs","Outside London","25","[c]","[c]","[c]"
"New entrant CS","2023","White","Project Delivery","Department for International Trade","London","[c]","[c]","[c]","[c]"
"New entrant CS","2023","White","Project Delivery","Department for International Trade","Outside London","5","[c]","[c]","[c]"
"New entrant CS","2023","White","Project Delivery","Department for Levelling Up, Housing and Communities","London","5","[c]","[c]","[c]"
"New entrant CS","2023","White","Project Delivery","Department for Levelling Up, Housing and Communities","Outside London","[c]","[c]","[c]","[c]"
"New entrant CS","2023","White","Project Delivery","Department for Transport","London","5","[c]","[c]","[c]"
"New entrant CS","2023","White","Project Delivery","Department for Transport","Outside London","5","[c]","[c]","[c]"
"New entrant CS","2023","White","Project Delivery","Department for Work and Pensions","London","5","[c]","[c]","[c]"
"New entrant CS","2023","White","Project Delivery","Department for Work and Pensions","Outside London","20","[c]","[c]","[c]"
"New entrant CS","2023","White","Project Delivery","Department of Health and Social Care","London","50","[c]","48370","41190"
"New entrant CS","2023","White","Project Delivery","Department of Health and Social Care","Outside London","15","[c]","[c]","[c]"
"New entrant CS","2023","White","Project Delivery","Estyn","Outside London","10","[c]","[c]","[c]"
"New entrant CS","2023","White","Project Delivery","Food Standards Agency","Outside London","[c]","[c]","[c]","[c]"
"New entrant CS","2023","White","Project Delivery","Foreign, Commonwealth and Development Office","Outside London","15","[c]","[c]","[c]"
"New entrant CS","2023","White","Project Delivery","HM Land Registry","London","[c]","[c]","[c]","[c]"
"New entrant CS","2023","White","Project Delivery","HM Land Registry","Outside London","[c]","[c]","[c]","[c]"
"New entrant CS","2023","White","Project Delivery","HM Revenue and Customs","London","10","[c]","[c]","[c]"
"New entrant CS","2023","White","Project Delivery","HM Revenue and Customs","Outside London","55","[c]","41520","35280"
"New entrant CS","2023","White","Project Delivery","HM Treasury","London","[c]","[c]","[c]","[c]"
"New entrant CS","2023","White","Project Delivery","HM Treasury","Outside London","[c]","[c]","[c]","[c]"
"New entrant CS","2023","White","Project Delivery","Home Office","London","[c]","[c]","[c]","[c]"
"New entrant CS","2023","White","Project Delivery","Home Office","Outside London","[c]","[c]","[c]","[c]"
"New entrant CS","2023","White","Project Delivery","Ministry of Defence","London","10","[c]","[c]","[c]"
"New entrant CS","2023","White","Project Delivery","Ministry of Defence","Outside London","515","[c]","35340","33000"
"New entrant CS","2023","White","Project Delivery","Ministry of Justice","London","10","[c]","[c]","[c]"
"New entrant CS","2023","White","Project Delivery","Ministry of Justice","Outside London","15","[c]","[c]","[c]"
"New entrant CS","2023","White","Project Delivery","National Crime Agency","London","[c]","[c]","[c]","[c]"
"New entrant CS","2023","White","Project Delivery","National Crime Agency","Outside London","10","[c]","[c]","[c]"
"New entrant CS","2023","White","Project Delivery","Office of Gas and Electricity Markets","London","5","[c]","[c]","[c]"
"New entrant CS","2023","White","Project Delivery","Office of Gas and Electricity Markets","Outside London","5","[c]","[c]","[c]"
"New entrant CS","2023","White","Project Delivery","Scottish Government","Outside London","[c]","[c]","[c]","[c]"
"New entrant CS","2023","White","Project Delivery","UK Export Finance","London","[c]","[c]","[c]","[c]"
"New entrant CS","2023","White","Project Delivery","UK Statistics Authority","London","[c]","[c]","[c]","[c]"
"New entrant CS","2023","White","Project Delivery","UK Statistics Authority","Outside London","30","[c]","41290","37690"
"New entrant CS","2023","White","Project Delivery","Water Services Regulation Authority","London","[c]","[c]","[c]","[c]"
"New entrant CS","2023","White","Project Delivery","Water Services Regulation Authority","Outside London","[c]","[c]","[c]","[c]"
"New entrant CS","2023","White","Property","Attorney General's Departments","Outside London","[c]","[c]","[c]","[c]"
"New entrant CS","2023","White","Property","Cabinet Office","London","15","[c]","[c]","[c]"
"New entrant CS","2023","White","Property","Cabinet Office","Outside London","50","[c]","47340","41460"
"New entrant CS","2023","White","Property","Cabinet Office","Unknown","[c]","[c]","[c]","[c]"
"New entrant CS","2023","White","Property","Chancellor's other departments","London","[c]","[c]","[c]","[c]"
"New entrant CS","2023","White","Property","Competition and Markets Authority","London","[c]","[c]","[c]","[c]"
"New entrant CS","2023","White","Property","Department for Business, Energy and Industrial Strategy","Outside London","[c]","[c]","[c]","[c]"
"New entrant CS","2023","White","Property","Department for Environment, Food and Rural Affairs","London","[c]","[c]","[c]","[c]"
"New entrant CS","2023","White","Property","Department for Environment, Food and Rural Affairs","Outside London","35","[c]","39060","30320"
"New entrant CS","2023","White","Property","Department for Levelling Up, Housing and Communities","London","[c]","[c]","[c]","[c]"
"New entrant CS","2023","White","Property","Department for Transport","London","[c]","[c]","[c]","[c]"
"New entrant CS","2023","White","Property","Department for Transport","Outside London","5","[c]","[c]","[c]"
"New entrant CS","2023","White","Property","Department for Work and Pensions","London","5","[c]","[c]","[c]"
"New entrant CS","2023","White","Property","Department for Work and Pensions","Outside London","15","[c]","[c]","[c]"
"New entrant CS","2023","White","Property","Department of Health and Social Care","London","[c]","[c]","[c]","[c]"
"New entrant CS","2023","White","Property","Department of Health and Social Care","Outside London","[c]","[c]","[c]","[c]"
"New entrant CS","2023","White","Property","HM Revenue and Customs","London","5","[c]","[c]","[c]"
"New entrant CS","2023","White","Property","HM Revenue and Customs","Outside London","165","[c]","25830","22520"
"New entrant CS","2023","White","Property","Home Office","London","[c]","[c]","[c]","[c]"
"New entrant CS","2023","White","Property","Home Office","Outside London","[c]","[c]","[c]","[c]"
"New entrant CS","2023","White","Property","Ministry of Defence","London","[c]","[c]","[c]","[c]"
"New entrant CS","2023","White","Property","Ministry of Defence","Outside London","115","[c]","33360","33830"
"New entrant CS","2023","White","Property","Ministry of Defence","Overseas","[c]","[c]","[c]","[c]"
"New entrant CS","2023","White","Property","Ministry of Justice","London","[c]","[c]","[c]","[c]"
"New entrant CS","2023","White","Property","Ministry of Justice","Outside London","20","[c]","[c]","[c]"
"New entrant CS","2023","White","Property","National Crime Agency","London","[c]","[c]","[c]","[c]"
"New entrant CS","2023","White","Property","National Crime Agency","Outside London","[c]","[c]","[c]","[c]"
"New entrant CS","2023","White","Property","Office of Gas and Electricity Markets","London","[c]","[c]","[c]","[c]"
"New entrant CS","2023","White","Property","Office of Gas and Electricity Markets","Outside London","[c]","[c]","[c]","[c]"
"New entrant CS","2023","White","Property","Office of Qualifications and Examinations Regulation","Outside London","[c]","[c]","[c]","[c]"
"New entrant CS","2023","White","Property","Scottish Government","Outside London","5","[c]","[c]","[c]"
"New entrant CS","2023","White","Property","The National Archives","London","[c]","[c]","[c]","[c]"
"New entrant CS","2023","White","Property","UK Supreme Court","London","[c]","[c]","[c]","[c]"
"New entrant CS","2023","White","Security","Attorney General's Departments","London","[c]","[c]","[c]","[c]"
"New entrant CS","2023","White","Security","Attorney General's Departments","Outside London","[c]","[c]","[c]","[c]"
"New entrant CS","2023","White","Security","Cabinet Office","London","[c]","[c]","[c]","[c]"
"New entrant CS","2023","White","Security","Cabinet Office","Outside London","115","[c]","28390","24330"
"New entrant CS","2023","White","Security","Cabinet Office","Unknown","[c]","[c]","[c]","[c]"
"New entrant CS","2023","White","Security","Department for Business, Energy and Industrial Strategy","Outside London","[c]","[c]","[c]","[c]"
"New entrant CS","2023","White","Security","Department for Digital, Culture, Media and Sport","London","[c]","[c]","[c]","[c]"
"New entrant CS","2023","White","Security","Department for Digital, Culture, Media and Sport","Outside London","[c]","[c]","[c]","[c]"
"New entrant CS","2023","White","Security","Department for International Trade","Outside London","[c]","[c]","[c]","[c]"
"New entrant CS","2023","White","Security","Department for Transport","London","[c]","[c]","[c]","[c]"
"New entrant CS","2023","White","Security","Department for Transport","Outside London","[c]","[c]","[c]","[c]"
"New entrant CS","2023","White","Security","Department for Work and Pensions","London","[c]","[c]","[c]","[c]"
"New entrant CS","2023","White","Security","Department for Work and Pensions","Outside London","[c]","[c]","[c]","[c]"
"New entrant CS","2023","White","Security","Department of Health and Social Care","London","[c]","[c]","[c]","[c]"
"New entrant CS","2023","White","Security","Department of Health and Social Care","Outside London","[c]","[c]","[c]","[c]"
"New entrant CS","2023","White","Security","Estyn","Outside London","[c]","[c]","[c]","[c]"
"New entrant CS","2023","White","Security","Food Standards Agency","Outside London","[c]","[c]","[c]","[c]"
"New entrant CS","2023","White","Security","HM Revenue and Customs","London","[c]","[c]","[c]","[c]"
"New entrant CS","2023","White","Security","HM Revenue and Customs","Outside London","[c]","[c]","[c]","[c]"
"New entrant CS","2023","White","Security","Home Office","London","[c]","[c]","[c]","[c]"
"New entrant CS","2023","White","Security","Home Office","Outside London","[c]","[c]","[c]","[c]"
"New entrant CS","2023","White","Security","Ministry of Defence","London","10","[c]","[c]","[c]"
"New entrant CS","2023","White","Security","Ministry of Defence","Outside London","265","[c]","28650","27500"
"New entrant CS","2023","White","Security","Ministry of Defence","Overseas","[c]","[c]","[c]","[c]"
"New entrant CS","2023","White","Security","Ministry of Justice","London","[c]","[c]","[c]","[c]"
"New entrant CS","2023","White","Security","Ministry of Justice","Outside London","5","[c]","[c]","[c]"
"New entrant CS","2023","White","Security","National Crime Agency","London","[c]","[c]","[c]","[c]"
"New entrant CS","2023","White","Security","National Crime Agency","Outside London","[c]","[c]","[c]","[c]"
"New entrant CS","2023","White","Security","Northern Ireland Office","Outside London","[c]","[c]","[c]","[c]"
"New entrant CS","2023","White","Security","Office of Gas and Electricity Markets","London","[c]","[c]","[c]","[c]"
"New entrant CS","2023","White","Security","Office of Gas and Electricity Markets","Outside London","[c]","[c]","[c]","[c]"
"New entrant CS","2023","White","Security","UK Export Finance","London","[c]","[c]","[c]","[c]"
"New entrant CS","2023","White","Security","UK Statistics Authority","London","[c]","[c]","[c]","[c]"
"New entrant CS","2023","White","Security","UK Statistics Authority","Outside London","[c]","[c]","[c]","[c]"
"New entrant CS","2023","White","Unknown","Attorney General's Departments","London","[c]","[c]","[c]","[c]"
"New entrant CS","2023","White","Unknown","Attorney General's Departments","Outside London","[c]","[c]","[c]","[c]"
"New entrant CS","2023","White","Unknown","Cabinet Office","London","125","[c]","28840","28840"
"New entrant CS","2023","White","Unknown","Cabinet Office","Outside London","40","[c]","28910","28840"
"New entrant CS","2023","White","Unknown","Cabinet Office","Unknown","[c]","[c]","[c]","[c]"
"New entrant CS","2023","White","Unknown","Department for Business, Energy and Industrial Strategy","Outside London","[c]","[c]","[c]","[c]"
"New entrant CS","2023","White","Unknown","Department for Education","London","[c]","[c]","[c]","[c]"
"New entrant CS","2023","White","Unknown","Department for Education","Outside London","20","[c]","[c]","[c]"
"New entrant CS","2023","White","Unknown","Department for Environment, Food and Rural Affairs","Outside London","[c]","[c]","[c]","[c]"
"New entrant CS","2023","White","Unknown","Department for International Trade","London","[c]","[c]","[c]","[c]"
"New entrant CS","2023","White","Unknown","Department for International Trade","Outside London","[c]","[c]","[c]","[c]"
"New entrant CS","2023","White","Unknown","Department for Work and Pensions","London","30","[c]","40510","39150"
"New entrant CS","2023","White","Unknown","Department for Work and Pensions","Outside London","160","[c]","28700","28120"
"New entrant CS","2023","White","Unknown","Department for Work and Pensions","Unknown","[c]","[c]","[c]","[c]"
"New entrant CS","2023","White","Unknown","Department of Health and Social Care","London","15","[c]","[c]","[c]"
"New entrant CS","2023","White","Unknown","Department of Health and Social Care","Outside London","[c]","[c]","[c]","[c]"
"New entrant CS","2023","White","Unknown","HM Revenue and Customs","Outside London","[c]","[c]","[c]","[c]"
"New entrant CS","2023","White","Unknown","Ministry of Defence","London","[c]","[c]","[c]","[c]"
"New entrant CS","2023","White","Unknown","Ministry of Defence","Outside London","230","[c]","32120","28360"
"New entrant CS","2023","White","Unknown","Ministry of Defence","Unknown","[c]","[c]","[c]","[c]"
"New entrant CS","2023","White","Unknown","Northern Ireland Office","London","[c]","[c]","[c]","[c]"
"New entrant CS","2023","White","Unknown","Northern Ireland Office","Outside London","[c]","[c]","[c]","[c]"
"New entrant CS","2023","White","Unknown","Office of Gas and Electricity Markets","London","10","[c]","[c]","[c]"
"New entrant CS","2023","White","Unknown","Office of Gas and Electricity Markets","Outside London","20","[c]","[c]","[c]"
"New entrant CS","2023","White","Unknown","Office of the Secretary of State for Scotland","London","[c]","[c]","[c]","[c]"
"New entrant CS","2023","White","Unknown","Office of the Secretary of State for Scotland","Outside London","[c]","[c]","[c]","[c]"
"New entrant CS","2023","White","Unknown","Scottish Government","London","[c]","[c]","[c]","[c]"
"New entrant CS","2023","White","Unknown","Scottish Government","Outside London","1010","[c]","33280","29100"
"New entrant CS","2023","White","Unknown","Scottish Government","Overseas","[c]","[c]","[c]","[c]"
"New entrant CS","2023","White","Unknown","Welsh Government","London","[c]","[c]","[c]","[c]"
"New entrant CS","2023","White","Unknown","Welsh Government","Outside London","250","[c]","33890","32460"
"Notes","Summary figures are suppressed when information relates to less than 5 civil servants for FTE or Headcount, and less than 10 civil servants for median and mean salary (shown as [c]). Zero responses and salaries for less than 30 civil servants have been suppressed for GPDR special category data. FTE figures are not shown for entrants or leavers due to data quality concerns for these groups. Figures are rounded to the nearest 5, or £10 as appropriate.","","","","","","","",""
"Data source","All figures are aggregated from the Cabinet Office Annual Civil Service Employment Survey collection. https://www.gov.uk/government/collections/civil-service-statistics","","","","","","","",""
"Version","Generated on 2023-07-28, with GIT d545f65.","","","","","","","",""
"Data column","Description","","","","","","","",""
"Status","Employment status of the civil servants.","","","","","","","",""
"","In post - includes staff that were in post on the reference date (31 March).","","","","","","","",""
"","New entrant CS - includes new entrants to the Civil Service over the year (1 April to 31 March).","","","","","","","",""
"","Leaver CS - includes leavers from the Civil Service over the year (1 April to 31 March). This includes employees who have an Unknown leaving cause.","","","","","","","",""
"","Leaver Dept. - includes leavers from the department over the year (1 April to 31 March), who did not leave the Civil Service.","","","","","","","",""
"","Four organisations do not report when their employees first entered the Civil Service and so entrants data for these organisations is not available . These are as follows: Foreign Commonwealth and Development Office (excl. agencies), Foreign Commonwealth and Development Office Services, Scottish Forestry and Forest and Land Scotland. A further three organisations also could not provide entrants data in 2021. These are as follows: Department for International Development, Foreign and Commonwealth Office (excl. agencies) and Royal Fleet Auxiliary.","","","","","","","",""
"Year","Year of data collection (as at 31 March).","","","","","","","",""
"Parent_department","Government Department, total figures for both Ministerial and Non-Ministerial Departments include all of their Executive Agencies.","","","","","","","",""
"Region_london","Workplace postcode data are used to derive geographical information using the International Territorial Level (ITL) classification standard.","","","","","","","",""
"","Region_london groups the ITL classifications into ""London"", ""Outside London"": all UK regions excluding London, ""Overseas"", and ""Unknown"".","","","","","","","",""
"Function_of_post","Functions relate to the post occupied by the person and are not dependent on qualifications the individual may have.","","","","","","","",""
"","Welsh Government and Royal Fleet Auxiliary did not report any functions information for their employees.","","","","","","","",""
"","Of the 20 bodies under the Scottish Government, 16 did not report any functions information for their employees.","","","","","","","",""
"Ethnicity","Self reported ethnicity. ""Undeclared"" accounts for employees who have actively declared that they do not want to disclose their ethnicity and ""Unknown"" accounts for employees who have not made an active declaration about their ethnicity.","","","","","","","",""
"Headcount","Total number of civil servants (rounded to nearest 5).","","","","","","","",""
"FTE","Total full-time equivalent (FTE) employment numbers (rounded to nearest 5).","","","","","","","",""
"","FTE figures are not shown for entrants or leavers due to data quality concerns for these groups.","","","","","","","",""
"Mean_salary","Average salary (mean, rounded to nearest £10). For part-time employees, salaries represent the full-time equivalent earnings, while for full-time employees they are the actual annual gross salaries.","","","","","","","",""
"","These figures should be interpreted with caution when the total number of employees in a group is small, as they will tend to show more variability than larger groups (i.e. may be much higher or lower than can be explained by the data shown).","","","","","","","",""
"Median_salary","Median salary (rounded to nearest £10). For part-time employees, salaries represent the full-time equivalent earnings, while for full-time employees they are the actual annual gross salaries.","","","","","","","",""
"","These figures should be interpreted with caution when the total number of employees in a group is small, as they will tend to show more variability than larger groups (i.e. may be much higher or lower than can be explained by the data shown).","","","","","","","",""
